2 0.4453125 0.27109375 0.06875 0.07578125
2 0.62890625 0.234375 0.07421875 0.09609375
2 0.8125 0.25078125 0.0484375 0.0640625
0 0.84921875 0.52265625 0.03203125 0.08828125
0 0.675 0.6171875 0.0515625 0.12734375
0 0.42421875 0.53125 0.046875 0.06484375
7 0.43984375 0.7671875 0.07109375 0.16171875
7 0.63203125 0.8421875 0.09296875 0.225
7 0.80390625 0.784375 0.08828125 0.13828125
1 0.61484375 0.28359375 0.0328125 0.03671875
1 0.80859375 0.28671875 0.0421875 0.0234375
7 0.8015625 0.771875 0.0625 0.0671875
7 0.84921875 0.77265625 0.028125 0.03828125