2 0.09609375 0.36953125 0.0515625 0.05625
7 0.50625 0.7359375 0.07890625 0.046875
7 0.11953125 0.72734375 0.06953125 0.046875
2 0.57421875 0.5015625 0.05703125 0.071875
2 0.36328125 0.4453125 0.06015625 0.065625
2 0.496875 0.40390625 0.05703125 0.0625
2 0.44453125 0.37265625 0.04375 0.0609375
2 0.3328125 0.375 0.05234375 0.05703125
2 0.39609375 0.38125 0.05390625 0.059375
4 0.1046875 0.3796875 0.03125 0.015625
7 0.43984375 0.728125 0.0640625 0.05078125
7 0.3171875 0.72734375 0.07421875 0.0390625
7 0.3703125 0.696875 0.05625 0.04140625
4 0.36796875 0.45546875 0.0359375 0.01875
4 0.5046875 0.4109375 0.0328125 0.01875
3 0.5234375 0.65625 0.02265625 0.0359375