2 0.73984375 0.3609375 0.1578125 0.19375
2 0.165625 0.4875 0.09609375 0.12265625
2 0.1109375 0.42890625 0.0515625 0.075
2 0.2515625 0.49453125 0.08046875 0.11640625
2 0.3640625 0.49375 0.06796875 0.08125
2 0.43359375 0.49296875 0.06328125 0.06171875
2 0.49296875 0.4828125 0.0640625 0.06015625
2 0.3328125 0.453125 0.03203125 0.0359375
4 0.17734375 0.51328125 0.05703125 0.03046875
3 0.4671875 0.68671875 0.06015625 0.05859375
5 0.046875 0.40234375 0.03984375 0.05078125
5 0.01953125 0.46171875 0.0390625 0.06015625
2 0.6578125 0.41015625 0.06015625 0.0640625
0 0.2125 0.71796875 0.05859375 0.046875
0 0.4296875 0.61796875 0.04140625 0.04296875
1 0.740625 0.365625 0.121875 0.053125
4 0.66171875 0.4140625 0.040625 0.0296875
4 0.3546875 0.51015625 0.03984375 0.0375