2 0.3109375 0.3359375 0.08671875 0.11328125
2 0.4359375 0.31484375 0.08828125 0.10546875
2 0.5484375 0.3171875 0.0921875 0.11640625
2 0.83515625 0.32109375 0.08515625 0.084375
2 0.928125 0.3328125 0.08203125 0.10703125
2 0.68515625 0.33984375 0.06875 0.1078125
4 0.31328125 0.3421875 0.05703125 0.02109375
4 0.4328125 0.315625 0.0671875 0.02265625
4 0.53515625 0.31875 0.06328125 0.02265625
4 0.68515625 0.34609375 0.05859375 0.02421875
4 0.828125 0.32578125 0.053125 0.0296875
4 0.92578125 0.33828125 0.07265625 0.0359375
3 0.9515625 0.64375 0.04921875 0.0640625
3 0.44140625 0.5953125 0.0359375 0.05234375
3 0.225 0.60859375 0.03984375 0.053125
3 0.3703125 0.61953125 0.02890625 0.05625
3 0.75 0.58203125 0.0359375 0.05078125
3 0.6359375 0.62578125 0.0421875 0.0625
7 0.37265625 0.80078125 0.06328125 0.08671875
7 0.69921875 0.8078125 0.0625 0.0640625
7 0.81328125 0.80625 0.04140625 0.05625