2 0.275 0.25234375 0.0703125 0.10859375
3 0.165625 0.5234375 0.0453125 0.05390625
2 0.42890625 0.28828125 0.07421875 0.08984375
3 0.478125 0.3296875 0.03515625 0.05859375
3 0.35234375 0.49609375 0.0328125 0.05234375
2 0.7265625 0.3125 0.0828125 0.08671875
7 0.2984375 0.7953125 0.1046875 0.04921875
7 0.18828125 0.81328125 0.090625 0.04453125
7 0.365625 0.7203125 0.0546875 0.034375
2 0.3265625 0.26484375 0.0828125 0.1046875
3 0.653125 0.52109375 0.04453125 0.05859375
3 0.790625 0.53515625 0.04765625 0.05078125
7 0.746875 0.72890625 0.0484375 0.0734375
7 0.45078125 0.70703125 0.0578125 0.05625
7 0.7046875 0.71796875 0.04609375 0.05234375
4 0.7234375 0.3265625 0.05078125 0.0359375
4 0.428125 0.29921875 0.053125 0.021875
4 0.3265625 0.275 0.053125 0.0296875