2 0.2078125 0.56875 0.05078125 0.05625
2 0.1171875 0.534375 0.0546875 0.06171875
2 0.3109375 0.5953125 0.04140625 0.04296875
2 0.359375 0.609375 0.0296875 0.03359375
2 0.16171875 0.56328125 0.02265625 0.0265625
2 0.453125 0.58828125 0.03203125 0.04140625
2 0.5546875 0.60859375 0.034375 0.0359375
2 0.6109375 0.4125 0.040625 0.0375
0 0.296875 0.70703125 0.0265625 0.025
0 0.35546875 0.696875 0.02421875 0.02421875
0 0.384375 0.68515625 0.02265625 0.01640625
0 0.53515625 0.68828125 0.0203125 0.0171875
0 0.5796875 0.6875 0.02421875 0.01640625
3 0.078125 0.6875 0.03515625 0.0296875
7 0.34140625 0.80390625 0.0359375 0.0375
7 0.29921875 0.8109375 0.0265625 0.03984375
2 0.2578125 0.61640625 0.03515625 0.03046875
7 0.7453125 0.42265625 0.03203125 0.02265625
7 0.71640625 0.43203125 0.02890625 0.025