5 0.496875 0.48046875 0.0421875 0.05078125
5 0.65 0.46171875 0.0359375 0.0484375
5 0.3015625 0.49375 0.03828125 0.0484375
5 0.15234375 0.5140625 0.0359375 0.0484375
5 0.85625 0.4484375 0.03671875 0.03984375
5 0.03671875 0.5171875 0.03203125 0.03359375
0 0.4875 0.6390625 0.0234375 0.028125
0 0.35859375 0.621875 0.02109375 0.0171875
0 0.2484375 0.63359375 0.02109375 0.028125
0 0.60625 0.59921875 0.02265625 0.02578125
0 0.81796875 0.5671875 0.015625 0.0203125
0 0.88984375 0.55390625 0.02109375 0.02421875
5 0.45078125 0.490625 0.03984375 0.0390625
5 0.34765625 0.48671875 0.0375 0.03359375
5 0.3890625 0.48203125 0.02890625 0.0265625
5 0.11484375 0.5265625 0.02578125 0.028125
7 0.53671875 0.753125 0.0625 0.04140625
7 0.453125 0.73828125 0.034375 0.04140625
7 0.30390625 0.7453125 0.05234375 0.05078125
7 0.16171875 0.740625 0.028125 0.05234375
7 0.05078125 0.70625 0.02578125 0.02578125
7 0.86015625 0.659375 0.03671875 0.02578125
7 0.8171875 0.653125 0.0359375 0.03515625
7 0.6546875 0.6953125 0.0484375 0.04453125
7 0.58515625 0.684375 0.03203125 0.04453125
7 0.35546875 0.690625 0.0296875 0.03203125
7 0.5421875 0.90703125 0.06015625 0.05234375
7 0.45390625 0.9234375 0.03359375 0.0484375
7 0.30390625 0.925 0.0453125 0.0453125
7 0.35390625 0.971875 0.0390625 0.0375
7 0.16640625 0.93125 0.0453125 0.05234375
7 0.0484375 0.96015625 0.03984375 0.0390625
7 0.65234375 0.9640625 0.04296875 0.03515625
3 0.11953125 0.64375 0.01640625 0.02421875
4 0.30078125 0.49453125 0.040625 0.01171875
4 0.15234375 0.51640625 0.03359375 0.0125
4 0.034375 0.51328125 0.02734375 0.01015625
4 0.1140625 0.5234375 0.02421875 0.01015625
4 0.4984375 0.48046875 0.03984375 0.0140625
4 0.4484375 0.4875 0.02734375 0.009375
4 0.38984375 0.4796875 0.02265625 0.009375
4 0.34765625 0.484375 0.0296875 0.0078125
1 0.6515625 0.45625 0.0328125 0.01484375
4 0.8625 0.4484375 0.02578125 0.01328125
5 0.23984375 0.51171875 0.02421875 0.02421875
5 0.19375 0.5234375 0.01171875 0.01640625