2 0.66171875 0.30234375 0.096875 0.128125
2 0.778125 0.3390625 0.08359375 0.11640625
2 0.09765625 0.3296875 0.1046875 0.1015625
2 0.88515625 0.3671875 0.059375 0.1
2 0.40078125 0.22421875 0.13046875 0.13515625
2 0.95859375 0.41328125 0.06015625 0.07109375
0 0.353125 0.37734375 0.04296875 0.08046875
0 0.1 0.3890625 0.0421875 0.05078125
0 0.13984375 0.3765625 0.05 0.03984375
3 0.27890625 0.38046875 0.0484375 0.04765625
7 0.96953125 0.73984375 0.0609375 0.0546875
7 0.8859375 0.76640625 0.0546875 0.059375
4 0.4 0.228125 0.09375 0.05078125
4 0.65546875 0.3234375 0.07265625 0.0328125
7 0.96640625 0.925 0.0671875 0.0453125
4 0.8796875 0.38046875 0.046875 0.0296875