2 0.24921875 0.41171875 0.171875 0.196875
4 0.28046875 0.4265625 0.12421875 0.05234375
4 0.4640625 0.44375 0.09375 0.03359375
4 0.6671875 0.4984375 0.07890625 0.03046875
5 0.46484375 0.42265625 0.109375 0.15546875
5 0.68125 0.49609375 0.109375 0.13515625
3 0.4765625 0.6640625 0.06484375 0.08828125
3 0.62578125 0.7453125 0.0765625 0.065625
2 0.77109375 0.39921875 0.25859375 0.25
2 0.36328125 0.459375 0.0640625 0.10703125
4 0.36015625 0.4640625 0.05 0.03046875
3 0.5046875 0.6921875 0.06328125 0.07734375
3 0.4796875 0.71328125 0.0796875 0.06171875
3 0.62109375 0.92265625 0.0640625 0.0671875
3 0.484375 0.959375 0.078125 0.08125
5 0.98125 0.4640625 0.0375 0.06875
5 0.9484375 0.475 0.05546875 0.0484375