5 0.22578125 0.47265625 0.04140625 0.06171875
5 0.346875 0.465625 0.04921875 0.06015625
5 0.44765625 0.48671875 0.0421875 0.0546875
5 0.5359375 0.48515625 0.0375 0.05234375
5 0.63828125 0.4828125 0.0328125 0.04921875
5 0.72109375 0.49609375 0.04140625 0.046875
3 0.184375 0.65078125 0.02421875 0.03359375
7 0.19921875 0.80234375 0.04765625 0.05078125
7 0.253125 0.7953125 0.0453125 0.046875
7 0.315625 0.7921875 0.03984375 0.04296875
7 0.36171875 0.7859375 0.046875 0.0390625
7 0.42421875 0.7859375 0.04140625 0.0390625
7 0.4640625 0.78359375 0.040625 0.0375
7 0.51484375 0.78046875 0.04296875 0.0359375
7 0.5515625 0.77890625 0.040625 0.034375
7 0.6125 0.77578125 0.0390625 0.03984375
7 0.65703125 0.77578125 0.0390625 0.03984375
3 0.2734375 0.6453125 0.02890625 0.02734375
3 0.68046875 0.6453125 0.02578125 0.0265625
4 0.346875 0.46328125 0.04375 0.01953125
4 0.22421875 0.46953125 0.0375 0.0171875
4 0.44765625 0.48359375 0.0359375 0.0140625
4 0.534375 0.4796875 0.03671875 0.0125
4 0.63671875 0.4828125 0.03203125 0.015625
4 0.7203125 0.4953125 0.0390625 0.0140625
7 0.74375 0.775 0.0359375 0.03828125
7 0.70546875 0.775 0.0359375 0.03359375