5 0.39609375 0.59609375 0.0703125 0.084375
5 0.653125 0.56328125 0.0625 0.08515625
5 0.90546875 0.5640625 0.059375 0.0734375
5 0.16328125 0.73203125 0.16796875 0.16796875
3 0.37109375 0.71953125 0.04140625 0.04140625
3 0.73046875 0.68515625 0.0359375 0.0453125
3 0.90546875 0.66484375 0.03671875 0.0375
3 0.475 0.703125 0.0359375 0.046875
4 0.4 0.6 0.06015625 0.03046875
4 0.653125 0.56484375 0.065625 0.0265625
4 0.90546875 0.5671875 0.05390625 0.02109375
5 0.1625 0.61875 0.0890625 0.07109375
4 0.20625 0.74140625 0.0828125 0.053125