5 0.4 0.38125 0.11171875 0.13125
5 0.515625 0.36796875 0.11484375 0.13125
5 0.625 0.30078125 0.146875 0.18046875
3 0.428125 0.6796875 0.07890625 0.05859375
4 0.396875 0.38671875 0.0984375 0.04296875
4 0.50078125 0.37109375 0.0921875 0.04140625
4 0.60859375 0.31328125 0.08984375 0.03984375
4 0.95546875 0.240625 0.078125 0.046875
5 0.3125 0.4046875 0.08671875 0.08671875
5 0.9078125 0.371875 0.09453125 0.10859375
5 0.9484375 0.2453125 0.103125 0.1703125
4 0.89609375 0.371875 0.06875 0.03046875
3 0.25703125 0.50390625 0.05390625 0.06328125