5 0.10859375 0.46953125 0.0796875 0.09765625
5 0.17890625 0.43125 0.07890625 0.06953125
5 0.23828125 0.42265625 0.0484375 0.05859375
5 0.4890625 0.40390625 0.05078125 0.05625
5 0.66875 0.40859375 0.0546875 0.07109375
5 0.73828125 0.42890625 0.06015625 0.0734375
5 0.8890625 0.46484375 0.1 0.1046875
3 0.8203125 0.61015625 0.08515625 0.0828125
3 0.66484375 0.51796875 0.05 0.04296875
3 0.9 0.71953125 0.065625 0.07890625
3 0.653125 0.47890625 0.03671875 0.03046875
3 0.2796875 0.49765625 0.040625 0.03046875
3 0.26484375 0.52578125 0.03359375 0.0296875
4 0.2359375 0.41953125 0.0375 0.01796875
4 0.66484375 0.41171875 0.0453125 0.01640625
4 0.734375 0.42890625 0.053125 0.01953125
4 0.86875 0.46953125 0.05859375 0.04375
4 0.19609375 0.43203125 0.0375 0.025
4 0.4859375 0.40234375 0.03359375 0.0171875