2 0.4046875 0.30078125 0.071875 0.08671875
2 0.328125 0.39296875 0.075 0.09453125
2 0.6328125 0.30546875 0.06015625 0.06953125
3 0.3453125 0.484375 0.02890625 0.028125
7 0.52421875 0.659375 0.0640625 0.08515625
3 0.575 0.425 0.03046875 0.03359375
3 0.6890625 0.428125 0.03671875 0.028125
2 0.0984375 0.2875 0.046875 0.053125
2 0.7140625 0.26640625 0.0328125 0.04140625
2 0.78984375 0.2578125 0.03203125 0.0375
2 0.91015625 0.32734375 0.02890625 0.0296875
2 0.4890625 0.2875 0.0296875 0.03203125
7 0.37578125 0.659375 0.0484375 0.08046875
7 0.41875 0.6453125 0.0625 0.08515625
7 0.79765625 0.4484375 0.04296875 0.04921875
7 0.865625 0.4046875 0.034375 0.04296875
4 0.40390625 0.31484375 0.04296875 0.0296875
7 0.584375 0.6546875 0.06015625 0.08984375
7 0.77421875 0.44765625 0.025 0.05625
3 0.42734375 0.4328125 0.02109375 0.025
3 0.41015625 0.49296875 0.02265625 0.03359375