5 0.175 0.35625 0.10546875 0.11484375
5 0.3546875 0.33515625 0.07421875 0.0921875
5 0.56953125 0.33984375 0.075 0.09609375
5 0.73984375 0.3265625 0.096875 0.13125
5 0.86875 0.3640625 0.07265625 0.0859375
3 0.071875 0.7359375 0.0546875 0.0578125
3 0.30625 0.54609375 0.03984375 0.05390625
3 0.55390625 0.53203125 0.03828125 0.05234375
3 0.6546875 0.60546875 0.03984375 0.0484375
3 0.84765625 0.6703125 0.0546875 0.06328125
4 0.1875 0.359375 0.0828125 0.03359375
4 0.35859375 0.33671875 0.0625 0.028125
4 0.72109375 0.32578125 0.0734375 0.03046875
4 0.8640625 0.36171875 0.06875 0.0296875
1 0.55703125 0.3421875 0.06171875 0.03359375
5 0.959375 0.346875 0.05546875 0.0671875
5 0.98515625 0.31171875 0.0296875 0.1078125
5 0.51953125 0.38125 0.04765625 0.06171875
5 0.02421875 0.39453125 0.0484375 0.06328125
5 0.096875 0.3796875 0.05078125 0.0578125
5 0.24453125 0.3703125 0.03203125 0.04453125
5 0.46640625 0.37890625 0.03203125 0.0375
5 0.6484375 0.36875 0.04296875 0.04453125
5 0.621875 0.3515625 0.0390625 0.0578125
7 0.47578125 0.72578125 0.0375 0.05078125
3 0.04453125 0.5078125 0.03984375 0.04140625
3 0.68515625 0.4640625 0.02265625 0.03359375
4 0.51953125 0.38046875 0.0359375 0.01875
4 0.02265625 0.390625 0.04453125 0.02109375
4 0.9625 0.34375 0.0390625 0.01640625
3 0.515625 0.50078125 0.03203125 0.0296875
3 0.0703125 0.9328125 0.06796875 0.05390625