4 0.88671875 0.3265625 0.0828125 0.028125
4 0.96328125 0.28671875 0.06953125 0.028125
4 0.26796875 0.38203125 0.096875 0.0265625
2 0.1171875 0.40625 0.209375 0.25390625
2 0.2671875 0.38046875 0.10703125 0.14453125
2 0.6578125 0.32578125 0.08125 0.1125
2 0.87265625 0.31953125 0.10625 0.13203125
3 0.61328125 0.5875 0.05078125 0.05859375
4 0.1234375 0.4453125 0.128125 0.04140625
1 0.66171875 0.33046875 0.06953125 0.03359375
2 0.96015625 0.28203125 0.0796875 0.109375
2 0.80078125 0.33984375 0.06796875 0.0921875
4 0.8046875 0.346875 0.0546875 0.02265625
6 0.7203125 0.8171875 0.06875 0.08046875
6 0.63515625 0.79765625 0.06328125 0.0625
6 0.7234375 0.925 0.07578125 0.065625
6 0.6421875 0.95 0.05234375 0.0578125
3 0.36015625 0.590625 0.04375 0.065625