2 0.853125 0.4859375 0.03828125 0.0484375
2 0.91875 0.49609375 0.0359375 0.04921875
2 0.1109375 0.54453125 0.05078125 0.04140625
2 0.24921875 0.50625 0.04921875 0.04296875
2 0.17890625 0.51171875 0.0546875 0.03984375
2 0.4140625 0.50859375 0.02265625 0.025
2 0.346875 0.50703125 0.01875 0.021875
2 0.30390625 0.525 0.01484375 0.01484375
2 0.3765625 0.50625 0.01484375 0.0171875
2 0.334375 0.50546875 0.01796875 0.01640625
0 0.8890625 0.5859375 0.0265625 0.01953125
0 0.86484375 0.5765625 0.02421875 0.02109375
7 0.87421875 0.684375 0.03515625 0.0625
7 0.9140625 0.69453125 0.03359375 0.06171875
7 0.4265625 0.61484375 0.01640625 0.03203125
3 0.21953125 0.57109375 0.03046875 0.025
7 0.84296875 0.6859375 0.0265625 0.05234375
7 0.953125 0.69921875 0.02578125 0.05234375
4 0.909375 0.49921875 0.01640625 0.01015625
4 0.8484375 0.49296875 0.0234375 0.009375
7 0.30703125 0.71796875 0.04296875 0.03984375
7 0.2609375 0.71328125 0.03046875 0.02265625
7 0.2203125 0.7078125 0.0328125 0.0234375
7 0.40859375 0.61484375 0.01953125 0.028125