3 0.6359375 0.5921875 0.059375 0.06796875
3 0.4265625 0.67421875 0.06953125 0.08203125
0 0.89140625 0.51171875 0.06015625 0.05078125
0 0.7125 0.45078125 0.03828125 0.04296875
0 0.8296875 0.47265625 0.04296875 0.0640625
2 0.50546875 0.425 0.13125 0.1328125
2 0.878125 0.2921875 0.0796875 0.109375
2 0.57109375 0.25390625 0.0703125 0.08203125
2 0.97421875 0.27734375 0.0515625 0.07734375
0 0.3421875 0.6296875 0.05859375 0.0546875
4 0.56796875 0.2671875 0.0484375 0.02265625
2 0.21953125 0.38828125 0.05625 0.07265625
2 0.55859375 0.3375 0.05859375 0.05625
2 0.71796875 0.2890625 0.04375 0.04296875
2 0.71796875 0.04375 0.028125 0.04453125
2 0.57265625 0.08203125 0.08203125 0.065625
2 0.96953125 0.053125 0.0609375 0.07890625
2 0.875 0.04921875 0.06953125 0.09765625
2 0.81953125 0.04609375 0.0734375 0.0765625
2 0.8125 0.28671875 0.06640625 0.075
2 0.4421875 0.475 0.071875 0.1125
7 0.7234375 0.621875 0.0515625 0.065625
7 0.73515625 0.60546875 0.05078125 0.05234375
7 0.3609375 0.77578125 0.08515625 0.121875