5 0.1375 0.3109375 0.08125 0.10078125
5 0.39609375 0.321875 0.08671875 0.10546875
5 0.6140625 0.3140625 0.0703125 0.0953125
5 0.72109375 0.31875 0.05703125 0.06171875
5 0.86015625 0.346875 0.07734375 0.09921875
3 0.646875 0.5375 0.04765625 0.0390625
3 0.271875 0.59140625 0.03828125 0.0484375
3 0.46796875 0.59921875 0.0421875 0.046875
3 0.02890625 0.5765625 0.04375 0.0546875
3 0.7546875 0.5515625 0.03671875 0.0484375
3 0.89140625 0.55546875 0.03984375 0.0453125
5 0.2796875 0.3359375 0.04765625 0.0453125
2 0.91015625 0.36640625 0.040625 0.046875
7 0.859375 0.834375 0.06875 0.08203125
7 0.625 0.77734375 0.0546875 0.08984375
7 0.56796875 0.8 0.05859375 0.084375
7 0.409375 0.8234375 0.05078125 0.075
7 0.1390625 0.815625 0.075 0.0765625
7 0.20234375 0.78828125 0.05078125 0.07734375
7 0.7875 0.7828125 0.0765625 0.0921875