4 0.61328125 0.48359375 0.075 0.0484375
3 0.28671875 0.2453125 0.04921875 0.07734375
3 0.3234375 0.3046875 0.0453125 0.06796875
2 0.62578125 0.4828125 0.1296875 0.103125
0 0.365625 0.3625 0.06015625 0.07109375
3 0.284375 0.08671875 0.0546875 0.06953125
3 0.31953125 0.0328125 0.03984375 0.06328125
2 0.71328125 0.51640625 0.08046875 0.07890625
2 0.20390625 0.50703125 0.0703125 0.08671875
2 0.34609375 0.45859375 0.07734375 0.11640625
2 0.5125 0.48828125 0.07890625 0.08828125
4 0.3359375 0.44609375 0.04765625 0.028125
4 0.20546875 0.50234375 0.046875 0.0265625