5 0.096875 0.35078125 0.06796875 0.07578125
5 0.56015625 0.3296875 0.06171875 0.075
5 0.8359375 0.3421875 0.08125 0.090625
3 0.76484375 0.4203125 0.07109375 0.053125
3 0.1609375 0.575 0.03984375 0.05234375
7 0.13515625 0.8015625 0.09296875 0.06640625
7 0.5421875 0.7359375 0.065625 0.06640625
4 0.10859375 0.3421875 0.0453125 0.028125
4 0.56015625 0.328125 0.05546875 0.028125
4 0.82109375 0.33515625 0.06328125 0.0375
3 0.7453125 0.5796875 0.04765625 0.06953125
3 0.1140625 0.48828125 0.0453125 0.04140625