2 0.29609375 0.478125 0.03828125 0.0453125
2 0.38359375 0.48359375 0.03515625 0.046875
2 0.4625 0.5015625 0.0328125 0.04609375
3 0.22890625 0.5859375 0.02109375 0.02578125
3 0.33984375 0.5890625 0.02109375 0.02421875
3 0.4375 0.584375 0.0171875 0.0203125
2 0.34453125 0.50390625 0.028125 0.0359375
7 0.28828125 0.7125 0.02265625 0.03046875
7 0.39140625 0.71796875 0.03203125 0.0390625
7 0.46875 0.6984375 0.0265625 0.028125
7 0.43671875 0.68828125 0.028125 0.03203125
4 0.4625 0.49921875 0.0265625 0.0109375
4 0.38203125 0.48359375 0.0296875 0.0109375
4 0.2953125 0.4796875 0.03515625 0.01171875