2 0.2765625 0.3640625 0.12734375 0.1484375
2 0.6453125 0.40625 0.0546875 0.053125
2 0.56640625 0.42734375 0.053125 0.0640625
6 0.50625 0.72421875 0.0375 0.065625
6 0.44921875 0.7265625 0.0484375 0.053125
7 0.57734375 0.7640625 0.05078125 0.09609375
7 0.653125 0.76171875 0.0359375 0.08125
3 0.3984375 0.6703125 0.03828125 0.05625
2 0.02109375 0.35859375 0.0421875 0.1265625
2 0.36015625 0.409375 0.065625 0.084375
2 0.47265625 0.41953125 0.05625 0.05859375
3 0.6078125 0.56640625 0.0359375 0.04296875
3 0.32578125 0.70859375 0.071875 0.065625
3 0.5171875 0.58046875 0.021875 0.03359375
7 0.39375 0.8625 0.06484375 0.090625