2 0.22578125 0.5953125 0.05703125 0.0734375
2 0.32734375 0.6046875 0.05390625 0.065625
2 0.453125 0.5953125 0.04765625 0.06796875
2 0.5265625 0.6 0.0453125 0.0828125
2 0.6453125 0.59765625 0.053125 0.07109375
2 0.75859375 0.603125 0.053125 0.06796875
3 0.134375 0.790625 0.028125 0.03203125
4 0.2265625 0.59765625 0.0390625 0.015625
4 0.52890625 0.60546875 0.040625 0.0171875
4 0.6453125 0.6046875 0.034375 0.01328125
0 0.0234375 0.7859375 0.028125 0.046875
0 0.025 0.8734375 0.03359375 0.05078125
2 0.01484375 0.6328125 0.0296875 0.05078125
3 0.66171875 0.746875 0.03671875 0.04140625
3 0.52734375 0.75078125 0.03828125 0.0375
3 0.31875 0.7734375 0.04140625 0.05078125
3 0.32109375 0.884375 0.0421875 0.04296875
3 0.13515625 0.8671875 0.0375 0.0390625
3 0.528125 0.9125 0.0453125 0.04375
1 0.3296875 0.61171875 0.046875 0.02421875
4 0.45078125 0.596875 0.03828125 0.02265625
4 0.75546875 0.603125 0.0453125 0.01875
3 0.85078125 0.825 0.03203125 0.021875
3 0.73828125 0.8234375 0.02265625 0.02578125