2 0.1515625 0.41796875 0.05390625 0.06953125
2 0.2 0.40390625 0.05234375 0.07109375
2 0.2453125 0.41796875 0.04140625 0.0453125
3 0.4046875 0.553125 0.0265625 0.0296875
2 0.35625 0.42109375 0.0546875 0.06796875
2 0.428125 0.3875 0.04921875 0.06015625
2 0.521875 0.39453125 0.03828125 0.0546875
2 0.5671875 0.35625 0.04609375 0.06171875
2 0.6328125 0.33359375 0.04375 0.05625
2 0.73203125 0.3359375 0.053125 0.0640625
2 0.6046875 0.334375 0.03828125 0.05078125
2 0.77578125 0.32734375 0.0390625 0.05234375
2 0.4984375 0.4 0.03125 0.0390625
4 0.1515625 0.42890625 0.04609375 0.015625
4 0.2015625 0.4140625 0.03984375 0.015625
4 0.3546875 0.43046875 0.0421875 0.01484375
4 0.57109375 0.36484375 0.0390625 0.01953125
4 0.6328125 0.34140625 0.040625 0.0171875
0 0.78515625 0.34296875 0.0359375 0.03359375
7 0.74609375 0.63671875 0.0453125 0.046875
7 0.79609375 0.6203125 0.03125 0.0390625
7 0.70390625 0.63046875 0.0546875 0.04453125
7 0.64453125 0.64921875 0.04375 0.04921875
7 0.60390625 0.65078125 0.040625 0.0390625
7 0.26796875 0.7046875 0.05546875 0.03984375
7 0.09921875 0.6765625 0.03671875 0.03984375
7 0.3703125 0.7125 0.03984375 0.0390625
4 0.72890625 0.34375 0.0390625 0.02109375
3 0.22734375 0.46015625 0.0296875 0.0265625