5 0.375 0.43515625 0.0625 0.0640625
3 0.24296875 0.38828125 0.04453125 0.06015625
3 0.40546875 0.6609375 0.028125 0.0453125
6 0.2484375 0.76328125 0.05234375 0.04375
6 0.2796875 0.7375 0.05390625 0.03203125
7 0.38671875 0.84453125 0.0859375 0.046875
7 0.38203125 0.903125 0.08125 0.0484375
3 0.96640625 0.80703125 0.0671875 0.065625
3 0.93671875 0.46484375 0.11484375 0.1171875
3 0.2609375 0.46015625 0.0421875 0.0546875
4 0.37734375 0.43359375 0.0546875 0.02265625
3 0.96640625 0.93828125 0.0671875 0.06796875