7 0.41484375 0.7265625 0.0359375 0.06640625
7 0.2265625 0.6859375 0.0890625 0.07890625
4 0.20546875 0.18828125 0.0578125 0.02109375
2 0.67578125 0.21796875 0.1078125 0.17890625
2 0.509375 0.23359375 0.06640625 0.1125
3 0.40546875 0.48359375 0.0328125 0.0453125
3 0.1828125 0.46171875 0.04375 0.046875
1 0.65703125 0.24375 0.06328125 0.046875
2 0.5484375 0.503125 0.0328125 0.0390625
7 0.49765625 0.7265625 0.04375 0.05625
2 0.203125 0.1734375 0.07421875 0.1125
2 0.0609375 0.2734375 0.109375 0.14921875
7 0.24296875 0.6546875 0.0546875 0.05859375
0 0.09765625 0.7046875 0.05078125 0.08125