0 0.90078125 0.6515625 0.07734375 0.07109375
2 0.82421875 0.46484375 0.078125 0.09609375
2 0.32421875 0.59296875 0.07109375 0.0859375
2 0.24375 0.59140625 0.0515625 0.0671875
2 0.1640625 0.62265625 0.03359375 0.03984375
2 0.77890625 0.41328125 0.01875 0.02578125
4 0.8109375 0.47421875 0.05390625 0.03359375
4 0.32890625 0.5953125 0.0453125 0.04140625
4 0.24453125 0.59765625 0.040625 0.01484375
0 0.31796875 0.75546875 0.03515625 0.06015625
0 0.2125 0.60859375 0.0296875 0.02265625
0 0.25 0.7296875 0.0296875 0.03203125
0 0.5125 0.7984375 0.028125 0.02578125
0 0.453125 0.7828125 0.01640625 0.02109375
0 0.515625 0.88203125 0.02890625 0.0265625
2 0.47109375 0.72578125 0.028125 0.03203125
7 0.71484375 0.72890625 0.05625 0.07890625