2 0.3265625 0.26484375 0.065625 0.08046875
2 0.790625 0.2484375 0.07265625 0.08671875
0 0.27734375 0.44921875 0.03359375 0.04140625
0 0.41875 0.3203125 0.04921875 0.0375
7 0.54296875 0.5921875 0.075 0.10859375
2 0.3234375 0.04296875 0.08828125 0.0859375
2 0.79296875 0.059375 0.0921875 0.0953125
2 0.54921875 0.20546875 0.09140625 0.06796875
2 0.55234375 0.103125 0.0921875 0.075
0 0.653125 0.24375 0.03671875 0.0453125
0 0.7171875 0.3546875 0.0546875 0.03515625
0 0.72734375 0.428125 0.06015625 0.05078125
1 0.1828125 0.39296875 0.03359375 0.0359375
1 0.0453125 0.50703125 0.03125 0.05078125
1 0.05078125 0.43984375 0.0359375 0.046875
7 0.88046875 0.62265625 0.07265625 0.11796875
7 0.47109375 0.57265625 0.0578125 0.07734375
7 0.659375 0.06328125 0.05 0.03984375