2 0.34296875 0.246875 0.05546875 0.06328125
2 0.2609375 0.4078125 0.065625 0.0703125
2 0.41171875 0.43828125 0.0578125 0.065625
2 0.66328125 0.37421875 0.0515625 0.06640625
2 0.56015625 0.33359375 0.053125 0.06796875
2 0.7609375 0.56875 0.06328125 0.06328125
2 0.47421875 0.39609375 0.05078125 0.059375
3 0.64140625 0.50078125 0.0265625 0.03125
3 0.18046875 0.56640625 0.0234375 0.0328125
4 0.41171875 0.44375 0.05390625 0.01875
4 0.25390625 0.4234375 0.0328125 0.03203125
3 0.2234375 0.52578125 0.03203125 0.0375
3 0.4296875 0.57265625 0.0203125 0.02421875
3 0.43671875 0.5671875 0.02578125 0.0234375
3 0.6625 0.5109375 0.0265625 0.0296875
3 0.86328125 0.65546875 0.02421875 0.034375
7 0.684375 0.57578125 0.0484375 0.09140625
7 0.60703125 0.5640625 0.0453125 0.0875
7 0.55546875 0.646875 0.05234375 0.07265625
7 0.51640625 0.64296875 0.06953125 0.10078125
7 0.5 0.61484375 0.040625 0.06796875
7 0.4203125 0.6296875 0.06015625 0.065625
0 0.39375 0.3828125 0.025 0.040625