0 0.40234375 0.75 0.03203125 0.04296875
0 0.21171875 0.73515625 0.04921875 0.03984375
2 0.15 0.46484375 0.06171875 0.07265625
2 0.32890625 0.62734375 0.06171875 0.07890625
6 0.14375 0.796875 0.06328125 0.05625
6 0.0796875 0.796875 0.05703125 0.0546875
6 0.14296875 0.86953125 0.06328125 0.05234375
6 0.078125 0.871875 0.05625 0.06015625
0 0.40078125 0.915625 0.040625 0.05078125
3 0.16953125 0.6375 0.0359375 0.04296875
2 0.0828125 0.48046875 0.03203125 0.03671875
2 0.19140625 0.484375 0.02890625 0.03359375
4 0.3328125 0.6375 0.040625 0.01875
7 0.32265625 0.74140625 0.0390625 0.04765625
7 0.38359375 0.75078125 0.03203125 0.03828125
7 0.3234375 0.92734375 0.04765625 0.0484375