5 0.71953125 0.1578125 0.03125 0.03046875
5 0.86875 0.1609375 0.03828125 0.03125
5 0.928125 0.16171875 0.02734375 0.03828125
5 0.98359375 0.1703125 0.0328125 0.046875
6 0.96171875 0.42734375 0.0390625 0.0296875
6 0.9734375 0.41015625 0.03515625 0.028125
3 0.734375 0.2171875 0.0171875 0.02109375
4 0.72265625 0.15859375 0.01484375 0.01171875
4 0.93046875 0.16484375 0.01953125 0.01484375
4 0.98828125 0.16640625 0.021875 0.01484375
6 0.8671875 0.4140625 0.02734375 0.03828125
6 0.83203125 0.4015625 0.034375 0.03359375
7 0.7203125 0.3484375 0.0265625 0.02265625
7 0.709375 0.3484375 0.01953125 0.01953125
6 0.9140625 0.3625 0.0234375 0.02890625