5 0.41875 0.41015625 0.08359375 0.10546875
2 0.71796875 0.421875 0.08203125 0.09140625
2 0.31953125 0.44140625 0.071875 0.09375
2 0.10234375 0.29453125 0.06015625 0.06171875
2 0.3453125 0.53515625 0.12734375 0.1203125
3 0.1453125 0.31015625 0.04921875 0.028125
3 0.77578125 0.63359375 0.04140625 0.0390625
2 0.3734375 0.734375 0.1140625 0.11640625
2 0.1046875 0.03671875 0.071875 0.06796875
4 0.41875 0.41953125 0.05234375 0.04140625
4 0.71640625 0.434375 0.046875 0.03125
6 0.72578125 0.6984375 0.08359375 0.11640625
3 0.4078125 0.90234375 0.05390625 0.05625
3 0.15078125 0.01640625 0.0390625 0.0328125
3 0.42734375 0.6625 0.06171875 0.05859375
3 0.7171875 0.54765625 0.03671875 0.05078125