2 0.375 0.29140625 0.14609375 0.19140625
0 0.43203125 0.65625 0.0921875 0.065625
3 0.8078125 0.5625 0.06875 0.0375
4 0.36171875 0.3203125 0.10546875 0.0640625
4 0.8546875 0.33671875 0.07109375 0.03046875
2 0.85859375 0.32265625 0.11328125 0.128125
2 0.36953125 0.09609375 0.1484375 0.184375
2 0.86796875 0.0640625 0.11640625 0.128125
0 0.33828125 0.58046875 0.08046875 0.07890625
7 0.06796875 0.66875 0.103125 0.12734375
7 0.26875 0.61484375 0.0796875 0.08046875
3 0.821875 0.51875 0.059375 0.046875
4 0.3671875 0.04921875 0.10546875 0.065625
4 0.8546875 0.03984375 0.075 0.03046875