2 0.275 0.3671875 0.08125 0.09609375
2 0.4640625 0.4 0.0609375 0.0828125
2 0.67734375 0.4140625 0.06875 0.08984375
2 0.8578125 0.41171875 0.10078125 0.1140625
1 0.66875 0.42578125 0.0625 0.01875
4 0.46796875 0.40390625 0.053125 0.0203125
4 0.85078125 0.41875 0.08828125 0.02109375
4 0.2828125 0.37265625 0.08125 0.02578125
3 0.21875 0.65546875 0.04140625 0.04921875
3 0.34453125 0.6421875 0.03359375 0.04921875
3 0.40859375 0.62890625 0.03359375 0.04296875
3 0.6078125 0.6421875 0.02890625 0.0359375
3 0.73515625 0.64765625 0.03671875 0.03203125
3 0.55 0.5828125 0.03359375 0.0390625
3 0.80390625 0.66796875 0.028125 0.03203125
3 0.8546875 0.71484375 0.05078125 0.03515625
7 0.51953125 0.81171875 0.05078125 0.04921875
7 0.44609375 0.81328125 0.0484375 0.0546875