5 0.32578125 0.38984375 0.05703125 0.0734375
5 0.55078125 0.353125 0.05546875 0.06796875
5 0.69375 0.39453125 0.04765625 0.05078125
5 0.80390625 0.41640625 0.04375 0.05390625
5 0.37890625 0.39921875 0.04140625 0.04921875
5 0.44609375 0.4078125 0.03203125 0.0390625
4 0.32734375 0.3953125 0.04765625 0.01953125
4 0.37734375 0.39765625 0.0328125 0.0125
4 0.55 0.35234375 0.04140625 0.0171875
4 0.6921875 0.39609375 0.040625 0.015625
4 0.803125 0.41484375 0.0375 0.01328125
6 0.83515625 0.7328125 0.0484375 0.04609375
6 0.7734375 0.70234375 0.0375 0.04609375
6 0.7046875 0.7015625 0.0328125 0.0359375
6 0.67265625 0.725 0.03984375 0.040625
7 0.5484375 0.73984375 0.04921875 0.059375
7 0.58828125 0.68671875 0.0296875 0.04609375
7 0.36953125 0.753125 0.04765625 0.05390625
7 0.296875 0.78671875 0.06328125 0.06328125
5 0.85625 0.40546875 0.028125 0.02734375
5 0.9078125 0.421875 0.0203125 0.021875
5 0.6140625 0.4109375 0.0234375 0.03046875
3 0.63671875 0.56328125 0.02734375 0.03984375
3 0.396875 0.5578125 0.02265625 0.03984375
3 0.42421875 0.5546875 0.01953125 0.03515625
3 0.2734375 0.59140625 0.0296875 0.03671875
3 0.7484375 0.5578125 0.0234375 0.0359375
3 0.81015625 0.4484375 0.02109375 0.0421875
3 0.47578125 0.50078125 0.01484375 0.021875