4 0.44609375 0.4125 0.1015625 0.0296875
4 0.7859375 0.38125 0.09453125 0.04921875
0 0.76171875 0.68203125 0.10703125 0.08125
4 0.21484375 0.434375 0.08984375 0.04296875
3 0.35078125 0.78359375 0.0515625 0.08046875
3 0.38671875 0.49765625 0.0703125 0.0625
2 0.21796875 0.4296875 0.11484375 0.15390625
2 0.45390625 0.39921875 0.11640625 0.16328125
2 0.7953125 0.37890625 0.12265625 0.16953125
3 0.55703125 0.49140625 0.0671875 0.0484375
3 0.11953125 0.78828125 0.0421875 0.0578125
3 0.35390625 0.8734375 0.0515625 0.0640625
3 0.1125 0.86796875 0.06640625 0.075
3 0.603125 0.8015625 0.06015625 0.0640625
3 0.60234375 0.86640625 0.0640625 0.06015625
0 0.76328125 0.96953125 0.103125 0.0609375