3 0.534375 0.61171875 0.0671875 0.05859375
3 0.2671875 0.61484375 0.0265625 0.05078125
2 0.08828125 0.38203125 0.11640625 0.12421875
2 0.203125 0.40859375 0.071875 0.0859375
2 0.46640625 0.37421875 0.08515625 0.10859375
2 0.58828125 0.396875 0.06796875 0.0765625
2 0.76328125 0.39921875 0.0796875 0.09765625
2 0.9484375 0.37421875 0.0609375 0.0765625
4 0.95546875 0.3734375 0.05625 0.01328125
4 0.7671875 0.4140625 0.07109375 0.0171875
4 0.4609375 0.3796875 0.075 0.02265625
4 0.20234375 0.41328125 0.05625 0.01484375
4 0.1046875 0.38125 0.0671875 0.02265625
4 0.58359375 0.4015625 0.0578125 0.02109375
2 0.37421875 0.440625 0.03203125 0.03515625
2 0.278125 0.4515625 0.0296875 0.028125
2 0.39296875 0.43671875 0.021875 0.02578125
7 0.38203125 0.7546875 0.0640625 0.0375
7 0.62109375 0.7828125 0.0453125 0.05859375
7 0.58046875 0.778125 0.05703125 0.0453125
7 0.371875 0.61484375 0.03203125 0.03984375
3 0.2875 0.5078125 0.01640625 0.0203125