5 0.30390625 0.36953125 0.04765625 0.06015625
5 0.428125 0.37265625 0.0609375 0.06640625
5 0.5359375 0.3328125 0.06953125 0.071875
5 0.8140625 0.3109375 0.08671875 0.09609375
5 0.703125 0.353125 0.0359375 0.04375
7 0.43984375 0.73203125 0.05859375 0.0640625
7 0.5046875 0.7375 0.0359375 0.065625
7 0.31328125 0.6796875 0.04921875 0.0453125
4 0.8046875 0.309375 0.06015625 0.025
4 0.51953125 0.32734375 0.03515625 0.02421875
4 0.42734375 0.37109375 0.04453125 0.01875
4 0.29765625 0.365625 0.0390625 0.01484375