2 0.7984375 0.28984375 0.06484375 0.0921875
2 0.37578125 0.384375 0.0796875 0.11796875
2 0.4875 0.38984375 0.0828125 0.1125
2 0.64140625 0.3546875 0.0796875 0.10703125
5 0.19609375 0.3265625 0.07890625 0.08828125
3 0.6078125 0.57265625 0.0671875 0.0390625
3 0.9546875 0.6078125 0.08984375 0.1125
3 0.21171875 0.553125 0.04375 0.06953125
4 0.2 0.325 0.0734375 0.0296875
4 0.64765625 0.3640625 0.0625 0.0265625
2 0.5578125 0.37265625 0.06328125 0.11640625
4 0.36953125 0.39296875 0.07109375 0.028125
4 0.48671875 0.38984375 0.0671875 0.02578125
4 0.55546875 0.38359375 0.0578125 0.0203125
4 0.790625 0.03515625 0.05390625 0.01484375
2 0.79453125 0.0421875 0.08203125 0.084375
3 0.52578125 0.61484375 0.06015625 0.04921875
3 0.834375 0.41015625 0.04453125 0.028125
3 0.1484375 0.496875 0.0640625 0.05390625
4 0.7921875 0.296875 0.05390625 0.03046875