6 0.58515625 0.7921875 0.05546875 0.10390625
6 0.64140625 0.78671875 0.05078125 0.08828125
3 0.3953125 0.675 0.07265625 0.0734375
3 0.70703125 0.334375 0.02734375 0.03046875
3 0.840625 0.453125 0.021875 0.03046875
4 0.42265625 0.43125 0.06953125 0.053125
2 0.4109375 0.41484375 0.1140625 0.1
2 0.52109375 0.278125 0.05390625 0.08125
2 0.825 0.3015625 0.0578125 0.06953125
2 0.51953125 0.0578125 0.0640625 0.0734375
2 0.8234375 0.04375 0.0546875 0.05859375
5 0.96015625 0.2296875 0.03046875 0.0375
0 0.590625 0.30078125 0.03203125 0.0359375
0 0.59609375 0.04140625 0.034375 0.03203125
0 0.70625 0.0125 0.028125 0.025