0 0.30390625 0.62265625 0.04921875 0.08125
4 0.32890625 0.40546875 0.05625 0.025
2 0.33203125 0.396875 0.065625 0.1015625
2 0.665625 0.29921875 0.075 0.08046875
7 0.35 0.74921875 0.0828125 0.05859375
7 0.27421875 0.78984375 0.0609375 0.0625
7 0.26640625 0.8703125 0.06953125 0.0578125
7 0.35390625 0.91171875 0.0921875 0.0546875
7 0.52890625 0.65234375 0.0421875 0.1078125
7 0.59453125 0.63515625 0.05078125 0.084375
2 0.52265625 0.39375 0.04765625 0.06953125
2 0.56953125 0.42890625 0.040625 0.04296875
2 0.6171875 0.44140625 0.03203125 0.0546875
2 0.66171875 0.0359375 0.08125 0.071875
4 0.65390625 0.3078125 0.05234375 0.02265625
0 0.371875 0.5859375 0.03984375 0.06015625