2 0.1328125 0.60390625 0.02890625 0.0328125
2 0.1625 0.60625 0.02734375 0.03359375
3 0.22578125 0.584375 0.015625 0.02265625
3 0.1078125 0.69140625 0.0171875 0.01484375
3 0.15546875 0.68984375 0.01953125 0.02578125
7 0.10390625 0.76328125 0.02265625 0.03125
7 0.13359375 0.765625 0.0265625 0.028125
7 0.16015625 0.76328125 0.02265625 0.02734375
7 0.184375 0.76171875 0.0296875 0.02734375
7 0.18359375 0.86796875 0.02578125 0.028125
7 0.10703125 0.8625 0.01953125 0.0265625
7 0.13359375 0.86484375 0.03359375 0.02734375
7 0.15859375 0.86953125 0.02421875 0.03125