2 0.50625 0.48046875 0.03515625 0.04453125
4 0.50859375 0.48046875 0.02421875 0.0109375
2 0.7015625 0.465625 0.03515625 0.0390625
7 0.496875 0.7078125 0.03046875 0.025
2 0.6203125 0.46875 0.0359375 0.04296875
2 0.55234375 0.4953125 0.03359375 0.03984375
2 0.7546875 0.42734375 0.0453125 0.0546875
2 0.93515625 0.465625 0.03671875 0.04609375
3 0.6671875 0.48828125 0.02265625 0.0171875
3 0.671875 0.590625 0.01171875 0.028125
2 0.9046875 0.52578125 0.02734375 0.0328125
2 0.84375 0.49296875 0.03671875 0.03671875
3 0.96640625 0.58359375 0.0203125 0.0234375
3 0.5953125 0.5859375 0.01796875 0.02265625
3 0.58671875 0.59609375 0.01328125 0.025
3 0.47890625 0.59296875 0.01640625 0.02421875
7 0.52109375 0.70625 0.03125 0.028125
7 0.69609375 0.46484375 0.02578125 0.0078125
7 0.6578125 0.7 0.0359375 0.02265625
7 0.61953125 0.70234375 0.02890625 0.0265625