5 0.16796875 0.3828125 0.0625 0.075
5 0.66171875 0.4 0.053125 0.06171875
5 0.5375 0.40390625 0.0375 0.05078125
7 0.71875 0.7453125 0.04765625 0.07109375
7 0.6484375 0.73359375 0.04609375 0.06171875
7 0.51953125 0.7359375 0.05859375 0.05390625
7 0.828125 0.71328125 0.053125 0.06171875
4 0.6625 0.40078125 0.04453125 0.01640625
4 0.49765625 0.4140625 0.0390625 0.01328125
4 0.409375 0.39609375 0.04140625 0.01640625
4 0.34375 0.396875 0.04375 0.01796875
4 0.97578125 0.396875 0.04453125 0.0140625
4 0.7921875 0.396875 0.0390625 0.0125
4 0.74375 0.409375 0.0375 0.01328125
4 0.6171875 0.40625 0.03984375 0.01484375
4 0.175 0.38828125 0.04921875 0.01796875
2 0.33984375 0.39453125 0.05078125 0.0703125
2 0.403125 0.38828125 0.05625 0.07578125
2 0.4921875 0.4109375 0.05234375 0.06875
2 0.61953125 0.40390625 0.040625 0.0734375
2 0.74375 0.4046875 0.04453125 0.0640625
2 0.7921875 0.38984375 0.04765625 0.07265625
2 0.97109375 0.39375 0.0578125 0.06484375
2 0.15546875 0.6484375 0.0734375 0.04453125
3 0.66015625 0.51015625 0.028125 0.0328125
3 0.6859375 0.44375 0.04609375 0.02578125
3 0.74765625 0.56015625 0.02265625 0.02578125
3 0.84296875 0.55703125 0.03203125 0.02890625
3 0.91796875 0.56953125 0.0203125 0.02578125
7 0.77421875 0.71015625 0.046875 0.05390625