2 0.21875 0.453125 0.04140625 0.05234375
2 0.71640625 0.45703125 0.02890625 0.03359375
2 0.790625 0.453125 0.02734375 0.04140625
2 0.31875 0.45546875 0.03828125 0.0453125
5 0.425 0.46328125 0.03984375 0.04296875
5 0.26484375 0.48046875 0.0453125 0.04140625
5 0.5640625 0.475 0.03203125 0.04140625
5 0.5390625 0.44765625 0.028125 0.034375
3 0.3 0.64609375 0.02265625 0.034375
7 0.74921875 0.7453125 0.03203125 0.04296875
3 0.5671875 0.55390625 0.025 0.02265625
2 0.5953125 0.44375 0.03125 0.0390625
5 0.5015625 0.44921875 0.0359375 0.0359375
5 0.88515625 0.465625 0.0234375 0.03359375
7 0.78125 0.74765625 0.03671875 0.04296875
7 0.4359375 0.72734375 0.0453125 0.03359375
7 0.39609375 0.7296875 0.03828125 0.0390625
7 0.3140625 0.74765625 0.05625 0.0484375
7 0.27421875 0.83046875 0.0671875 0.0484375
7 0.271875 0.91171875 0.0703125 0.04375
7 0.509375 0.7171875 0.040625 0.0375
7 0.5515625 0.71015625 0.05 0.0375
7 0.61328125 0.68828125 0.03203125 0.03359375
7 0.65234375 0.68359375 0.0453125 0.034375
7 0.703125 0.65859375 0.028125 0.0296875
7 0.190625 0.6671875 0.0390625 0.03046875
3 0.3171875 0.5609375 0.0296875 0.0375
3 0.3921875 0.56875 0.02578125 0.03984375
5 0.96171875 0.4734375 0.0328125 0.028125
3 0.184375 0.53359375 0.02265625 0.028125
3 0.76875 0.62265625 0.03046875 0.0265625
7 0.3578125 0.659375 0.0328125 0.034375
4 0.434375 0.4609375 0.028125 0.01328125
4 0.5640625 0.4703125 0.0265625 0.01171875
5 0.6640625 0.47265625 0.0359375 0.04453125
5 0.66328125 0.465625 0.028125 0.0109375
5 0.765625 0.4984375 0.0453125 0.04375
3 0.621875 0.53203125 0.021875 0.02421875
5 0.290625 0.4734375 0.03515625 0.046875