2 0.28125 0.546875 0.03984375 0.03828125
5 0.4015625 0.55078125 0.03125 0.03203125
5 0.36328125 0.5515625 0.02421875 0.025
5 0.20703125 0.54140625 0.0234375 0.0296875
5 0.190625 0.52578125 0.01796875 0.01953125
7 0.30703125 0.72109375 0.0375 0.02734375
7 0.2765625 0.71875 0.02109375 0.0265625
7 0.21875 0.7171875 0.034375 0.0234375
7 0.19921875 0.7125 0.01875 0.01796875
7 0.215625 0.8921875 0.03515625 0.021875
7 0.19296875 0.8953125 0.02109375 0.01796875
7 0.27734375 0.88984375 0.02421875 0.021875
7 0.3078125 0.88984375 0.04140625 0.02421875
6 0.43046875 0.71015625 0.02734375 0.025
6 0.39375 0.71015625 0.025 0.01953125
6 0.3625 0.69453125 0.01875 0.025