4 0.30703125 0.31015625 0.06015625 0.0265625
4 0.6640625 0.2875 0.07265625 0.025
4 0.4375 0.340625 0.05234375 0.02421875
4 0.7765625 0.33125 0.06171875 0.0265625
1 0.9578125 0.31953125 0.07734375 0.0375
3 0.21875 0.60078125 0.04140625 0.06171875
3 0.41015625 0.590625 0.0375 0.053125
3 0.5046875 0.50234375 0.03046875 0.0453125
3 0.575 0.62265625 0.04765625 0.08515625
3 0.84375 0.63203125 0.04140625 0.07578125
2 0.0546875 0.23125 0.103125 0.14921875
2 0.309375 0.3 0.09765625 0.13203125
2 0.665625 0.28125 0.1015625 0.1484375
2 0.9546875 0.30546875 0.08984375 0.15078125
2 0.77421875 0.3296875 0.08984375 0.109375
2 0.4375 0.30078125 0.0765625 0.053125
2 0.24921875 0.31796875 0.0625 0.10390625
2 0.3546875 0.32421875 0.05234375 0.06640625
3 0.57890625 0.3609375 0.05078125 0.04453125
3 0.76171875 0.57890625 0.04921875 0.04765625
7 0.22265625 0.76953125 0.07265625 0.07421875
7 0.41484375 0.7421875 0.06484375 0.059375
7 0.4734375 0.7046875 0.03828125 0.05703125