2 0.3359375 0.29375 0.0671875 0.09609375
2 0.5078125 0.31484375 0.0609375 0.08828125
2 0.10390625 0.3640625 0.05234375 0.07421875
2 0.6828125 0.31796875 0.0578125 0.08125
3 0.45703125 0.528125 0.0375 0.05234375
3 0.70703125 0.41171875 0.05390625 0.02265625
3 0.0953125 0.4328125 0.03203125 0.03203125
3 0.78125 0.50390625 0.0328125 0.05234375
3 0.8890625 0.49375 0.0328125 0.0453125
3 0.328125 0.45390625 0.0515625 0.0453125
7 0.3625 0.78359375 0.0609375 0.07109375
2 0.8140625 0.325 0.05859375 0.07890625
3 0.11171875 0.46171875 0.034375 0.02734375
3 0.3671875 0.45546875 0.0390625 0.05078125
3 0.61484375 0.51015625 0.028125 0.03828125
3 0.9890625 0.50859375 0.021875 0.05078125
7 0.3015625 0.74140625 0.0421875 0.04765625
7 0.55390625 0.75625 0.0453125 0.06640625
7 0.49140625 0.71796875 0.053125 0.0578125
7 0.6734375 0.734375 0.0390625 0.0515625
7 0.825 0.696875 0.053125 0.05
7 0.9546875 0.6671875 0.05546875 0.05390625
7 0.40703125 0.67734375 0.03828125 0.04453125
7 0.43671875 0.6453125 0.03203125 0.03671875
6 0.2 0.65390625 0.02734375 0.04609375
6 0.18046875 0.6453125 0.02734375 0.034375
6 0.1421875 0.73359375 0.0359375 0.0421875
6 0.10078125 0.70234375 0.0328125 0.03828125
2 0.175 0.37578125 0.05234375 0.0703125
2 0.07109375 0.3671875 0.034375 0.0515625
2 0.209375 0.36953125 0.03203125 0.0484375
2 0.6125 0.3421875 0.0375 0.05
2 0.409375 0.34296875 0.04921875 0.07109375
5 0.58046875 0.34453125 0.0296875 0.03515625
4 0.33515625 0.2953125 0.06015625 0.01875
4 0.1703125 0.3796875 0.03203125 0.0171875
4 0.1015625 0.37109375 0.04296875 0.0234375
4 0.50546875 0.31484375 0.04921875 0.0265625
4 0.68046875 0.32890625 0.053125 0.01953125
4 0.8125 0.3265625 0.05390625 0.025
3 0.24765625 0.5078125 0.02421875 0.03046875