2 0.9203125 0.35234375 0.10078125 0.13046875
2 0.6375 0.38359375 0.05 0.0765625
2 0.31171875 0.390625 0.04609375 0.06875
2 0.04609375 0.396875 0.06953125 0.08359375
2 0.2546875 0.3640625 0.03828125 0.0421875
5 0.17421875 0.378125 0.065625 0.06171875
5 0.4046875 0.39375 0.0359375 0.05
5 0.4421875 0.41484375 0.04765625 0.0703125
5 0.50078125 0.384375 0.03984375 0.05625
5 0.5609375 0.4015625 0.04921875 0.05390625
3 0.50703125 0.47265625 0.0359375 0.03515625
3 0.096875 0.53671875 0.02734375 0.03203125
5 0.79296875 0.38125 0.0671875 0.0734375
5 0.74609375 0.39296875 0.04296875 0.084375
3 0.80234375 0.64453125 0.02890625 0.0359375
3 0.8984375 0.76171875 0.08203125 0.06015625
7 0.45625 0.7515625 0.046875 0.04296875
7 0.40078125 0.76796875 0.03984375 0.0375
7 0.2859375 0.71484375 0.03671875 0.0375
7 0.334375 0.70859375 0.04765625 0.028125
7 0.20390625 0.72734375 0.053125 0.0359375
7 0.15859375 0.73515625 0.03671875 0.046875
7 0.0953125 0.7703125 0.06953125 0.04296875
7 0.1125 0.728125 0.0375 0.04140625
7 0.25625 0.69140625 0.03125 0.028125
7 0.515625 0.68125 0.02890625 0.03203125
7 0.646875 0.7328125 0.03984375 0.0453125
7 0.59375 0.734375 0.04453125 0.03984375
7 0.5375 0.7 0.040625 0.034375
7 0.56875 0.70703125 0.028125 0.0390625
7 0.69140625 0.75546875 0.0625 0.0390625
4 0.04921875 0.4015625 0.05078125 0.01875
1 0.17421875 0.38125 0.0453125 0.015625
4 0.31171875 0.40390625 0.03515625 0.015625
4 0.4046875 0.39375 0.028125 0.0125
4 0.44140625 0.415625 0.03984375 0.021875
4 0.5015625 0.38671875 0.03359375 0.01796875
4 0.56171875 0.40078125 0.034375 0.0171875
4 0.6375 0.39140625 0.04375 0.01796875
4 0.78828125 0.38671875 0.04609375 0.01875
4 0.746875 0.4 0.03125 0.015625