2 0.859375 0.3234375 0.10078125 0.11640625
2 0.5453125 0.38203125 0.0609375 0.07890625
2 0.71171875 0.37578125 0.0625 0.084375
2 0.325 0.36796875 0.05625 0.07265625
2 0.1984375 0.37578125 0.071875 0.08828125
2 0.25703125 0.37890625 0.0453125 0.0671875
5 0.4421875 0.3953125 0.04765625 0.0546875
3 0.5875 0.48828125 0.04140625 0.0296875
3 0.4609375 0.53984375 0.02421875 0.0296875
3 0.38359375 0.55390625 0.0234375 0.0265625
5 0.3546875 0.3765625 0.0296875 0.04921875
5 0.67578125 0.3703125 0.03203125 0.046875
5 0.6484375 0.371875 0.028125 0.046875
3 0.659375 0.509375 0.03359375 0.03359375
3 0.2765625 0.5609375 0.03125 0.0265625
3 0.12734375 0.6203125 0.03984375 0.04453125
7 0.5796875 0.76015625 0.0578125 0.05859375
7 0.490625 0.690625 0.04296875 0.03203125
7 0.43046875 0.6984375 0.04296875 0.0390625
7 0.71328125 0.7375 0.06171875 0.0484375
7 0.6859375 0.7125 0.06015625 0.04453125
7 0.3546875 0.72265625 0.040625 0.0484375
7 0.31640625 0.71796875 0.04140625 0.04921875
7 0.228125 0.7578125 0.06796875 0.05078125
7 0.1765625 0.8 0.0421875 0.0578125
7 0.18046875 0.86953125 0.0453125 0.0578125
7 0.23046875 0.90859375 0.075 0.06171875
7 0.8046875 0.80859375 0.0703125 0.05859375
7 0.80859375 0.865625 0.090625 0.0546875
7 0.7078125 0.92265625 0.0453125 0.04453125
7 0.68203125 0.95078125 0.05703125 0.03515625
7 0.58359375 0.90625 0.06171875 0.05078125
7 0.546875 0.93046875 0.06484375 0.05078125
7 0.42734375 0.96171875 0.04375 0.0359375
7 0.48828125 0.96875 0.04921875 0.0390625
7 0.3546875 0.94296875 0.04140625 0.04453125
7 0.3140625 0.9453125 0.034375 0.0453125
7 0.64375 0.6515625 0.04375 0.03359375
4 0.84375 0.334375 0.06328125 0.03203125
4 0.7046875 0.3796875 0.05 0.02578125
1 0.55 0.384375 0.04140625 0.03203125
1 0.44453125 0.3953125 0.046875 0.0203125
4 0.203125 0.384375 0.046875 0.01875
4 0.25546875 0.3828125 0.0375 0.01640625
4 0.32421875 0.37578125 0.046875 0.0203125