2 0.3015625 0.3375 0.08125 0.10703125
2 0.4140625 0.3453125 0.06328125 0.10546875
2 0.66796875 0.3265625 0.0828125 0.10546875
2 0.1546875 0.4203125 0.03359375 0.0484375
2 0.0703125 0.4234375 0.03125 0.03203125
4 0.41484375 0.35625 0.05703125 0.01875
4 0.6578125 0.325 0.05234375 0.025
4 0.30625 0.34765625 0.06171875 0.03046875
7 0.59140625 0.6015625 0.0359375 0.0390625
7 0.5265625 0.80859375 0.053125 0.0921875
7 0.4234375 0.81015625 0.053125 0.07578125
3 0.45 0.49765625 0.04140625 0.0390625
3 0.39375 0.49921875 0.0546875 0.04296875
2 0.57890625 0.40703125 0.0375 0.04296875
2 0.72578125 0.325 0.0640625 0.08671875
3 0.7515625 0.61953125 0.04375 0.05625
2 0.03671875 0.43046875 0.03203125 0.028125
7 0.14375 0.62890625 0.0359375 0.0296875
7 0.08671875 0.63359375 0.02265625 0.025
7 0.06171875 0.63515625 0.0265625 0.025