2 0.815625 0.21796875 0.10546875 0.1125
5 0.5828125 0.265625 0.09140625 0.0953125
5 0.60546875 0.50625 0.09609375 0.09921875
5 0.471875 0.39453125 0.0671875 0.0640625
5 0.453125 0.2671875 0.05390625 0.0578125
5 0.3828125 0.33984375 0.05703125 0.075
5 0.2640625 0.2796875 0.0765625 0.0859375
5 0.14609375 0.33671875 0.07734375 0.084375
5 0.01796875 0.29921875 0.0359375 0.0578125
6 0.07734375 0.50078125 0.028125 0.03203125
6 0.03515625 0.5046875 0.03203125 0.03203125
5 0.50703125 0.25078125 0.04453125 0.06015625
5 0.88671875 0.4546875 0.04453125 0.0546875
3 0.37265625 0.53515625 0.028125 0.03203125
3 0.45078125 0.51640625 0.03359375 0.0390625
6 0.30390625 0.7171875 0.075 0.05390625
6 0.253125 0.7125 0.04375 0.04921875
6 0.2015625 0.646875 0.0515625 0.0546875
6 0.30625 0.95546875 0.08046875 0.04453125
0 0.14375 0.49765625 0.04453125 0.06015625
0 0.18515625 0.4921875 0.0359375 0.046875
0 0.43671875 0.48125 0.03203125 0.05234375
4 0.80546875 0.2265625 0.059375 0.028125
4 0.58359375 0.284375 0.05 0.0390625
4 0.4515625 0.26640625 0.040625 0.01640625
4 0.50546875 0.2484375 0.03203125 0.0203125
4 0.01796875 0.29921875 0.03046875 0.01484375
4 0.146875 0.35078125 0.04765625 0.03046875