2 0.3765625 0.540625 0.05234375 0.05625
2 0.2671875 0.434375 0.03046875 0.04140625
2 0.28515625 0.51171875 0.04296875 0.04765625
2 0.53828125 0.51015625 0.06171875 0.06015625
2 0.6484375 0.46796875 0.04921875 0.03984375
2 0.50625 0.46484375 0.0375 0.03828125
2 0.796875 0.49609375 0.05625 0.05859375
2 0.6859375 0.5234375 0.05546875 0.05625
2 0.225 0.50625 0.034375 0.034375
2 0.21328125 0.4546875 0.0328125 0.0375
2 0.15703125 0.4625 0.034375 0.0375
2 0.1265625 0.4984375 0.03125 0.03828125
2 0.084375 0.47734375 0.0390625 0.0265625
2 0.06328125 0.50234375 0.03671875 0.03046875
0 0.86328125 0.49609375 0.0390625 0.02734375
2 0.87578125 0.45703125 0.06015625 0.0546875
0 0.58984375 0.5953125 0.03046875 0.0296875
0 0.39765625 0.60546875 0.03359375 0.0390625
0 0.24921875 0.478125 0.02578125 0.02421875
7 0.74921875 0.665625 0.05390625 0.04921875
7 0.69375 0.70390625 0.05859375 0.053125
0 0.71015625 0.484375 0.0359375 0.02421875
0 0.32109375 0.4421875 0.0203125 0.02265625