2 0.46015625 0.4484375 0.0625 0.08515625
1 0.46171875 0.45078125 0.05546875 0.0203125
2 0.72421875 0.3859375 0.0671875 0.0703125
2 0.7265625 0.3328125 0.03671875 0.03359375
2 0.9453125 0.3640625 0.04609375 0.04921875
3 0.38828125 0.64375 0.0390625 0.04296875
3 0.67734375 0.53203125 0.04296875 0.03046875
3 0.77109375 0.5296875 0.040625 0.03046875
3 0.975 0.4171875 0.0265625 0.028125
3 0.9234375 0.41484375 0.02578125 0.028125
7 0.78125 0.7765625 0.06796875 0.0578125
7 0.6953125 0.76015625 0.06328125 0.0484375