2 0.20078125 0.2625 0.16328125 0.14453125
2 0.81328125 0.2890625 0.14765625 0.1578125
3 0.31171875 0.42734375 0.07734375 0.07265625
3 0.4921875 0.37109375 0.04140625 0.05390625
0 0.44140625 0.315625 0.046875 0.0734375
0 0.78671875 0.48046875 0.09609375 0.07265625
0 0.65078125 0.60234375 0.09140625 0.06171875
4 0.8125 0.2984375 0.1015625 0.05390625
4 0.21015625 0.265625 0.11171875 0.0359375
3 0.034375 0.6671875 0.0546875 0.0578125
2 0.08359375 0.3375 0.0984375 0.1015625
2 0.1984375 0.07578125 0.1375 0.14296875
2 0.3546875 0.3109375 0.10234375 0.09921875
4 0.37578125 0.29453125 0.0671875 0.03984375
4 0.20078125 0.07109375 0.11484375 0.0453125
4 0.81484375 0.03984375 0.09296875 0.05078125
3 0.31015625 0.49296875 0.0671875 0.05234375
2 0.35625 0.04296875 0.10859375 0.0859375
4 0.08203125 0.33984375 0.0828125 0.0375