5 0.26171875 0.42890625 0.08359375 0.09765625
2 0.46484375 0.46484375 0.10625 0.10546875
2 0.61484375 0.4359375 0.07421875 0.0921875
2 0.88046875 0.475 0.09296875 0.109375
4 0.60234375 0.44140625 0.06015625 0.02421875
2 0.85 0.44609375 0.0625 0.08203125
1 0.8796875 0.48203125 0.06875 0.0265625
3 0.78828125 0.53046875 0.0375 0.03046875
3 0.58046875 0.65625 0.0359375 0.04296875
3 0.1859375 0.8015625 0.0484375 0.046875
3 0.1859375 0.8640625 0.05625 0.0390625
4 0.4421875 0.4796875 0.05390625 0.02265625