5 0.40625 0.30234375 0.0375 0.04375
5 0.4984375 0.315625 0.0375 0.04140625
5 0.565625 0.3078125 0.0359375 0.0359375
5 0.60234375 0.3296875 0.0390625 0.0375
5 0.68984375 0.3078125 0.04375 0.05234375
3 0.721875 0.4703125 0.03046875 0.03203125
5 0.6265625 0.30234375 0.03515625 0.0390625
5 0.8 0.29453125 0.04140625 0.04921875
5 0.83046875 0.3109375 0.028125 0.0296875
5 0.77421875 0.31015625 0.025 0.034375
0 0.6546875 0.46171875 0.0203125 0.03671875
7 0.39375 0.53828125 0.03359375 0.03203125
7 0.4359375 0.53671875 0.0265625 0.02890625
7 0.52265625 0.54609375 0.03203125 0.028125
7 0.496875 0.5265625 0.025 0.02890625
7 0.56328125 0.54140625 0.02734375 0.02421875
7 0.5890625 0.56875 0.0375 0.03125
7 0.64609375 0.56875 0.02734375 0.034375
7 0.66171875 0.5875 0.04921875 0.03125
7 0.69609375 0.60703125 0.04921875 0.0328125
7 0.7859375 0.584375 0.0421875 0.03125
7 0.7609375 0.53828125 0.04375 0.025
4 0.5625 0.30546875 0.03515625 0.009375
4 0.49765625 0.31484375 0.028125 0.00859375
4 0.40859375 0.3015625 0.03046875 0.009375
4 0.68515625 0.3078125 0.034375 0.01875
4 0.6015625 0.32890625 0.034375 0.01328125
4 0.628125 0.3015625 0.0234375 0.01015625