0 0.28984375 0.5796875 0.0328125 0.0375
0 0.30625 0.51328125 0.02421875 0.03515625
0 0.40546875 0.60078125 0.03203125 0.06484375
0 0.9796875 0.58359375 0.040625 0.0703125
0 0.7234375 0.5890625 0.034375 0.0515625
7 0.35078125 0.61953125 0.02734375 0.0328125
7 0.14375 0.65078125 0.02734375 0.05234375
4 0.5046875 0.41171875 0.05859375 0.0234375
4 0.8328125 0.390625 0.06328125 0.02265625
2 0.50234375 0.4015625 0.06484375 0.0828125
2 0.83515625 0.3828125 0.071875 0.09453125
2 0.35390625 0.37734375 0.0453125 0.0546875
2 0.21875 0.415625 0.05 0.06484375
2 0.1265625 0.39453125 0.04765625 0.05703125
7 0.2421875 0.70234375 0.03203125 0.046875
2 0.096875 0.378125 0.03359375 0.04453125
2 0.15078125 0.36640625 0.03359375 0.0453125
2 0.196875 0.3703125 0.03203125 0.0390625
2 0.24140625 0.37890625 0.0390625 0.04296875
0 0.60703125 0.60859375 0.0375 0.0546875
0 0.39140625 0.5109375 0.02421875 0.028125
0 0.16171875 0.56484375 0.01875 0.0265625
0 0.05 0.49765625 0.0265625 0.03046875
0 0.0796875 0.53828125 0.02109375 0.021875
0 0.16328125 0.534375 0.02109375 0.02265625
7 0.0859375 0.6046875 0.028125 0.03671875
7 0.11953125 0.61171875 0.03828125 0.03671875
7 0.3765625 0.63515625 0.02578125 0.0421875
7 0.46796875 0.6234375 0.03046875 0.034375
4 0.21953125 0.41953125 0.04765625 0.01484375
4 0.3515625 0.38515625 0.0375 0.01015625
2 0.46171875 0.39140625 0.0328125 0.04296875
4 0.1265625 0.4 0.03984375 0.0125
4 0.459375 0.39453125 0.02734375 0.009375