2 0.3515625 0.3796875 0.0640625 0.07578125
2 0.553125 0.3859375 0.06171875 0.07734375
2 0.6796875 0.371875 0.06015625 0.06796875
2 0.74609375 0.3609375 0.0546875 0.065625
2 0.44140625 0.38984375 0.0453125 0.0640625
3 0.7046875 0.52421875 0.028125 0.03359375
2 0.63203125 0.38046875 0.053125 0.071875
2 0.490625 0.38984375 0.0375 0.0453125
2 0.59609375 0.396875 0.0453125 0.053125
2 0.2546875 0.3984375 0.0359375 0.046875
2 0.303125 0.3984375 0.046875 0.05234375
2 0.4078125 0.39375 0.03203125 0.03984375
3 0.68203125 0.5375 0.04375 0.03359375
3 0.8015625 0.5109375 0.02890625 0.0359375
3 0.47890625 0.55390625 0.03046875 0.046875
7 0.5234375 0.7328125 0.03046875 0.05859375
7 0.546875 0.73046875 0.02578125 0.04296875
7 0.6734375 0.7375 0.03515625 0.05078125
7 0.70859375 0.7125 0.03671875 0.065625
7 0.4625 0.6640625 0.03984375 0.0375
7 0.434375 0.6546875 0.0375 0.0375
7 0.3453125 0.74140625 0.04140625 0.05078125
7 0.29375 0.61171875 0.0328125 0.03984375
4 0.7390625 0.365625 0.040625 0.02265625
4 0.678125 0.38125 0.04140625 0.025
4 0.35 0.38359375 0.05 0.028125
4 0.43671875 0.3921875 0.03125 0.0203125
4 0.25390625 0.39921875 0.03203125 0.01640625
4 0.55078125 0.39453125 0.03984375 0.0203125
4 0.63203125 0.38359375 0.0375 0.025
3 0.20625 0.4890625 0.0265625 0.03359375
7 0.23359375 0.5953125 0.025 0.034375
7 0.26015625 0.5953125 0.03125 0.03359375