3 0.45078125 0.8015625 0.07265625 0.103125
4 0.5203125 0.521875 0.0921875 0.03359375
2 0.52421875 0.490625 0.13359375 0.1453125
7 0.615625 0.80078125 0.09609375 0.07890625
2 0.66640625 0.34140625 0.07265625 0.09453125
2 0.8421875 0.32890625 0.0765625 0.09609375
2 0.9625 0.32578125 0.075 0.08515625
3 0.8515625 0.44765625 0.04375 0.04296875
3 0.953125 0.45 0.03828125 0.04296875
7 0.79609375 0.55859375 0.0484375 0.06015625
2 0.721875 0.23203125 0.05859375 0.0578125
2 0.6484375 0.2515625 0.0578125 0.0578125