2 0.3671875 0.4921875 0.0390625 0.04921875
2 0.44921875 0.46328125 0.03671875 0.0546875
2 0.52265625 0.48515625 0.03359375 0.05078125
3 0.33359375 0.62890625 0.02265625 0.02421875
3 0.4 0.62265625 0.01875 0.021875
3 0.48125 0.6265625 0.015625 0.0203125
3 0.5578125 0.6265625 0.02421875 0.02421875
7 0.4640625 0.72734375 0.03515625 0.03828125
7 0.4171875 0.72734375 0.03046875 0.0359375
7 0.37265625 0.72734375 0.03359375 0.03046875
7 0.32421875 0.734375 0.03046875 0.03984375
7 0.5375 0.734375 0.03359375 0.0296875
7 0.50078125 0.734375 0.0359375 0.02421875
4 0.36796875 0.49921875 0.0359375 0.01171875
4 0.45 0.46796875 0.03203125 0.0109375
4 0.52109375 0.48984375 0.0328125 0.0125