5 0.16328125 0.5078125 0.05859375 0.06328125
5 0.4875 0.5109375 0.03203125 0.04921875
5 0.45 0.51171875 0.028125 0.03515625
5 0.3671875 0.52109375 0.03046875 0.0390625
5 0.5734375 0.52890625 0.0375 0.03515625
5 0.3125 0.521875 0.02578125 0.03515625
5 0.73828125 0.50859375 0.0265625 0.03046875
5 0.80078125 0.521875 0.03671875 0.0421875
5 0.84453125 0.52109375 0.03359375 0.0328125
5 0.9546875 0.5125 0.03125 0.04453125
5 0.91796875 0.52421875 0.0296875 0.02734375
5 0.2734375 0.52734375 0.0265625 0.02890625
5 0.05859375 0.5359375 0.0328125 0.0375
5 0.02734375 0.5296875 0.0375 0.03359375
5 0.2015625 0.5203125 0.0390625 0.04140625
5 0.38828125 0.52109375 0.02578125 0.03203125
5 0.6359375 0.53671875 0.03671875 0.04296875
5 0.55703125 0.515625 0.02890625 0.0296875
5 0.88203125 0.53046875 0.02421875 0.028125
3 0.13671875 0.68125 0.0375 0.03515625
3 0.1125 0.684375 0.02890625 0.0375
3 0.13984375 0.98046875 0.03359375 0.0390625
3 0.1125 0.98203125 0.03203125 0.0359375
3 0.58125 0.64609375 0.0234375 0.02578125
3 0.93359375 0.61796875 0.01875 0.028125
3 0.77265625 0.65 0.02578125 0.02578125
3 0.2359375 0.65390625 0.02265625 0.0359375
3 0.309375 0.61015625 0.028125 0.02265625
4 0.73671875 0.5109375 0.02421875 0.0109375
7 0.35 0.759375 0.0296875 0.03046875
7 0.39609375 0.7609375 0.02734375 0.0328125
7 0.7296875 0.6984375 0.03984375 0.021875
6 0.9640625 0.725 0.0421875 0.021875
6 0.95 0.71015625 0.04375 0.01875
6 0.925 0.68515625 0.03125 0.015625
7 0.75078125 0.69375 0.0234375 0.01875
7 0.3140625 0.728125 0.02421875 0.01796875
7 0.28515625 0.725 0.021875 0.0203125
7 0.21953125 0.765625 0.0515625 0.03046875
7 0.053125 0.71640625 0.03359375 0.01875