5 0.178125 0.459375 0.090625 0.10703125
5 0.265625 0.45078125 0.06015625 0.06796875
5 0.32421875 0.4265625 0.04140625 0.0578125
5 0.48671875 0.41171875 0.0375 0.046875
5 0.60234375 0.41640625 0.0375 0.03984375
5 0.81171875 0.45703125 0.096875 0.0828125
5 0.72578125 0.42890625 0.05078125 0.06640625
5 0.69140625 0.425 0.04609375 0.065625
3 0.296875 0.57421875 0.06953125 0.05859375
3 0.465625 0.471875 0.028125 0.025
3 0.496875 0.4734375 0.03203125 0.03046875
3 0.67578125 0.49375 0.05 0.02421875
3 0.6703125 0.4671875 0.0390625 0.02421875
3 0.59375 0.465625 0.03125 0.02265625
5 0.96328125 0.50078125 0.07265625 0.1546875
3 0.3453125 0.5171875 0.04921875 0.046875