5 0.58203125 0.34453125 0.0734375 0.08046875
5 0.48125 0.359375 0.053125 0.06640625
5 0.35234375 0.3703125 0.06796875 0.065625
5 0.13203125 0.35546875 0.0703125 0.075
5 0.040625 0.36015625 0.05078125 0.05234375
5 0.22578125 0.37265625 0.0484375 0.05859375
5 0.88359375 0.3828125 0.07890625 0.0921875
3 0.34140625 0.57421875 0.046875 0.04296875
3 0.53359375 0.56796875 0.06015625 0.05234375
3 0.8296875 0.61171875 0.05078125 0.075
3 0.22734375 0.49765625 0.0375 0.0390625
4 0.58125 0.3421875 0.059375 0.02578125
4 0.1296875 0.346875 0.0609375 0.03828125
4 0.35 0.3671875 0.05625 0.01875
1 0.478125 0.35546875 0.04453125 0.02109375
4 0.225 0.37265625 0.040625 0.01640625
4 0.040625 0.35859375 0.03984375 0.0171875
5 0.77109375 0.40390625 0.05078125 0.0578125
5 0.81875 0.37109375 0.05078125 0.05859375
5 0.94609375 0.37578125 0.04296875 0.0625
3 0.96328125 0.63203125 0.0265625 0.05078125
3 0.63515625 0.54921875 0.0390625 0.0375
3 0.028125 0.50625 0.0359375 0.0375
5 0.4015625 0.38515625 0.0359375 0.06796875
5 0.58203125 0.04921875 0.0765625 0.08515625
5 0.4828125 0.03515625 0.05625 0.0703125
5 0.36015625 0.0296875 0.0640625 0.059375
5 0.13359375 0.0390625 0.07734375 0.07578125
5 0.225 0.025 0.053125 0.04921875
5 0.0390625 0.02734375 0.05 0.0546875
5 0.88359375 0.03125 0.0890625 0.0625