5 0.409375 0.31484375 0.06796875 0.075
5 0.59140625 0.303125 0.0625 0.075
2 0.7921875 0.30546875 0.07734375 0.1109375
2 0.14921875 0.28671875 0.08125 0.10546875
4 0.41484375 0.31171875 0.05703125 0.0171875
3 0.2375 0.353125 0.0359375 0.0578125
5 0.94609375 0.3328125 0.05546875 0.06015625
7 0.1375 0.81328125 0.07578125 0.06171875
7 0.19765625 0.76875 0.08984375 0.06015625
7 0.41953125 0.75390625 0.07734375 0.065625
7 0.546875 0.775 0.05625 0.0625
7 0.6265625 0.771875 0.07265625 0.05625
7 0.74296875 0.78359375 0.05390625 0.0578125
7 0.82421875 0.77734375 0.075 0.05859375
7 0.9078125 0.659375 0.0390625 0.04296875
7 0.96484375 0.65703125 0.046875 0.04296875
3 0.63203125 0.475 0.04296875 0.046875
4 0.59453125 0.30625 0.05546875 0.025
4 0.796875 0.30390625 0.0625 0.025
4 0.95078125 0.32890625 0.04140625 0.02421875
4 0.15 0.290625 0.0609375 0.03046875
3 0.9328125 0.434375 0.02421875 0.02421875
5 0.3484375 0.365625 0.0359375 0.03203125