4 0.38203125 0.425 0.028125 0.0125
4 0.05390625 0.43671875 0.034375 0.01015625
4 0.5140625 0.44140625 0.03671875 0.01484375
4 0.6625 0.4046875 0.03203125 0.009375
2 0.58046875 0.4296875 0.03203125 0.04296875
2 0.4328125 0.42890625 0.0453125 0.053125
2 0.5140625 0.4359375 0.0453125 0.04453125
2 0.27578125 0.44375 0.02890625 0.040625
2 0.7390625 0.41953125 0.03828125 0.0578125
3 0.375 0.57890625 0.02265625 0.03125
3 0.028125 0.56484375 0.01953125 0.03671875
3 0.221875 0.496875 0.03046875 0.01796875
4 0.2015625 0.44453125 0.03359375 0.0125
4 0.096875 0.4359375 0.0265625 0.009375
2 0.028125 0.4375 0.040625 0.046875
2 0.0578125 0.43203125 0.0359375 0.05703125
2 0.0953125 0.428125 0.03984375 0.053125
2 0.17421875 0.43046875 0.0265625 0.04375
2 0.2046875 0.43984375 0.04140625 0.04765625
2 0.3765625 0.4171875 0.04453125 0.0609375
2 0.5484375 0.43984375 0.02578125 0.0234375
2 0.6640625 0.40625 0.0421875 0.0484375
2 0.70390625 0.4046875 0.03671875 0.05390625
2 0.778125 0.41171875 0.04609375 0.053125
3 0.55 0.46796875 0.0234375 0.02421875
3 0.55234375 0.534375 0.021875 0.02421875
3 0.6890625 0.50078125 0.02890625 0.0296875
3 0.71015625 0.50703125 0.02734375 0.01953125
3 0.3 0.51640625 0.01953125 0.0234375
3 0.25 0.53203125 0.02265625 0.02421875
4 0.578125 0.43203125 0.021875 0.01484375