2 0.59921875 0.53046875 0.04921875 0.0578125
2 0.16171875 0.55390625 0.05078125 0.053125
2 0.0390625 0.503125 0.0484375 0.0578125
2 0.7859375 0.5359375 0.04375 0.05234375
2 0.3890625 0.41171875 0.04296875 0.0546875
2 0.3453125 0.29453125 0.03203125 0.03359375
2 0.31640625 0.2703125 0.028125 0.04140625
2 0.5640625 0.42265625 0.04765625 0.06015625
2 0.62265625 0.4265625 0.0453125 0.05234375
2 0.790625 0.42890625 0.05078125 0.05859375
2 0.83984375 0.41953125 0.0390625 0.04296875
2 0.77421875 0.40625 0.0359375 0.03984375
2 0.34140625 0.04140625 0.028125 0.03203125
2 0.3171875 0.06796875 0.03203125 0.034375
7 0.73515625 0.80234375 0.0546875 0.03984375
7 0.59921875 0.81484375 0.065625 0.034375
7 0.7984375 0.80078125 0.04453125 0.0359375
7 0.79453125 0.85703125 0.0390625 0.04375
7 0.7375 0.85859375 0.059375 0.03984375
7 0.3265625 0.48203125 0.02890625 0.0265625
7 0.27890625 0.4703125 0.0328125 0.0296875
3 0.76875 0.4953125 0.0390625 0.0296875
3 0.4 0.46640625 0.028125 0.03046875
3 0.090625 0.65 0.02578125 0.028125