5 0.53828125 0.3234375 0.11328125 0.11875
5 0.41171875 0.3 0.1015625 0.12578125
3 0.215625 0.25859375 0.07265625 0.0671875
3 0.33671875 0.346875 0.05078125 0.075
5 0.734375 0.2671875 0.12890625 0.15390625
5 0.8875 0.2203125 0.16953125 0.18046875
5 0.146875 0.33671875 0.065625 0.08203125
4 0.39765625 0.28828125 0.06328125 0.0359375
4 0.51796875 0.303125 0.0734375 0.02265625
4 0.6984375 0.25859375 0.06015625 0.03203125
5 0.07578125 0.32421875 0.0546875 0.06171875
1 0.84609375 0.20859375 0.084375 0.03984375
4 0.075 0.31875 0.03515625 0.02109375
4 0.14921875 0.34375 0.05234375 0.03515625
3 0.47421875 0.64921875 0.06953125 0.06953125
5 0.6421875 0.27890625 0.06796875 0.0734375