5 0.4078125 0.140625 0.15078125 0.221875
5 0.73359375 0.20390625 0.17734375 0.275
3 0.91875 0.6375 0.1171875 0.17421875
3 0.35546875 0.67890625 0.06171875 0.12109375
3 0.16640625 0.609375 0.07578125 0.1453125
4 0.4046875 0.153125 0.09765625 0.09921875
4 0.74375 0.25703125 0.05859375 0.1375
6 0.2375 0.78671875 0.07421875 0.14296875
6 0.034375 0.915625 0.06875 0.165625
6 0.33671875 0.7265625 0.08984375 0.13203125
3 0.07265625 0.60078125 0.06015625 0.10859375
0 0.02734375 0.57734375 0.0546875 0.14140625