2 0.675056104797019 0.4 0.05820338544042354 0.0671875
2 0.5704095114128773 0.40703125 0.0628545240041051 0.0609375
9 0.6738708546988231 0.46484375 0.028270445745273775 0.025
9 0.5637009691602037 0.4625 0.02831589754067192 0.0328125
13 0.52734375 0.56640625 0.1328125 0.2046875
13 0.65703125 0.565625 0.1234375 0.2
11 0.64453125 0.51640625 0.1484375 0.3046875
11 0.5296875 0.51796875 0.18125 0.3015625
2 0.8088765928931624 0.2296875 0.16038402985783762 0.1734375
10 0.78046875 0.53359375 0.1234375 0.2703125
11 0.859375 0.3984375 0.28125 0.540625
9 0.771436201108027 0.37421875 0.08007838544042345 0.0671875
9 0.5036856197259378 0.95859375 0.028343168617910842 0.0375
5 0.5133782614128773 0.87890625 0.06601588544042354 0.0671875
10 0.49765625 0.97890625 0.1265625 0.0421875
11 0.48203125 0.91875 0.2046875 0.1625
8 0.81875 0.89140625 0.2 0.2171875
5 0.925 0.9109375 0.15 0.159375
11 0.859375 0.88125 0.28125 0.2375
2 465.25811767578125 99.67321014404297 93.6787109375 164.36310577392578
2 415.7969970703125 236.57493591308594 33.232666015625 72.04591369628906
2 345.5677490234375 243.625 36.185302734375 61.469970703125
3 424.65228271484375 365.47576904296875 35.473388671875 33.225830078125
2 345.7696533203125 243.56353759765625 36.0208740234375 31.93359375
5 299.562255859375 528.40625 50.3587646484375 96.5458984375
1 470.386962890625 149.3837890625 67.76300048828125 82.258544921875
4 418.39385986328125 272.4703369140625 28.8084716796875 16.63348388671875
1 475.35302734375 149.74444580078125 60.387939453125 62.2615966796875