2 0.56328125 0.3765625 0.10078125 0.128125
4 0.74921875 0.37890625 0.10546875 0.0375
0 0.634375 0.73203125 0.04609375 0.08828125
3 0.3390625 0.73046875 0.0390625 0.06171875
4 0.284375 0.38828125 0.0765625 0.025
4 0.5546875 0.378125 0.07734375 0.0296875
2 0.26875 0.38984375 0.13046875 0.14453125
2 0.74765625 0.371875 0.115625 0.1453125
2 0.70546875 0.41640625 0.05546875 0.10703125
0 0.478125 0.3734375 0.06640625 0.0625
0 0.63359375 0.925 0.05078125 0.08984375
3 0.3390625 0.9171875 0.05 0.06640625
2 0.12265625 0.365625 0.13984375 0.190625
4 0.15078125 0.3765625 0.07890625 0.0453125