10 0.3671875 0.296875 0.084375 0.24375
9 0.4 0.1296875 0.01875 0.05625
5 0.39609375 0.0359375 0.0265625 0.065625
11 0.3703125 0.209375 0.078125 0.41875
2 0.021973355307137555 0.46328125 0.026962489337999784 0.034375
2 0.3020784786362286 0.49453125 0.025436352005090514 0.0375
13 0.29343872795991094 0.565625 0.036955654678545 0.0875
9 0.3009426926320925 0.525 0.011101132001908987 0.0140625
11 0.29288419728677484 0.61328125 0.05479877737108918 0.278125
9 0.020819387969455948 0.4953125 0.011119313335454439 0.015625
13 0.01796875 0.55 0.0359375 0.115625
11 0.02265625 0.58828125 0.0453125 0.2859375
10 0.509375 0.9140625 0.11875 0.171875
10 0.6640625 0.9125 0.11875 0.175
10 0.84296875 0.9125 0.0984375 0.175
10 0.96875 0.9 0.0625 0.196875
5 0.8461910106222292 0.71640625 0.07113066000954511 0.0703125
9 0.5145319306174568 0.7515625 0.0442227146721816 0.040625
9 0.8466989932765936 0.80703125 0.04740225867281787 0.0453125
11 0.96171875 0.859375 0.0765625 0.28125
11 0.80859375 0.8375 0.2796875 0.325
11 0.628125 0.89453125 0.228125 0.2109375
11 0.5015625 0.859375 0.184375 0.28125
5 516.06298828125 430.1695556640625 571.8385009765625 532.5171508789062
4 526.9567260742188 470.9326477050781 566.6973266601562 501.3619689941406