13 0.128125 0.1703125 0.190625 0.340625
11 0.16640625 0.23984375 0.3109375 0.4796875
9 0.13359375 0.02421875 0.0609375 0.0484375
2 0.63359375 0.9734375 0.1734375 0.053125
2 0.8185194492759571 0.8465360523098184 0.14102608402290792 0.169559041958086
11 0.8296875 0.8796875 0.290625 0.240625
3 117.95498657226562 143.99411010742188 37.904754638671875 66.5494384765625
2 479.98858642578125 487.489013671875 88.7034912109375 149.076416015625
3 32.59161376953125 128.700439453125 33.323944091796875 70.4320068359375
2 50.63002395629883 0.0 63.774288177490234 34.55054473876953
2 361.45245361328125 606.8377685546875 87.94140625 33.1622314453125