2 0.03125 0.021875 0.0625 0.04375
2 0.16111295938095244 0.06953125 0.1196954293443632 0.08125
10 0.15992427140354232 0.2359375 0.17721812269254436 0.190625
10 0.02421875 0.15703125 0.0484375 0.1609375
9 0.01640625 0.06796875 0.0328125 0.0390625
9 0.13364248738858836 0.12578125 0.05043635200509069 0.0375
11 0.075 0.184375 0.15 0.36875
11 0.14453125 0.1953125 0.2609375 0.346875
2 65.18325805664062 23.377365112304688 133.2213134765625 100.5770263671875
2 0.16761016845703125 0.0 33.25762939453125 56.6556510925293
4 0.17047691345214844 13.883705139160156 28.836822509765625 35.562469482421875
4 69.7708740234375 55.61851119995117 121.58869934082031 79.15715026855469
3 43.129486083984375 72.86309814453125 88.75251770019531 115.85641479492188
4 67.04405212402344 55.397125244140625 105.21629333496094 74.95158386230469