0 0.48359375 0.65234375 0.071875 0.06015625
1 0.26328125 0.35703125 0.10703125 0.0546875
2 0.24765625 0.321875 0.16015625 0.1953125
2 0.584375 0.46015625 0.04375 0.0390625
2 0.7859375 0.571875 0.0515625 0.0578125
2 0.5 0.25859375 0.0265625 0.03359375
2 0.503125 0.08203125 0.03125 0.02265625
2 0.24375 0.0640625 0.15625 0.12734375
2 104.01815795898438 138.57815551757812 216.27197265625 231.407958984375
13 361.86456298828125 305.34539794921875 393.946044921875 356.359130859375
11 3.63629150390625 135.58880615234375 317.54718017578125 440.59674072265625
9 146.64886474609375 236.4635009765625 188.62701416015625 270.2738952636719
2 364.3998107910156 279.69830322265625 386.6100158691406 295.3411865234375
11 361.63360595703125 276.98260498046875 399.56964111328125 445.14630126953125
11 0.0509033203125 135.6842041015625 317.3291015625 640.0
10 1.131195068359375 260.62890625 180.11529541015625 640.0