2 0.21015625 0.346875 0.1015625 0.1265625
5 0.40390625 0.359375 0.053125 0.06953125
3 0.2265625 0.6453125 0.04921875 0.04296875
3 0.303125 0.478125 0.03828125 0.0375
3 0.3671875 0.5265625 0.03046875 0.05234375
3 0.4453125 0.52109375 0.0234375 0.0453125
5 0.25078125 0.37421875 0.04921875 0.07734375
3 0.28203125 0.5390625 0.0296875 0.04140625
7 0.4015625 0.6796875 0.05703125 0.0640625
7 0.35078125 0.703125 0.04921875 0.0546875
2 0.59765625 0.46640625 0.0375 0.034375
4 0.41015625 0.36328125 0.03203125 0.02421875
11 50.46177673339844 177.09197998046875 198.0042266845703 640.0
13 65.47325134277344 253.42864990234375 173.20428466796875 426.06182861328125
11 212.17279052734375 197.73219299316406 290.2577819824219 448.1884765625
10 223.84725952148438 245.45896911621094 277.49908447265625 321.10009765625
2 103.12164306640625 181.86688232421875 168.32937622070312 229.24697875976562
10 366.88739013671875 308.7376403808594 395.39093017578125 353.5048522949219
11 363.2137756347656 285.14947509765625 401.8702697753906 373.7098388671875
9 130.9690704345703 239.65573120117188 151.8438262939453 261.8006896972656
2 371.4573974609375 287.06109619140625 391.74365234375 304.17340087890625
11 135.91830444335938 186.14956665039062 206.50186157226562 459.0062561035156
11 135.79556274414062 193.06396484375 195.91366577148438 402.66986083984375
9 146.12518310546875 242.38516235351562 165.86651611328125 264.109375
9 248.5393829345703 233.6858367919922 270.62237548828125 255.21046447753906
5 244.9177703857422 201.27291870117188 274.67877197265625 223.93368530273438