2 0.3109375 0.3359375 0.08671875 0.11328125
2 0.4359375 0.31484375 0.08828125 0.10546875
2 0.5484375 0.3171875 0.0921875 0.11640625
2 0.83515625 0.32109375 0.08515625 0.084375
2 0.928125 0.3328125 0.08203125 0.10703125
2 0.68515625 0.33984375 0.06875 0.1078125
4 0.31328125 0.3421875 0.05703125 0.02109375
4 0.4328125 0.315625 0.0671875 0.02265625
4 0.53515625 0.31875 0.06328125 0.02265625
4 0.68515625 0.34609375 0.05859375 0.02421875
4 0.828125 0.32578125 0.053125 0.0296875
4 0.92578125 0.33828125 0.07265625 0.0359375
3 0.9515625 0.64375 0.04921875 0.0640625
3 0.44140625 0.5953125 0.0359375 0.05234375
3 0.225 0.60859375 0.03984375 0.053125
3 0.3703125 0.61953125 0.02890625 0.05625
3 0.75 0.58203125 0.0359375 0.05078125
3 0.6359375 0.62578125 0.0421875 0.0625
7 0.37265625 0.80078125 0.06328125 0.08671875
7 0.69921875 0.8078125 0.0625 0.0640625
7 0.81328125 0.80625 0.04140625 0.05625
2 167.89862060546875 178.57525634765625 56.923553466796875 37.902740478515625
2 416.379638671875 182.79811096191406 45.4071044921875 33.90838623046875
2 317.0914306640625 164.6824493408203 71.919189453125 41.78289794921875
2 507.5432434082031 175.678466796875 55.723114013671875 35.91595458984375
10 550.83447265625 250.15476989746094 86.8111572265625 159.20912170410156
2 252.2587890625 168.3939208984375 56.2857666015625 33.7548828125
2 566.4666748046875 177.98146057128906 59.2255859375 37.1904296875
10 301.85107421875 238.35211181640625 99.8433837890625 116.82470703125
10 488.36199951171875 233.0137939453125 74.2197265625 106.55889892578125
11 477.3909606933594 174.0127716064453 93.79397583007812 315.86033630371094
10 140.23504638671875 252.96002197265625 85.41021728515625 103.22576904296875
10 407.66650390625 244.32388305664062 66.14959716796875 135.43023681640625
11 112.0509262084961 176.4931640625 137.47614288330078 463.5068359375
9 426.49151611328125 229.0994873046875 23.12615966796875 15.157012939453125
9 182.80120849609375 228.12490844726562 31.0323486328125 20.05584716796875
11 265.61285400390625 167.52294921875 155.304443359375 472.47705078125
11 529.1002197265625 176.5855712890625 110.8997802734375 462.80340576171875
11 392.6029052734375 179.85833740234375 95.3790283203125 345.7506103515625
11 219.44554138183594 166.29766845703125 96.18580627441406 366.65594482421875
9 262.5995178222656 210.22610473632812 28.58941650390625 17.65631103515625
9 572.6429443359375 222.65802001953125 31.9593505859375 19.09368896484375
9 513.915771484375 217.023193359375 26.60595703125 15.7109375
10 238.7723846435547 231.94122314453125 68.68312072753906 136.03955078125
9 333.6451416015625 214.21469116210938 29.9775390625 26.9510498046875
2 378.8049011230469 174.63064575195312 16.54534912109375 30.63482666015625
13 465.0755615234375 302.15185546875 28.5018310546875 78.84210205078125