9 0.292435401351301 0.37617005191703506 0.06289088544042372 0.0675511143631848
5 0.30863763915285675 0.2768603983262389 0.08484769867214012 0.08174087939029935
11 0.28359375 0.34375 0.3109375 0.25
12 0.11484375 0.734375 0.2296875 0.53125
9 0.146875 0.95 0.15 0.1
5 0.20401377166641402 0.6511513503180287 0.2028987827847038 0.2308601563212708
11 0.21953125 0.746875 0.4390625 0.50625
8 0.7328125 0.60078125 0.525 0.2640625
10 0.71953125 0.81171875 0.5609375 0.3765625
11 0.71953125 0.734375 0.5609375 0.53125
5 38.076934814453125 352.78753662109375 191.68167114257812 640.0
2 400.19171142578125 299.59222412109375 640.0 447.350830078125