5 0.70390625 0.50078125 0.0234375 0.02578125
5 0.57890625 0.421875 0.01640625 0.021875
5 0.496875 0.42109375 0.0140625 0.02734375
2 0.2625 0.51015625 0.0328125 0.034375
2 0.4234375 0.428125 0.0203125 0.0203125
5 0.46875 0.41953125 0.01875 0.015625
5 0.53359375 0.43671875 0.0125 0.01875
11 355.9996337890625 260.11566162109375 377.4281005859375 330.07855224609375
11 304.119140625 260.21759033203125 330.62841796875 312.8560791015625
12 516.8973388671875 314.9957275390625 530.4940185546875 343.5716552734375
10 359.2381591796875 275.4053955078125 373.600341796875 301.20306396484375
12 571.030517578125 331.81634521484375 592.965576171875 373.44281005859375
11 235.06829833984375 257.61871337890625 250.26486206054688 276.76580810546875
2 264.3565368652344 265.65618896484375 277.6468200683594 276.26605224609375
10 306.389404296875 276.38897705078125 324.99505615234375 311.05169677734375
5 311.2524108886719 260.28021240234375 323.1243591308594 272.32696533203125