5 0.53828125 0.3234375 0.11328125 0.11875
5 0.41171875 0.3 0.1015625 0.12578125
3 0.215625 0.25859375 0.07265625 0.0671875
3 0.33671875 0.346875 0.05078125 0.075
5 0.734375 0.2671875 0.12890625 0.15390625
5 0.8875 0.2203125 0.16953125 0.18046875
5 0.146875 0.33671875 0.065625 0.08203125
4 0.39765625 0.28828125 0.06328125 0.0359375
4 0.51796875 0.303125 0.0734375 0.02265625
4 0.6984375 0.25859375 0.06015625 0.03203125
5 0.07578125 0.32421875 0.0546875 0.06171875
1 0.84609375 0.20859375 0.084375 0.03984375
4 0.075 0.31875 0.03515625 0.02109375
4 0.14921875 0.34375 0.05234375 0.03515625
3 0.47421875 0.64921875 0.06953125 0.06953125
5 0.6421875 0.27890625 0.06796875 0.0734375
10 503.41156005859375 190.37252807617188 627.0654907226562 506.6696472167969
10 261.2713623046875 236.8775177001953 392.30767822265625 484.60089111328125
11 477.3638000488281 68.71757507324219 627.548095703125 511.45758056640625
10 411.7425537109375 212.12281799316406 535.4080810546875 489.844482421875
11 239.5704803466797 157.6695098876953 421.00286865234375 512.5460815429688
11 67.12705993652344 181.64743041992188 162.18768310546875 511.7991638183594
11 14.565361022949219 182.97174072265625 89.86363983154297 473.98748779296875
9 226.65264892578125 193.90628051757812 272.6189270019531 228.18386840820312
5 434.09967041015625 116.12437438964844 518.23291015625 164.9812469482422
11 148.45559692382812 139.73223876953125 310.61865234375 512.256103515625
10 15.700050354003906 232.9503173828125 70.1093521118164 356.46173095703125
5 525.430908203125 79.16996765136719 627.83251953125 136.79251098632812
9 39.34283447265625 212.82623291015625 60.204498291015625 227.04183959960938
5 69.47085571289062 188.21249389648438 114.27801513671875 217.33782958984375
10 82.32504272460938 227.1705322265625 148.18563842773438 356.3843994140625
9 309.49652099609375 204.9749755859375 351.51080322265625 234.91070556640625
9 510.403076171875 143.67739868164062 564.9053955078125 188.76657104492188
11 366.9736328125 107.3822021484375 548.6322021484375 512.273193359375
5 32.240692138671875 184.08078002929688 61.26811218261719 199.58526611328125
5 244.52047729492188 145.944091796875 306.2051086425781 192.30255126953125
9 419.58099365234375 220.07891845703125 453.23992919921875 250.14581298828125
5 312.07989501953125 164.48977661132812 385.65802001953125 199.1688232421875
5 392.9124755859375 152.1545867919922 432.3900146484375 179.81532287597656
9 425.11627197265625 180.810302734375 472.46221923828125 210.840087890625
10 206.14523315429688 219.0649871826172 285.2997131347656 365.91058349609375
10 382.0859375 244.9464111328125 441.685546875 403.57049560546875
9 90.08226013183594 225.31600952148438 112.99429321289062 243.43051147460938
10 381.3626708984375 245.6043701171875 445.46600341796875 497.37298583984375
11 379.7628173828125 149.87249755859375 432.2652587890625 251.65560913085938