2 0.7984375 0.28984375 0.06484375 0.0921875
2 0.37578125 0.384375 0.0796875 0.11796875
2 0.4875 0.38984375 0.0828125 0.1125
2 0.64140625 0.3546875 0.0796875 0.10703125
5 0.19609375 0.3265625 0.07890625 0.08828125
3 0.6078125 0.57265625 0.0671875 0.0390625
3 0.9546875 0.6078125 0.08984375 0.1125
3 0.21171875 0.553125 0.04375 0.06953125
4 0.2 0.325 0.0734375 0.0296875
4 0.64765625 0.3640625 0.0625 0.0265625
2 0.5578125 0.37265625 0.06328125 0.11640625
4 0.36953125 0.39296875 0.07109375 0.028125
4 0.48671875 0.38984375 0.0671875 0.02578125
4 0.55546875 0.38359375 0.0578125 0.0203125
4 0.790625 0.03515625 0.05390625 0.01484375
2 0.79453125 0.0421875 0.08203125 0.084375
3 0.52578125 0.61484375 0.06015625 0.04921875
3 0.834375 0.41015625 0.04453125 0.028125
3 0.1484375 0.496875 0.0640625 0.05390625
4 0.7921875 0.296875 0.05390625 0.03046875
13 279.59686279296875 270.03424072265625 378.265869140625 434.93389892578125
2 382.54058837890625 186.3359375 436.14495849609375 228.0294189453125
13 467.9248046875 205.33526611328125 557.3197021484375 328.180908203125
11 361.7388916015625 182.38525390625 500.195556640625 532.8984375
13 189.37625122070312 271.67706298828125 287.8047180175781 396.52813720703125
11 452.4130859375 148.15570068359375 576.31591796875 476.68170166015625
2 483.39141845703125 152.83267211914062 532.5744018554688 190.51986694335938
2 283.00762939453125 209.6444091796875 341.90753173828125 247.0142822265625
11 270.89923095703125 197.23252868652344 401.88580322265625 639.191162109375
9 399.03558349609375 237.27914428710938 429.06573486328125 262.5146484375
2 332.47784423828125 198.64712524414062 378.73052978515625 243.64254760742188
2 209.94073486328125 201.9270782470703 270.56719970703125 253.8666534423828
9 492.98480224609375 192.9652557373047 522.2857055664062 213.1536102294922
11 172.79901123046875 197.9197998046875 304.3590087890625 638.854736328125
9 296.33489990234375 251.2406005859375 329.93316650390625 279.77239990234375
11 88.0271987915039 172.00831604003906 190.13247680664062 460.1136474609375
9 111.45257568359375 207.95323181152344 146.15435791015625 235.50718688964844
13 107.00225830078125 232.50628662109375 176.31048583984375 378.93310546875
11 173.3214569091797 197.1781005859375 368.83868408203125 639.8404541015625
13 370.6700439453125 256.76483154296875 488.5743408203125 376.03125
5 102.41781616210938 173.87255859375 148.8283233642578 195.2222900390625
9 346.4642639160156 249.73794555664062 371.4928894042969 273.0737609863281
11 574.7798461914062 277.07647705078125 640.0 640.0
11 430.48126220703125 138.44268798828125 639.5946655273438 640.0