13 0.96015625 0.5734375 0.0609375 0.046875
13 0.87734375 0.596875 0.0890625 0.09375
13 0.78828125 0.5640625 0.0765625 0.028125
13 0.64609375 0.578125 0.0796875 0.05625
11 0.984375 0.60703125 0.03125 0.1140625
11 0.93046875 0.58203125 0.0265625 0.0640625
11 0.95703125 0.62578125 0.0703125 0.1515625
11 0.8734375 0.68984375 0.096875 0.2796875
11 0.81796875 0.6109375 0.0453125 0.121875
11 0.784375 0.64765625 0.078125 0.1953125
11 0.69375 0.60234375 0.053125 0.1046875
11 0.61875 0.6828125 0.128125 0.265625
11 0.59140625 0.6171875 0.0609375 0.134375