12 0.17265625 0.27696597921734867 0.0765625 0.1754454275949012
12 0.3 0.1387251149523599 0.0359375 0.09239657825883114
12 0.38046875 0.07419446145975961 0.0265625 0.06577953610435347
12 0.4484375 0.04645528083979622 0.0203125 0.05168067466803503
12 0.49296875 0.030571205606027087 0.015625 0.04696590359079611
11 0.628125 0.2958205183467643 0.034375 0.08926248789975162
10 0.6171875 0.2583841508603217 0.0109375 0.011001132513557365
9 0.61953125 0.2677455153217022 0.0046875 0.009402271077238834
10 0.6171875 0.2833841508603216 0.0109375 0.023501132513557364
11 0.13203125 0.49296875 0.0546875 0.0265625
9 0.728125 0.51640625 0.2 0.0734375
10 0.76484375 0.565625 0.4703125 0.171875
11 0.76484375 0.571875 0.4703125 0.184375
9 0.840625 0.9084734918085765 0.240625 0.16702491529826097
5 0.8203125 0.7023416664766116 0.2421875 0.10453400565734086
11 0.76484375 0.81953125 0.4703125 0.3609375
2 439.70751953125 422.0406494140625 178.2252197265625 209.783935546875