11 0.67578125 0.05546875 0.1484375 0.1109375
9 0.4750154446212749 0.2668112918598901 0.023819308004454243 0.032948855386194256
2 0.47902223929822885 0.19104822257804935 0.0778533746817267 0.11138292759490129
8 0.34609375 0.65859375 0.1671875 0.3140625
5 0.3671875 0.46640625 0.125 0.0796875
10 0.21484375 0.909375 0.4296875 0.18125
11 0.21484375 0.7046875 0.4296875 0.590625
11 0.6921875 0.93828125 0.228125 0.1234375
2 276.05694580078125 87.90643310546875 55.5257568359375 96.41143798828125
4 286.55352783203125 138.3274383544922 31.853515625 27.993682861328125
3 434.33551025390625 546.8873901367188 80.75177001953125 92.91748046875