2 0.3671875 0.4921875 0.0390625 0.04921875
2 0.44921875 0.46328125 0.03671875 0.0546875
2 0.52265625 0.48515625 0.03359375 0.05078125
3 0.33359375 0.62890625 0.02265625 0.02421875
3 0.4 0.62265625 0.01875 0.021875
3 0.48125 0.6265625 0.015625 0.0203125
3 0.5578125 0.6265625 0.02421875 0.02421875
7 0.4640625 0.72734375 0.03515625 0.03828125
7 0.4171875 0.72734375 0.03046875 0.0359375
7 0.37265625 0.72734375 0.03359375 0.03046875
7 0.32421875 0.734375 0.03046875 0.03984375
7 0.5375 0.734375 0.03359375 0.0296875
7 0.50078125 0.734375 0.0359375 0.02421875
4 0.36796875 0.49921875 0.0359375 0.01171875
4 0.45 0.46796875 0.03203125 0.0109375
4 0.52109375 0.48984375 0.0328125 0.0125
11 202.13973999023438 296.02691650390625 260.2917785644531 484.18609619140625
11 253.69879150390625 275.73236083984375 313.03790283203125 478.48638916015625
11 303.9114074707031 290.72698974609375 360.0352478027344 478.392578125
10 215.157958984375 332.43450927734375 251.44659423828125 393.60223388671875
2 275.3887939453125 277.0647277832031 299.3509521484375 296.8023376464844
10 261.62249755859375 312.5469055175781 303.58380126953125 371.9889221191406
2 222.15814208984375 296.81524658203125 247.757568359375 317.16668701171875
10 310.7479248046875 328.6966552734375 352.90057373046875 397.18707275390625
2 321.42279052734375 292.72113037109375 344.60821533203125 311.415771484375
9 279.2122802734375 301.695556640625 293.70086669921875 313.22088623046875
9 228.37294006347656 321.42706298828125 242.6536407470703 331.67767333984375
11 441.2371826171875 0.28743743896484375 476.410400390625 52.86077880859375
9 326.1172790527344 317.46392822265625 339.4851989746094 328.36077880859375
9 226.34451293945312 320.9815673828125 240.35952758789062 331.532958984375