0 0.5921875 0.48828125 0.075 0.1015625
5 0.36953125 0.4015625 0.1734375 0.12890625
0 0.228125 0.075 0.0859375 0.09296875
0 0.43203125 0.028125 0.08046875 0.05625
0 0.17265625 0.49296875 0.0953125 0.07265625
6 0.32421875 0.58125 0.09140625 0.08515625
7 0.41015625 0.22421875 0.10234375 0.103125
7 0.4203125 0.15703125 0.11484375 0.125
11 456.2135925292969 0.0057373046875 639.933349609375 144.66064453125
11 10.72686767578125 0.0412445068359375 338.0316162109375 179.85438537597656
11 4.0113983154296875 0.001190185546875 192.28390502929688 91.36907958984375