9 0.10546875 0.32953050223949515 0.065625 0.07538179508134402
5 0.084375 0.18800153239192036 0.1421875 0.11488972267624523
11 0.08828125 0.315625 0.1765625 0.36875
12 0.4609375 0.46484375 0.028125 0.1890625
10 0.88359375 0.103125 0.2328125 0.20625
11 0.87578125 0.2796875 0.2484375 0.559375
11 0.2734375 0.6844038337197802 0.0109375 0.039126132513557364
2 0.91328125 0.8115809747193486 0.01875 0.037609084308955334
2 0.89765625 0.8943025711285525 0.0203125 0.03761817466803521
10 0.89765625 0.8513338211285525 0.0265625 0.0642170361043533
10 0.8921875 0.9583332548717738 0.025 0.07827044574527378
11 0.896875 0.8669542759490128 0.046875 0.1440227107723885
11 0.8859375 0.9375 0.059375 0.125
9 0.896875 0.9200792759490127 0.009375 0.009429542154477843