1 0.56796875 0.1859375 0.17734375 0.0609375
0 0.55234375 0.64296875 0.1421875 0.11953125
2 0.56015625 0.1609375 0.20234375 0.21640625
7 0.9546875 0.43984375 0.090625 0.0984375
7 0.8828125 0.4453125 0.1109375 0.0875
7 0.41953125 0.74453125 0.2046875 0.2109375
2 292.58428955078125 37.797855377197266 430.60687255859375 121.50643920898438
13 498.4688720703125 0.0 640.0 66.89129638671875
9 323.2445068359375 138.05587768554688 409.2760009765625 177.66378784179688
11 227.79083251953125 32.82843017578125 608.5152587890625 633.2981567382812
13 230.65972900390625 131.57901000976562 548.390869140625 354.088134765625
11 496.6009216308594 0.06207275390625 639.7161865234375 387.302978515625