5 0.32578125 0.38984375 0.05703125 0.0734375
5 0.55078125 0.353125 0.05546875 0.06796875
5 0.69375 0.39453125 0.04765625 0.05078125
5 0.80390625 0.41640625 0.04375 0.05390625
5 0.37890625 0.39921875 0.04140625 0.04921875
5 0.44609375 0.4078125 0.03203125 0.0390625
4 0.32734375 0.3953125 0.04765625 0.01953125
4 0.37734375 0.39765625 0.0328125 0.0125
4 0.55 0.35234375 0.04140625 0.0171875
4 0.6921875 0.39609375 0.040625 0.015625
4 0.803125 0.41484375 0.0375 0.01328125
6 0.83515625 0.7328125 0.0484375 0.04609375
6 0.7734375 0.70234375 0.0375 0.04609375
6 0.7046875 0.7015625 0.0328125 0.0359375
6 0.67265625 0.725 0.03984375 0.040625
7 0.5484375 0.73984375 0.04921875 0.059375
7 0.58828125 0.68671875 0.0296875 0.04609375
7 0.36953125 0.753125 0.04765625 0.05390625
7 0.296875 0.78671875 0.06328125 0.06328125
5 0.85625 0.40546875 0.028125 0.02734375
5 0.9078125 0.421875 0.0203125 0.021875
5 0.6140625 0.4109375 0.0234375 0.03046875
3 0.63671875 0.56328125 0.02734375 0.03984375
3 0.396875 0.5578125 0.02265625 0.03984375
3 0.42421875 0.5546875 0.01953125 0.03515625
3 0.2734375 0.59140625 0.0296875 0.03671875
3 0.7484375 0.5578125 0.0234375 0.0359375
3 0.81015625 0.4484375 0.02109375 0.0421875
3 0.47578125 0.50078125 0.01484375 0.021875
11 309.1279296875 201.37545776367188 399.362060546875 490.9732360839844
10 411.50408935546875 271.75592041015625 472.06884765625 361.73480224609375
11 162.78756713867188 218.76971435546875 262.5015563964844 530.6798095703125
10 183.91030883789062 275.31182861328125 247.13311767578125 355.29364013671875
11 401.6898498535156 227.86663818359375 486.1933288574219 473.25970458984375
11 264.6816711425781 246.7553253173828 305.5205383300781 386.65740966796875
10 323.46612548828125 250.63987731933594 384.73291015625 328.9769287109375
9 342.90899658203125 231.2711181640625 362.50836181640625 247.55447387695312
11 478.8533020019531 245.347412109375 551.499755859375 477.2060546875
5 192.82635498046875 221.01513671875 222.8707275390625 245.10073852539062
10 268.065673828125 269.29498291015625 300.486083984375 305.823486328125
5 335.6251525878906 202.65089416503906 365.9895935058594 219.98338317871094
11 530.32861328125 249.2200927734375 559.59765625 333.84625244140625
10 489.50445556640625 280.18914794921875 536.0359497070312 350.78546142578125
10 536.0302734375 264.898681640625 554.755126953125 294.458740234375
5 228.51602172851562 239.53451538085938 251.06344604492188 253.39181518554688
5 428.1897888183594 232.14727783203125 456.9316101074219 247.52606201171875
9 201.61233520507812 259.3912658691406 221.27658081054688 275.7333068847656
9 430.0163269042969 258.2962646484375 451.5262756347656 275.478515625
5 501.2626037597656 247.06430053710938 525.8419189453125 264.52130126953125
5 277.1235656738281 248.9478759765625 294.0660705566406 261.1585693359375
10 247.3590087890625 272.66497802734375 265.919189453125 305.3299560546875
11 380.532470703125 248.35946655273438 405.346435546875 347.0306701660156
9 236.19140625 259.8600158691406 249.50018310546875 271.4604187011719
11 571.341796875 247.74685668945312 606.105224609375 337.4100036621094
9 507.6730651855469 269.89483642578125 522.56005859375 282.30157470703125
5 541.3432006835938 249.9993896484375 551.7695922851562 256.7457275390625
11 231.69168090820312 240.10458374023438 275.35516357421875 399.5691223144531
11 236.09466552734375 240.36720275878906 277.96868896484375 437.46728515625