2 0.71953125 0.2890625 0.140625 0.16875
2 0.1953125 0.571875 0.24296875 0.2546875
4 0.6921875 0.30703125 0.07734375 0.06328125
0 0.4484375 0.59140625 0.12421875 0.11484375
0 0.76796875 0.6109375 0.0875 0.08671875
0 0.42421875 0.775 0.12109375 0.11015625
2 44.040313720703125 286.09259033203125 199.69058227539062 402.13311767578125
2 417.59881591796875 124.17282104492188 504.96661376953125 206.11505126953125
10 33.22325134277344 435.1759948730469 218.12924194335938 640.0
11 248.7725830078125 120.304443359375 511.04815673828125 407.799072265625
11 4.45269775390625 284.64752197265625 336.92620849609375 640.0
13 331.82781982421875 193.83335876464844 463.65289306640625 390.61279296875
9 115.05718231201172 413.10009765625 171.3560791015625 453.542236328125
10 330.56378173828125 193.1539306640625 465.24884033203125 390.548095703125
2 403.84393310546875 0.0814208984375 506.83807373046875 67.68695068359375