4 0.59140625 0.4921875 0.0328125 0.025
3 0.7265625 0.60859375 0.03046875 0.0359375
4 0.6734375 0.478125 0.02734375 0.01328125
2 0.390625 0.47109375 0.08046875 0.084375
2 0.6046875 0.4828125 0.06015625 0.0625
2 0.68984375 0.4703125 0.0453125 0.053125
3 0.625 0.6796875 0.02734375 0.0265625
3 0.28984375 0.53984375 0.0265625 0.028125
7 0.73671875 0.7359375 0.0390625 0.034375
7 0.6421875 0.8203125 0.06328125 0.04296875
7 0.61796875 0.7890625 0.05234375 0.03984375
7 0.70859375 0.71953125 0.04453125 0.0296875