2 0.41336604576871494 0.33515625 0.10038179508134384 0.065625
2 0.21392003679172458 0.37421875 0.07850679508134384 0.065625
2 0.3566933440715127 0.4078125 0.04558521077238851 0.046875
2 0.0296875 0.22890625 0.059375 0.0984375
9 0.0140625 0.28125 0.028125 0.046875
9 0.20743368745565452 0.41484375 0.031404536104353474 0.0265625
9 0.3765625 0.43046875 0.028125 0.0171875
9 0.4217916241257421 0.3640625 0.05490566861791084 0.0375
13 0.5140625 0.4078125 0.203125 0.0625
11 0.45 0.34609375 0.3375 0.1859375
11 0.39765625 0.403125 0.1203125 0.071875
11 0.253125 0.3828125 0.25625 0.1125