2 0.37109375 0.38671875 0.10390625 0.16640625
2 0.159375 0.2390625 0.06875 0.090625
2 0.71171875 0.3328125 0.1046875 0.1578125
1 0.375 0.390625 0.071875 0.04921875
1 0.16953125 0.23984375 0.0515625 0.0265625
0 0.1921875 0.47578125 0.04921875 0.078125
0 0.2421875 0.25 0.04375 0.06171875
0 0.36328125 0.5484375 0.07890625 0.090625
0 0.76796875 0.434375 0.0765625 0.1109375
1 0.69375 0.33515625 0.04765625 0.04921875
7 0.63046875 0.95625 0.08671875 0.0875
2 209.340087890625 190.51809692382812 63.660919189453125 65.30010986328125