11 0.1796875 0.296875 0.359375 0.584375
10 0.17734375 0.43984375 0.2515625 0.2984375
2 0.14586999444085508 0.12177117126832115 0.1604294816532356 0.1831044960216353
11 0.05 0.29453125 0.1 0.5890625
9 0.15911436212368954 0.26223253926641216 0.05344316256778665 0.05530566534054504
13 0.05390625 0.89765625 0.1078125 0.2046875
11 0.08515625 0.84609375 0.1703125 0.3078125
11 0.615625 0.79453125 0.5125 0.4109375
2 52.529911041259766 29.073387145996094 138.40353393554688 126.38256072998047
2 49.066349029541016 26.884796142578125 138.4097900390625 189.4083251953125
5 229.23651123046875 375.29913330078125 302.2669677734375 495.982177734375
4 58.55238342285156 118.04804992675781 128.12103271484375 148.9677276611328