2 0.3125 0.37265625 0.06015625 0.084375
0 0.24921875 0.346875 0.03359375 0.05390625
0 0.43046875 0.38671875 0.02890625 0.0484375
4 0.3125 0.37578125 0.0546875 0.02109375
7 0.40234375 0.72890625 0.05078125 0.06796875
7 0.340625 0.7328125 0.0484375 0.0546875
7 0.3359375 0.928125 0.04765625 0.046875
7 0.4125 0.92734375 0.04921875 0.04921875
11 143.85848999023438 204.5911865234375 287.2267761230469 478.39959716796875
10 171.83934020996094 259.0330810546875 242.5784454345703 344.7532958984375
2 178.85821533203125 210.9262237548828 220.13107299804688 241.56178283691406
9 188.91409301757812 247.37625122070312 209.95303344726562 262.43035888671875