11 0.12578125 0.13515625 0.2515625 0.2703125
11 0.5644411697962612 0.27677858509452236 0.07311128883482798 0.21291815651766227
13 0.559876389643836 0.2557121061717612 0.041070427594901204 0.07679884933607006
9 0.5476354648776052 0.21125357904439818 0.012581813231716588 0.014135222872636887
2 0.54463318472518 0.1901780097625574 0.022020445745273776 0.02512726502711473
8 0.13870589247250642 0.8655229225267357 0.13075107201231528 0.1835669998036084
9 0.11297568120913856 0.588338253810629 0.08333065046753826 0.08954428903121983
5 0.08828125 0.43515625 0.1171875 0.0921875
10 0.18046875 0.7890625 0.3359375 0.421875
11 0.175 0.69453125 0.35 0.6109375
2 0.62421875 0.47265625 0.3171875 0.1671875
9 0.6799904643866258 0.582588223560008 0.22703624043383427 0.35130901170746504
13 0.78984375 0.76171875 0.4203125 0.4765625
11 0.71875 0.69453125 0.5625 0.6109375
2 292.295654296875 253.08340454101562 497.1417236328125 440.5985412597656
4 380.2899475097656 305.22979736328125 476.3658142089844 379.99017333984375
5 118.01249694824219 0.3434715270996094 154.48670959472656 32.429134368896484