2 0.30859375 0.3296875 0.0953125 0.1203125
2 0.4265625 0.3328125 0.034375 0.04921875
2 0.72890625 0.365625 0.115625 0.1296875
2 0.6234375 0.365625 0.08125 0.10703125
2 0.57109375 0.3484375 0.03828125 0.0640625
3 0.2703125 0.65 0.053125 0.06015625
3 0.3796875 0.5765625 0.034375 0.05625
4 0.61484375 0.365625 0.0640625 0.0296875
3 0.70390625 0.60859375 0.09375 0.0625
7 0.37421875 0.79296875 0.090625 0.065625
3 0.071875 0.640625 0.04375 0.0734375
2 0.671875 0.371875 0.04765625 0.09453125
4 0.57109375 0.35390625 0.03828125 0.01875
4 0.30859375 0.340625 0.0734375 0.02421875
4 0.42890625 0.3359375 0.03203125 0.02265625
6 0.546875 0.7640625 0.0828125 0.05859375
3 0.846875 0.61328125 0.0671875 0.05234375
3 0.55546875 0.503125 0.04609375 0.0484375
3 0.6046875 0.5203125 0.065625 0.0390625
3 0.54609375 0.4484375 0.025 0.0296875
3 0.42734375 0.43671875 0.0171875 0.02421875
0 0.44375 0.44296875 0.021875 0.028125