8 0.01328125 0.37109375 0.0265625 0.1328125
8 0.32723570745273883 0.21657702604720855 0.15578743344863372 0.1899624455488822
5 0.34453125 0.059375 0.1609375 0.11875
5 0.057713026930971266 0.0822009842855143 0.08788179508134383 0.06613406010845861
9 0.07858912919390768 0.17919415895354934 0.04714771077238851 0.04714771077238851
9 0.13086574326250472 0.43652084562363686 0.08172269867214013 0.08172269867214013
5 0.16409081283893306 0.2390645835233885 0.1930783551898024 0.15424311416679296
5 0.0375 0.1921875 0.075 0.146875
10 0.33984375 0.3453125 0.3609375 0.346875
11 0.05703125 0.1375 0.1140625 0.184375
11 0.0734375 0.30625 0.146875 0.425
11 0.19453125 0.30859375 0.3890625 0.4203125
11 0.35703125 0.259375 0.4234375 0.51875
9 0.1703125 0.59375 0.1 0.15
11 0.19375 0.759375 0.3875 0.48125
13 0.1546875 0.759375 0.309375 0.48125
10 0.86015625 0.5375 0.0640625 0.0375
11 0.884375 0.646875 0.16875 0.25625
5 5.5974273681640625 32.54033660888672 65.63997650146484 105.90210723876953
5 165.60800170898438 0.0 266.4665222167969 132.3822021484375
5 45.99159240722656 112.97250366210938 147.51815795898438 300.09136962890625
4 48.7757568359375 217.74972534179688 131.56761169433594 250.41244506835938
4 178.53692626953125 53.79538345336914 247.77682495117188 97.4202880859375
4 47.6402587890625 205.28582763671875 131.88584899902344 251.23391723632812
4 22.542707443237305 60.18138122558594 61.48670959472656 91.87641906738281