9 0.3187152012062229 0.3 0.08168633723582168 0.075
9 0.1957635145361353 0.24921875 0.10081813231716552 0.140625
2 0.1703125 0.090625 0.28125 0.18125
2 0.3398811531980127 0.178125 0.14149767447164335 0.15
10 0.28671875 0.3921875 0.2515625 0.19375
10 0.11328125 0.35703125 0.2265625 0.2640625
10 0.04453125 0.3984375 0.0890625 0.18125
11 0.1734375 0.39921875 0.346875 0.1796875
11 0.26953125 0.24453125 0.5390625 0.4890625
11 0.2765625 0.290625 0.34375 0.396875
10 0.85390625 0.05078125 0.0828125 0.1015625
11 0.83515625 0.15390625 0.2015625 0.3078125
11 0.9265625 0.03671875 0.109375 0.0734375
13 0.82421875 0.525 0.0734375 0.071875
11 0.9578125 0.74453125 0.084375 0.5109375
11 0.825 0.6796875 0.125 0.38125
2 175.53005981445312 73.49402618408203 84.63592529296875 138.91631317138672
2 16.159881591796875 0.0 170.36050415039062 197.110107421875
1 176.07769775390625 133.92884826660156 72.6292724609375 45.332672119140625
4 175.9849853515625 133.69873046875 70.81671142578125 41.57568359375
2 181.68463134765625 74.25955200195312 78.51708984375 81.13792419433594
7 528.9479370117188 163.49166870117188 26.6343994140625 45.2547607421875
2 476.5140380859375 24.873733520507812 17.5079345703125 19.15515899658203
7 515.1183471679688 160.42027282714844 26.861572265625 40.442108154296875