11 0.36328125 0.27109375 0.1109375 0.5421875
11 0.28671875 0.2796875 0.2640625 0.559375
13 0.309375 0.15 0.21875 0.3
2 0.37265625 0.021875 0.0921875 0.04375
2 0.2390625 0.0296875 0.14375 0.059375
8 0.0640625 0.7796875 0.128125 0.440625
10 0.20703125 0.8875 0.4140625 0.225
11 0.209375 0.7796875 0.41875 0.440625
11 0.984375 0.81640625 0.03125 0.1265625
10 0.98984375 0.8015625 0.0203125 0.05
2 0.9953125 0.76171875 0.009375 0.0109375
2 0.2878570556640625 405.6944580078125 74.18376159667969 640.0
2 116.40982055664062 0.014644622802734375 195.41921997070312 46.2433967590332