10 0.10625 0.08678498691779293 0.20625 0.16838742739850954
11 0.14453125 0.3296875 0.2890625 0.659375
9 0.51484375 0.19659021633153345 0.0515625 0.02842498184962743
2 0.46953125 0.17835784591822446 0.0984375 0.059947692622015936
11 0.82578125 0.11484375 0.3484375 0.2296875
11 0.584375 0.32355723731057645 0.3734375 0.3943600958200285
10 0.4984375 0.2746197675611974 0.153125 0.12745335518980241
11 0.20859375 0.78125 0.1953125 0.225
2 267.57684326171875 96.88150024414062 75.3701171875 39.5003662109375
0 358.31060791015625 167.98809814453125 34.4482421875 29.95416259765625
3 106.63450622558594 233.8324737548828 34.713470458984375 54.52720642089844
7 283.93963623046875 309.84075927734375 37.82769775390625 65.5882568359375