5 0.16328125 0.5078125 0.05859375 0.06328125
5 0.4875 0.5109375 0.03203125 0.04921875
5 0.45 0.51171875 0.028125 0.03515625
5 0.3671875 0.52109375 0.03046875 0.0390625
5 0.5734375 0.52890625 0.0375 0.03515625
5 0.3125 0.521875 0.02578125 0.03515625
5 0.73828125 0.50859375 0.0265625 0.03046875
5 0.80078125 0.521875 0.03671875 0.0421875
5 0.84453125 0.52109375 0.03359375 0.0328125
5 0.9546875 0.5125 0.03125 0.04453125
5 0.91796875 0.52421875 0.0296875 0.02734375
5 0.2734375 0.52734375 0.0265625 0.02890625
5 0.05859375 0.5359375 0.0328125 0.0375
5 0.02734375 0.5296875 0.0375 0.03359375
5 0.2015625 0.5203125 0.0390625 0.04140625
5 0.38828125 0.52109375 0.02578125 0.03203125
5 0.6359375 0.53671875 0.03671875 0.04296875
5 0.55703125 0.515625 0.02890625 0.0296875
5 0.88203125 0.53046875 0.02421875 0.028125
3 0.13671875 0.68125 0.0375 0.03515625
3 0.1125 0.684375 0.02890625 0.0375
3 0.13984375 0.98046875 0.03359375 0.0390625
3 0.1125 0.98203125 0.03203125 0.0359375
3 0.58125 0.64609375 0.0234375 0.02578125
3 0.93359375 0.61796875 0.01875 0.028125
3 0.77265625 0.65 0.02578125 0.02578125
3 0.2359375 0.65390625 0.02265625 0.0359375
3 0.309375 0.61015625 0.028125 0.02265625
4 0.73671875 0.5109375 0.02421875 0.0109375
7 0.35 0.759375 0.0296875 0.03046875
7 0.39609375 0.7609375 0.02734375 0.0328125
7 0.7296875 0.6984375 0.03984375 0.021875
6 0.9640625 0.725 0.0421875 0.021875
6 0.95 0.71015625 0.04375 0.01875
6 0.925 0.68515625 0.03125 0.015625
7 0.75078125 0.69375 0.0234375 0.01875
7 0.3140625 0.728125 0.02421875 0.01796875
7 0.28515625 0.725 0.021875 0.0203125
7 0.21953125 0.765625 0.0515625 0.03046875
7 0.053125 0.71640625 0.03359375 0.01875
11 208.888427734375 319.00091552734375 60.182891845703125 177.00927734375
11 269.8765869140625 307.592041015625 74.3704833984375 211.15997314453125
10 220.29873657226562 345.2843017578125 36.42193603515625 53.11358642578125
10 285.3722839355469 336.8506774902344 42.34051513671875 64.0814208984375
11 595.1715698242188 309.91680908203125 42.5086669921875 158.92333984375
11 11.259288787841797 326.1746826171875 42.38806915283203 136.0484619140625
11 455.5048828125 316.90673828125 36.45703125 132.0714111328125
11 391.39129638671875 324.03466796875 48.8994140625 175.5958251953125
10 540.2264404296875 346.066650390625 20.8857421875 48.9364013671875
5 91.09701538085938 304.0550842285156 29.888885498046875 22.5062255859375
11 46.193603515625 301.07855224609375 113.43873596191406 338.7452392578125
10 503.1529846191406 345.3569030761719 34.270721435546875 56.23394775390625
10 398.14593505859375 354.11468505859375 33.65771484375 61.280029296875
11 341.81842041015625 318.3368835449219 54.43115234375 169.8714599609375
10 346.75311279296875 351.3214111328125 40.942138671875 61.08251953125
11 99.96095275878906 318.25701904296875 55.02702331542969 177.53326416015625
11 176.75070190429688 322.7502746582031 43.391571044921875 148.5655517578125
10 67.48738098144531 343.6820068359375 41.131317138671875 74.8973388671875
10 604.7662353515625 337.8339538574219 28.681884765625 61.57000732421875
11 484.301513671875 318.3631591796875 63.2513427734375 184.1417236328125
10 185.97201538085938 345.7110595703125 26.32794189453125 42.3631591796875
11 532.9017944335938 322.7047119140625 35.4598388671875 168.2705078125
10 17.111631393432617 347.2675476074219 30.74730110168457 51.384765625
10 107.52490234375 344.97174072265625 35.41131591796875 68.21246337890625
11 560.3276977539062 327.82861328125 26.50439453125 104.1036376953125
10 464.87158203125 337.21270751953125 23.8870849609375 40.87451171875
5 224.49667358398438 320.72906494140625 25.66485595703125 18.0804443359375
10 161.16156005859375 347.1263427734375 19.09674072265625 33.962158203125
5 346.808349609375 319.5994873046875 16.380859375 14.12158203125
5 299.19793701171875 308.14581298828125 23.8018798828125 25.0960693359375
11 574.4387817382812 323.4601745605469 32.0101318359375 114.2562255859375
5 400.693603515625 329.02667236328125 22.9676513671875 20.229736328125
5 25.40888786315918 328.133544921875 18.100496292114258 12.6956787109375
10 489.818603515625 348.9900817871094 19.1260986328125 38.07830810546875
10 563.3856811523438 349.95391845703125 14.13134765625 33.91552734375
11 157.90673828125 325.144775390625 31.53057861328125 136.92242431640625
2 600.8994140625 312.269287109375 20.163818359375 19.5098876953125
5 169.50962829589844 327.3926696777344 15.1593017578125 12.23944091796875
5 116.57298278808594 319.8842468261719 23.63916015625 20.16680908203125
5 464.0955505371094 318.6321105957031 11.15704345703125 8.90850830078125
5 186.74578857421875 322.0555419921875 20.629119873046875 16.72979736328125
5 465.74334716796875 316.01666259765625 17.0206298828125 10.7626953125
5 355.9776611328125 321.06964111328125 24.1644287109375 19.30474853515625
10 577.4285888671875 342.9339599609375 22.5775146484375 54.2530517578125
5 279.4112548828125 316.0350036621094 16.71484375 15.06268310546875
2 299.1608581542969 308.0397033691406 23.8179931640625 25.65045166015625
5 502.4266357421875 319.208251953125 18.7386474609375 17.91259765625
9 601.7889404296875 333.68353271484375 8.219970703125 9.8984375
5 414.5087890625 316.7008056640625 13.3597412109375 12.794189453125
13 631.298583984375 326.09033203125 8.701416015625 42.6251220703125
5 530.0372314453125 319.5333251953125 18.26220703125 18.6146240234375
9 464.8327941894531 328.27911376953125 7.7789306640625 9.1905517578125
9 105.13320922851562 333.2222900390625 10.21600341796875 10.760498046875
5 347.82000732421875 319.7834167480469 31.6082763671875 18.75274658203125