5 0.34921875 0.28046875 0.11875 0.11484375
5 0.15546875 0.2765625 0.08046875 0.09375
5 0.5984375 0.3046875 0.090625 0.1125
5 0.74765625 0.2875 0.06953125 0.09453125
5 0.896875 0.334375 0.1109375 0.11328125
5 0.48046875 0.3109375 0.0703125 0.08046875
3 0.25625 0.63125 0.0640625 0.065625
3 0.06953125 0.54140625 0.0390625 0.0625
3 0.509375 0.625 0.03828125 0.075
3 0.68203125 0.63203125 0.03828125 0.07734375
3 0.78046875 0.61328125 0.03203125 0.05859375
3 0.9390625 0.640625 0.0421875 0.0734375
3 0.43671875 0.5796875 0.0453125 0.07734375
4 0.15625 0.278125 0.0625 0.0203125
4 0.48515625 0.30546875 0.0609375 0.02109375
4 0.74375 0.2890625 0.06875 0.04375
4 0.884375 0.346875 0.09296875 0.046875
1 0.5984375 0.3015625 0.078125 0.02421875
1 0.3640625 0.2875 0.084375 0.034375
7 0.13671875 0.79765625 0.0640625 0.084375
7 0.21171875 0.78359375 0.08828125 0.06796875
7 0.2953125 0.92890625 0.06796875 0.1078125
7 0.375 0.90703125 0.0984375 0.08046875
7 0.5515625 0.89375 0.078125 0.1015625
7 0.640625 0.9125 0.07890625 0.1015625
7 0.70703125 0.81015625 0.0671875 0.0546875
7 0.5125 0.78359375 0.06015625 0.04921875
7 0.41875 0.77421875 0.0578125 0.05859375
5 0.2921875 0.29921875 0.05859375 0.090625
5 0.2328125 0.32421875 0.05234375 0.0546875
10 508.8585205078125 250.496826171875 605.2293701171875 389.43438720703125
10 50.45281982421875 208.15887451171875 141.5894012451172 321.2879638671875
10 159.90066528320312 215.31082153320312 269.5925598144531 351.1246032714844
10 329.99005126953125 232.4407958984375 434.30621337890625 358.95599365234375
11 19.631988525390625 137.19140625 157.25411987304688 530.33935546875
11 301.55230712890625 153.7166290283203 455.31549072265625 610.5598754882812
11 247.86770629882812 168.0817413330078 352.6675720214844 515.4791870117188
10 437.9952392578125 216.3639373779297 519.1187744140625 331.07745361328125
11 136.36813354492188 133.6202392578125 293.2609558105469 624.20703125
9 294.0142822265625 203.1844482421875 323.014404296875 224.33575439453125
11 482.8216247558594 171.3380126953125 624.0948486328125 614.843994140625
5 541.4181518554688 175.55194091796875 609.0178833007812 218.88534545898438
5 75.09759521484375 141.9771728515625 120.25927734375 169.7391357421875
9 364.2137451171875 200.08340454101562 400.7474365234375 226.25473022460938
10 264.0595703125 223.190185546875 339.791748046875 361.6107177734375
5 358.2863464355469 156.32785034179688 410.2501525878906 182.24221801757812
5 187.3002471923828 137.91281127929688 254.32164001464844 176.71652221679688
9 86.38037872314453 185.26153564453125 115.21150970458984 206.69744873046875
5 459.01690673828125 154.97897338867188 502.29486083984375 177.06857299804688
11 428.60211181640625 153.96875 532.2994384765625 546.4699096679688
9 216.5623779296875 188.95486450195312 252.67474365234375 214.80679321289062
5 287.1402282714844 170.86672973632812 327.5217590332031 189.84140014648438
9 459.8184509277344 190.66409301757812 490.3858947753906 209.70199584960938
9 539.321044921875 225.6031494140625 574.26953125 247.71820068359375
5 134.3945770263672 187.96878051757812 160.1850128173828 203.88232421875
11 609.3570556640625 197.06805419921875 640.0 548.3851928710938
5 168.58224487304688 165.28564453125 194.57650756835938 185.18960571289062