5 0.43359375 0.15859375 0.0515625 0.1296875
12 0.6574691498783631 0.2546875 0.04741133118569749 0.0921875
12 0.5028720325883121 0.1359375 0.01585225897699054 0.0390625
12 0.6528538518701528 0.1328125 0.01428066861791084 0.0375
12 0.7707907856133742 0.12734375 0.014253397540672097 0.0328125
12 0.8793936259724537 0.12890625 0.014253397540672097 0.0328125
12 0.9504646500747548 0.125 0.012681807181592574 0.03125
12 0.9801385145361353 0.12265625 0.014253397540672097 0.0328125
12 0.9621334030998169 0.11640625 0.012690897540671741 0.0328125
12 0.626214083817976 0.11953125 0.01269089754067192 0.0328125
12 0.7371470386384363 0.11875 0.012690897540672097 0.0328125
12 0.8238794241770557 0.12109375 0.012690897540672097 0.0328125
12 0.02890625 0.99375 0.0109375 0.0125
12 0.1125 0.98671875 0.015625 0.0265625
12 0.24450554156530252 0.9609375 0.01585225897699045 0.0390625
12 0.3780992915653025 0.9609375 0.02059430113146803 0.0484375
12 0.09374701746300156 0.96484375 0.007939765027114642 0.021875
12 0.14515498135864804 0.93828125 0.00948408430895542 0.01875
12 0.17707714704969266 0.91953125 0.00791249394987581 0.0171875