5 0.4 0.38125 0.11171875 0.13125
5 0.515625 0.36796875 0.11484375 0.13125
5 0.625 0.30078125 0.146875 0.18046875
3 0.428125 0.6796875 0.07890625 0.05859375
4 0.396875 0.38671875 0.0984375 0.04296875
4 0.50078125 0.37109375 0.0921875 0.04140625
4 0.60859375 0.31328125 0.08984375 0.03984375
4 0.95546875 0.240625 0.078125 0.046875
5 0.3125 0.4046875 0.08671875 0.08671875
5 0.9078125 0.371875 0.09453125 0.10859375
5 0.9484375 0.2453125 0.103125 0.1703125
4 0.89609375 0.371875 0.06875 0.03046875
3 0.25703125 0.50390625 0.05390625 0.06328125
10 264.2978515625 275.3780822753906 393.8612060546875 483.9054870605469
5 226.19805908203125 196.6143798828125 289.696044921875 234.57037353515625
5 358.3217468261719 128.27964782714844 445.2724304199219 197.34898376464844
11 348.33929443359375 122.535400390625 530.1110229492188 640.0
10 564.7359619140625 211.02798461914062 639.8507080078125 476.0267028808594
5 297.418701171875 185.22238159179688 367.4134521484375 233.83273315429688
5 180.85926818847656 237.026123046875 218.91127014160156 258.744384765625
9 231.207275390625 252.8667755126953 274.59619140625 282.46954345703125
9 297.51849365234375 244.59942626953125 338.68157958984375 280.033447265625
9 597.9124145507812 158.58706665039062 640.0 214.37551879882812
11 234.03143310546875 181.09234619140625 413.52862548828125 639.5931396484375
11 529.8591918945312 1.13482666015625 640.0 640.0
11 159.95248413085938 192.04425048828125 298.6972351074219 640.0
9 376.50714111328125 211.78907775878906 421.0504150390625 242.06687927246094
10 389.1873779296875 233.93966674804688 499.5416259765625 419.6014099121094
5 592.125732421875 0.0 640.0 74.83873748779297
5 556.859619140625 200.419189453125 610.915283203125 230.80996704101562