5 0.10859375 0.46953125 0.0796875 0.09765625
5 0.17890625 0.43125 0.07890625 0.06953125
5 0.23828125 0.42265625 0.0484375 0.05859375
5 0.4890625 0.40390625 0.05078125 0.05625
5 0.66875 0.40859375 0.0546875 0.07109375
5 0.73828125 0.42890625 0.06015625 0.0734375
5 0.8890625 0.46484375 0.1 0.1046875
3 0.8203125 0.61015625 0.08515625 0.0828125
3 0.66484375 0.51796875 0.05 0.04296875
3 0.9 0.71953125 0.065625 0.07890625
3 0.653125 0.47890625 0.03671875 0.03046875
3 0.2796875 0.49765625 0.040625 0.03046875
3 0.26484375 0.52578125 0.03359375 0.0296875
4 0.2359375 0.41953125 0.0375 0.01796875
4 0.66484375 0.41171875 0.0453125 0.01640625
4 0.734375 0.42890625 0.053125 0.01953125
4 0.86875 0.46953125 0.05859375 0.04375
4 0.19609375 0.43203125 0.0375 0.025
4 0.4859375 0.40234375 0.03359375 0.0171875
2 564.8360595703125 420.802001953125 640.0 509.246337890625
2 47.8646240234375 393.4322509765625 130.09556579589844 450.18426513671875
11 76.63274383544922 242.40823364257812 219.08856201171875 369.6153259277344
2 565.429443359375 522.2526245117188 640.0 620.4080200195312
10 408.7362060546875 278.61102294921875 455.6484375 324.28302001953125
5 543.640869140625 260.32696533203125 605.352294921875 303.35113525390625
11 0.0 249.42724609375 118.80889129638672 523.8243408203125
5 411.9430236816406 239.89093017578125 445.8599548339844 260.0657043457031
11 514.706298828125 255.544921875 640.0 437.291259765625
11 279.9012451171875 241.47784423828125 348.16131591796875 311.24786376953125
11 389.8885498046875 238.0557098388672 462.97344970703125 328.16253662109375
11 547.9583129882812 415.36920166015625 639.9136352539062 625.6401977539062
5 452.48223876953125 249.0629119873047 491.97186279296875 270.53082275390625
10 533.0325927734375 323.4669494628906 625.4110107421875 421.5437927246094
5 91.49977111816406 246.53880310058594 137.27406311035156 276.2786865234375
9 138.07916259765625 270.72015380859375 161.3970947265625 288.53863525390625
9 542.6278076171875 307.9373779296875 568.4920654296875 330.5462646484375
5 301.005126953125 243.15292358398438 323.1773681640625 256.1915588378906
9 455.86871337890625 280.44866943359375 475.96197509765625 296.96539306640625
5 139.22622680664062 249.60781860351562 164.10476684570312 263.8739318847656
9 415.2049560546875 269.649169921875 436.4676513671875 284.85504150390625
10 456.1664733886719 290.6170654296875 511.6102600097656 363.09832763671875
10 285.97991943359375 272.7892150878906 338.9903564453125 311.5055847167969
9 302.5845642089844 261.29229736328125 319.4806213378906 274.15972900390625
9 67.84297943115234 306.9989013671875 93.79021453857422 332.961669921875
10 9.40863037109375 323.6439208984375 101.68659973144531 457.75537109375
9 121.47407531738281 278.4449462890625 138.4119415283203 297.890380859375
9 458.3407287597656 280.9715576171875 478.4788513183594 298.51806640625
11 439.1744384765625 245.22462463378906 535.8071899414062 377.7752685546875
11 491.7214050292969 513.1947021484375 640.0 640.0