13 0.03828125 0.18984375 0.0765625 0.3796875
13 0.18984375 0.19375 0.2703125 0.371875
13 0.409375 0.18984375 0.340625 0.3796875
9 0.25546875 0.01640625 0.0609375 0.0328125
9 0.5265625 0.03125 0.08125 0.0625
11 0.39609375 0.18984375 0.3671875 0.3796875
11 0.18125 0.18984375 0.3625 0.3796875
11 0.0796875 0.18984375 0.159375 0.3796875
8 0.83515625 0.24609375 0.3296875 0.2671875
11 0.78984375 0.2234375 0.4203125 0.3125
11 0.43984375 0.68984375 0.2796875 0.6203125
6 256.9639892578125 577.531005859375 81.35595703125 62.468994140625
3 287.72747802734375 463.22833251953125 19.030517578125 31.53094482421875
7 256.6507873535156 577.1976318359375 83.67510986328125 62.8023681640625