2 0.2765625 0.3640625 0.12734375 0.1484375
2 0.6453125 0.40625 0.0546875 0.053125
2 0.56640625 0.42734375 0.053125 0.0640625
6 0.50625 0.72421875 0.0375 0.065625
6 0.44921875 0.7265625 0.0484375 0.053125
7 0.57734375 0.7640625 0.05078125 0.09609375
7 0.653125 0.76171875 0.0359375 0.08125
3 0.3984375 0.6703125 0.03828125 0.05625
2 0.02109375 0.35859375 0.0421875 0.1265625
2 0.36015625 0.409375 0.065625 0.084375
2 0.47265625 0.41953125 0.05625 0.05859375
3 0.6078125 0.56640625 0.0359375 0.04296875
3 0.32578125 0.70859375 0.071875 0.065625
3 0.5171875 0.58046875 0.021875 0.03359375
7 0.39375 0.8625 0.06484375 0.090625
10 357.03955078125 278.90386962890625 434.3173828125 398.06890869140625
2 136.91845703125 181.56143188476562 222.32421875 250.34109497070312
11 342.90966796875 239.201416015625 442.0174560546875 513.9041748046875
10 95.34722900390625 267.25933837890625 224.82888793945312 451.72479248046875
10 272.0702209472656 277.76373291015625 325.8753356933594 357.15216064453125
2 208.90045166015625 235.02850341796875 251.8846435546875 269.3504638671875
2 394.07879638671875 239.49127197265625 432.2974853515625 268.82965087890625
11 0.02292633056640625 181.12030029296875 88.57710266113281 640.0
2 344.09100341796875 249.40072631835938 376.26507568359375 279.8387145996094
10 0.0 272.54583740234375 70.6360855102539 454.28302001953125
11 81.04580688476562 177.61109924316406 253.01736450195312 640.0
11 263.324462890625 246.0119171142578 340.179443359375 480.47406005859375
2 285.846435546875 247.4105224609375 317.611083984375 271.58367919921875
2 0.0 183.426513671875 29.171281814575195 246.03802490234375
11 187.53311157226562 233.41297912597656 275.5046081542969 580.3138427734375
11 526.4552001953125 0.3828277587890625 640.0 226.6272430419922
10 196.60617065429688 285.63201904296875 262.3381042480469 447.56695556640625
9 186.76333618164062 265.42816162109375 203.07583618164062 286.76641845703125
10 191.92910766601562 286.4686279296875 249.38497924804688 360.327392578125
9 232.19033813476562 274.69268798828125 244.47775268554688 289.89141845703125
9 358.6641845703125 276.9136962890625 371.5380859375 288.883056640625
11 187.65652465820312 232.11473083496094 275.85479736328125 446.2386474609375
11 204.01287841796875 277.32489013671875 281.60906982421875 581.969970703125