2 0.40703125 0.2859375 0.2203125 0.25859375
4 0.4125 0.29453125 0.1859375 0.06171875
4 0.2359375 0.3734375 0.1296875 0.0484375
2 0.234375 0.3609375 0.16015625 0.19140625
13 186.6839599609375 215.33056640625 318.598876953125 424.66943359375
2 86.03703308105469 162.236328125 126.865966796875 83.16522216796875
2 175.49771118164062 92.36097717285156 156.71340942382812 112.25274658203125
11 0.20831298828125 152.44703674316406 290.984375 487.55296325683594
9 222.36761474609375 206.71328735351562 81.95355224609375 64.75411987304688
9 120.54026794433594 242.3838348388672 66.34420776367188 49.12953186035156
2 175.39276123046875 0.04961395263671875 154.74551391601562 101.66535186767578
11 121.68707275390625 72.2294921875 399.69354248046875 567.7705078125
11 85.04837036132812 0.0620574951171875 260.9269104003906 114.63457489013672