2 0.09921875 0.3685711753554061 0.1609375 0.09312380698520073
2 0.1 0.18497288017586627 0.1265625 0.10073631908544893
9 0.10390625 0.2115126542781672 0.0453125 0.034638620413308986
9 0.11953125 0.4301717506873711 0.03125 0.03455680718159222
10 0.05859375 0.28515625 0.1171875 0.2078125
10 0.078125 0.45546875 0.15625 0.0890625
11 0.0828125 0.303125 0.165625 0.375
11 0.13515625 0.40859375 0.2703125 0.1828125
9 0.965625 0.16535877518245545 0.040625 0.02836134933607006
10 0.6484375 0.01953125 0.225 0.0390625
10 0.9578125 0.2453125 0.084375 0.14375
2 0.97578125 0.14296875 0.0484375 0.0609375
11 0.665625 0.11328125 0.40625 0.2265625
11 0.8484375 0.29140625 0.303125 0.4171875
8 0.49453125 0.6683813195764283 0.0359375 0.03927157825883114
5 0.46796875 0.63125 0.0359375 0.04375
10 0.56328125 0.7218875937769251 0.1203125 0.12257495764913066
10 0.725 0.57890625 0.2625 0.1578125
11 0.55234375 0.7671875 0.2046875 0.31875
11 0.77421875 0.734375 0.4515625 0.46875
2 28.631629943847656 90.35366821289062 69.64488220214844 57.04705810546875
2 16.204925537109375 212.99838256835938 79.26914978027344 74.41156005859375
3 434.4009094238281 34.32026672363281 28.1737060546875 24.248016357421875
3 319.73699951171875 475.1998596191406 19.044189453125 21.57611083984375
5 288.18939208984375 395.2867431640625 32.2047119140625 41.8936767578125
2 610.0621337890625 74.68273162841797 29.772705078125 45.55708312988281
6 582.2422485351562 286.7415771484375 57.72265625 38.165771484375
6 401.00543212890625 551.46240234375 43.8311767578125 43.531005859375
4 46.121212005615234 252.6757049560547 42.086063385009766 18.544692993164062
3 319.3035583496094 469.9472961425781 21.37359619140625 26.19573974609375
3 468.12322998046875 108.2388916015625 38.4603271484375 26.012969970703125
3 439.60687255859375 1.3247833251953125 45.816162109375 56.317604064941406