13 0.142800739258458 0.546081677103922 0.02231135200509069 0.037627265027114734
13 0.03774435331795525 0.10715955678880888 0.019222714672181597 0.04073408430895542
10 0.027359194621274785 0.3282078549934108 0.020767033338636054 0.03918067466803503
2 0.02697793395927457 0.293828309813871 0.014371582670272609 0.026644313231716586
11 0.03592731464831904 0.12902546642972929 0.03755563868554459 0.13927157825883124
11 0.02565124395291125 0.34069876463433124 0.0420795066836356 0.12523634933607006
11 0.13976664592618518 0.5382509963857627 0.031959072008272395 0.0611193071815924
10 0.31953125 0.8953125 0.6390625 0.209375
8 0.2828125 0.6734375 0.546875 0.146875
11 0.31953125 0.8 0.6390625 0.4
11 0.9403655352482767 0.8291315682016862 0.017605670671545327 0.03603749394987581
11 0.9265625 0.6171875 0.025 0.034375
10 0.9171875 0.6078125 0.009375 0.015625
10 0.9387303099140949 0.8353724778426066 0.011101132001909163 0.014126132513557366
5 0.9421007579169582 0.8142969085607659 0.009447725334181811 0.006304542154477488