2 0.26875 0.3390625 0.05625 0.06328125
2 0.36796875 0.36796875 0.03984375 0.05078125
2 0.4921875 0.3578125 0.0421875 0.05390625
2 0.56640625 0.3671875 0.0453125 0.046875
2 0.8921875 0.32890625 0.06015625 0.07109375
3 0.86875 0.48203125 0.02578125 0.0328125
3 0.23359375 0.52578125 0.021875 0.0328125
3 0.45625 0.50078125 0.01875 0.0265625
3 0.6171875 0.44296875 0.02890625 0.02109375
7 0.27109375 0.6640625 0.03359375 0.07109375
7 0.47890625 0.5953125 0.03125 0.0609375
4 0.49609375 0.36484375 0.02734375 0.0125
4 0.56484375 0.375 0.03125 0.01015625
4 0.88671875 0.33984375 0.03984375 0.01640625
2 0.2 0.37109375 0.03046875 0.04296875
2 0.1125 0.39375 0.02109375 0.02421875
2 0.01796875 0.39375 0.03515625 0.03984375
2 0.84609375 0.36640625 0.02578125 0.0203125
7 0.5015625 0.59375 0.0328125 0.06484375
7 0.85859375 0.6390625 0.07109375 0.03984375
7 0.9703125 0.64609375 0.05859375 0.04453125
7 0.06875 0.5515625 0.02734375 0.034375
7 0.01953125 0.55546875 0.0328125 0.0328125
7 0.38359375 0.5734375 0.0359375 0.0375
7 0.3453125 0.5796875 0.034375 0.03125
7 0.61640625 0.56640625 0.0359375 0.06796875
7 0.56875 0.5703125 0.034375 0.06171875
3 0.54453125 0.465625 0.021875 0.0140625
3 0.3515625 0.47109375 0.02578125 0.0203125
3 0.296875 0.50625 0.02890625 0.03125
3 0.065625 0.471875 0.01640625 0.02265625
4 0.3640625 0.3703125 0.03125 0.01484375
4 0.2625 0.34921875 0.0453125 0.01328125
11 532.6145629882812 186.41864013671875 638.6084594726562 424.43280029296875
11 281.11126708984375 210.8612060546875 343.82257080078125 392.74884033203125
11 204.0311279296875 218.073974609375 261.0880126953125 366.37689208984375
10 560.8118896484375 228.2677459716797 610.7452392578125 308.61968994140625
10 343.00567626953125 246.16537475585938 385.27093505859375 294.0570983886719
11 130.67431640625 193.4989776611328 199.75067138671875 443.93719482421875
11 332.9080810546875 220.5639190673828 402.338623046875 383.59136962890625
2 153.21426391601562 195.82542419433594 191.19131469726562 222.5600128173828
10 289.85528564453125 246.7271728515625 331.44317626953125 302.35357666015625
11 57.407752990722656 242.0899658203125 82.50321197509766 315.2763671875
10 139.32879638671875 239.95936584472656 187.9049072265625 323.599609375
10 210.21617126464844 246.21337890625 250.0676727294922 297.234375
11 0.15065383911132812 238.4084014892578 41.49538040161133 357.37530517578125
2 221.9849853515625 219.671142578125 245.0579833984375 235.67486572265625
2 302.31781005859375 211.548583984375 327.0625 229.97280883789062
2 350.7498779296875 221.8575439453125 373.7686767578125 237.79632568359375
9 561.6766967773438 216.3898468017578 580.4140014648438 229.88780212402344
10 1.1238040924072266 259.86639404296875 30.725168228149414 304.10516357421875
9 159.52322387695312 226.17469787597656 179.18777465820312 240.9370574951172
2 549.8226318359375 185.4561767578125 586.6949462890625 213.77008056640625
11 519.2215576171875 221.6226806640625 556.1207275390625 313.71026611328125
11 95.267333984375 224.59414672851562 133.207763671875 292.3761901855469
9 308.26708984375 234.63351440429688 321.93359375 246.10195922851562
9 226.90509033203125 237.97036743164062 241.24673461914062 249.42111206054688
2 0.5157432556152344 239.8876953125 19.35417938232422 252.7314453125
9 357.7910461425781 240.84637451171875 369.5198669433594 250.91064453125
10 529.232177734375 239.40420532226562 547.536376953125 263.1835632324219
10 60.974090576171875 255.82666015625 77.55326843261719 277.820556640625
9 7.217277526855469 254.9512939453125 18.160053253173828 262.90911865234375