2 0.5 0.36640625 0.05546875 0.06328125
2 0.7046875 0.36328125 0.05859375 0.05546875
2 0.96875 0.36640625 0.0578125 0.05859375
2 0.27890625 0.64453125 0.04453125 0.04609375
2 0.45625 0.5171875 0.046875 0.0515625
7 0.46875 0.696875 0.034375 0.059375
7 0.53125 0.675 0.03671875 0.0515625
0 0.5671875 0.4640625 0.0296875 0.0296875
3 0.75859375 0.4125 0.028125 0.0328125
3 0.91171875 0.409375 0.034375 0.0390625
2 0.05859375 0.6421875 0.05234375 0.05625
7 0.678125 0.5859375 0.05625 0.04140625
7 0.740625 0.5765625 0.05390625 0.0484375
7 0.92578125 0.5859375 0.0609375 0.034375
7 0.98203125 0.58515625 0.0359375 0.040625
3 0.971875 0.48671875 0.03984375 0.03359375
3 0.69921875 0.484375 0.02734375 0.028125
0 0.56640625 0.3953125 0.0453125 0.03203125
0 0.41640625 0.61640625 0.03125 0.04140625
2 276.2764892578125 314.293212890625 30.34466552734375 20.5335693359375
11 577.3389892578125 209.62298583984375 62.4832763671875 178.79010009765625