2 0.42734375 0.43828125 0.08203125 0.11640625
2 0.55625 0.45625 0.071875 0.08828125
0 0.6 0.61015625 0.05078125 0.04921875
4 0.4234375 0.45078125 0.06484375 0.0359375
0 0.521875 0.596875 0.04453125 0.0453125
3 0.36328125 0.6796875 0.0375 0.06328125
3 0.39140625 0.68203125 0.03515625 0.05234375
2 0.634375 0.36328125 0.03671875 0.046875
4 0.55546875 0.46484375 0.0578125 0.02109375
2 0.59453125 0.39453125 0.0375 0.0453125
2 245.642822265625 241.14968872070312 303.5699462890625 292.1200256347656
2 332.0897216796875 260.59405517578125 380.6419677734375 297.49652099609375
9 344.2854919433594 305.13134765625 371.2384948730469 321.416259765625
9 245.03799438476562 291.3160400390625 283.2801818847656 315.078125
10 316.73394775390625 325.10174560546875 400.05767822265625 449.08563232421875
11 161.78048706054688 236.73785400390625 302.3848876953125 454.58636474609375
10 167.6771240234375 302.90130615234375 284.43780517578125 455.50836181640625
11 300.6954345703125 257.784423828125 413.9251708984375 640.0
11 307.0317077636719 258.25091552734375 419.3064880371094 477.61175537109375