2 0.3515625 0.3796875 0.0640625 0.07578125
2 0.553125 0.3859375 0.06171875 0.07734375
2 0.6796875 0.371875 0.06015625 0.06796875
2 0.74609375 0.3609375 0.0546875 0.065625
2 0.44140625 0.38984375 0.0453125 0.0640625
3 0.7046875 0.52421875 0.028125 0.03359375
2 0.63203125 0.38046875 0.053125 0.071875
2 0.490625 0.38984375 0.0375 0.0453125
2 0.59609375 0.396875 0.0453125 0.053125
2 0.2546875 0.3984375 0.0359375 0.046875
2 0.303125 0.3984375 0.046875 0.05234375
2 0.4078125 0.39375 0.03203125 0.03984375
3 0.68203125 0.5375 0.04375 0.03359375
3 0.8015625 0.5109375 0.02890625 0.0359375
3 0.47890625 0.55390625 0.03046875 0.046875
7 0.5234375 0.7328125 0.03046875 0.05859375
7 0.546875 0.73046875 0.02578125 0.04296875
7 0.6734375 0.7375 0.03515625 0.05078125
7 0.70859375 0.7125 0.03671875 0.065625
7 0.4625 0.6640625 0.03984375 0.0375
7 0.434375 0.6546875 0.0375 0.0375
7 0.3453125 0.74140625 0.04140625 0.05078125
7 0.29375 0.61171875 0.0328125 0.03984375
4 0.7390625 0.365625 0.040625 0.02265625
4 0.678125 0.38125 0.04140625 0.025
4 0.35 0.38359375 0.05 0.028125
4 0.43671875 0.3921875 0.03125 0.0203125
4 0.25390625 0.39921875 0.03203125 0.01640625
4 0.55078125 0.39453125 0.03984375 0.0203125
4 0.63203125 0.38359375 0.0375 0.025
3 0.20625 0.4890625 0.0265625 0.03359375
7 0.23359375 0.5953125 0.025 0.034375
7 0.26015625 0.5953125 0.03125 0.03359375
2 334.5404357910156 220.52392578125 370.2377624511719 253.38461303710938
10 196.50375366210938 263.70684814453125 255.7803955078125 343.67852783203125
2 416.5111389160156 213.02932739257812 450.7244567871094 242.36691284179688
11 315.47991943359375 218.162109375 386.02947998046875 485.74700927734375
2 265.10821533203125 229.17092895507812 293.67388916015625 252.63095092773438
2 206.42431640625 216.20407104492188 239.11004638671875 243.88058471679688
11 181.28634643554688 215.67950439453125 266.0924987792969 487.546142578125
2 459.16058349609375 210.45938110351562 488.66790771484375 234.47073364257812
11 453.86395263671875 209.42063903808594 521.275146484375 453.6007080078125
11 124.87109375 237.5600128173828 180.3690185546875 408.19464111328125
10 140.56329345703125 268.39825439453125 174.85040283203125 321.1131591796875
10 472.7581787109375 256.911865234375 509.045166015625 351.0653076171875
11 401.3052673339844 210.560546875 475.9708557128906 483.11236572265625
11 253.69483947753906 229.16473388671875 318.77978515625 437.4947509765625
2 387.03546142578125 223.34466552734375 415.69854736328125 245.97509765625
9 214.80819702148438 249.45379638671875 234.21957397460938 263.87738037109375
10 315.95263671875 267.301513671875 381.54669189453125 356.859375
2 151.64324951171875 238.7493896484375 174.61199951171875 254.4925537109375
11 0.0 217.35491943359375 122.2605209350586 638.6190185546875
2 182.48336791992188 238.75631713867188 207.57037353515625 258.8534851074219
9 425.78662109375 248.92495727539062 444.3087158203125 261.8370056152344
2 370.92657470703125 239.22415161132812 391.74359130859375 253.01065063476562
11 370.07940673828125 221.0944061279297 423.40704345703125 440.76165771484375
2 250.94259643554688 237.2736053466797 266.0970153808594 249.5122833251953
10 0.0 224.17080688476562 114.55113220214844 363.2051696777344
2 305.33270263671875 235.45361328125 321.81817626953125 250.51641845703125
10 409.75921630859375 260.4915771484375 468.21624755859375 356.935302734375
11 168.31906127929688 239.23822021484375 203.84982299804688 410.88153076171875
10 260.18695068359375 266.7267150878906 309.31689453125 341.7381896972656
11 291.35638427734375 231.73046875 331.38568115234375 435.5677490234375
9 190.55218505859375 263.0718994140625 201.92703247070312 273.374267578125
11 366.270263671875 235.94815063476562 396.98699951171875 422.6144714355469
10 174.05886840820312 266.73779296875 196.11093139648438 326.28814697265625
2 234.81961059570312 236.96218872070312 251.04183959960938 256.8772277832031
9 342.54583740234375 260.3392333984375 361.6456298828125 272.5855712890625
9 465.4454650878906 241.09109497070312 483.4476013183594 252.05880737304688
11 244.303955078125 234.54327392578125 275.52667236328125 424.78533935546875
9 279.47113037109375 257.56195068359375 292.04766845703125 268.23419189453125
9 375.62384033203125 258.0773620605469 386.53924560546875 267.6481628417969
9 400.0555419921875 250.06671142578125 412.013427734375 260.86871337890625
9 153.76878356933594 258.20465087890625 165.54258728027344 267.75836181640625
9 465.36944580078125 243.696533203125 484.51129150390625 262.38995361328125
10 384.4511413574219 259.704833984375 419.8491516113281 337.17864990234375
11 276.4861145019531 228.3856658935547 328.9145812988281 437.03363037109375
9 252.45709228515625 252.79067993164062 265.541015625 261.9656677246094
11 382.6331787109375 220.4163818359375 427.498779296875 456.47271728515625