5 0.4203125 0.38515625 0.06484375 0.07578125
5 0.50859375 0.38359375 0.0546875 0.071875
5 0.21640625 0.328125 0.08515625 0.1
5 0.609375 0.365625 0.0640625 0.07109375
5 0.73671875 0.3515625 0.078125 0.08515625
5 0.85 0.35703125 0.11015625 0.1109375
3 0.40546875 0.49921875 0.046875 0.03984375
3 0.36640625 0.41796875 0.0375 0.06640625
3 0.2359375 0.4984375 0.06015625 0.0625
4 0.4234375 0.38828125 0.06171875 0.02421875
4 0.228125 0.3375 0.065625 0.03046875
4 0.50625 0.38125 0.05390625 0.0203125
4 0.60859375 0.365625 0.06328125 0.025
5 0.08203125 0.30625 0.16328125 0.1703125
1 0.82578125 0.3625 0.06953125 0.03046875
1 0.73046875 0.35078125 0.0734375 0.0359375
5 0.2171875 0.11484375 0.08671875 0.0984375
5 0.08125 0.1265625 0.1625 0.19375
5 0.41875 0.0515625 0.06015625 0.0734375
5 0.5109375 0.05546875 0.065625 0.07578125
5 0.61796875 0.071875 0.0765625 0.09375
5 0.73125 0.08984375 0.084375 0.10390625
5 0.85 0.078125 0.11015625 0.11875
5 0.803125 0.340625 0.05078125 0.08515625
1 0.72734375 0.084375 0.07109375 0.0296875
1 0.825 0.07265625 0.0734375 0.046875
4 0.60234375 0.075 0.05078125 0.0375
4 0.4984375 0.0578125 0.0375 0.02421875
4 0.41875 0.0484375 0.05078125 0.0265625
4 0.2296875 0.10703125 0.06015625 0.034375
3 0.36328125 0.03359375 0.0359375 0.053125
10 93.33779907226562 240.25946044921875 88.83248901367188 160.66680908203125
10 361.5732116699219 252.76132202148438 73.84918212890625 103.72772216796875
11 220.3607940673828 218.9921875 128.76878356933594 417.4427490234375
11 348.66143798828125 205.4444122314453 101.892822265625 281.26438903808594
11 295.34173583984375 217.42681884765625 78.37408447265625 267.6627197265625
10 240.7717742919922 273.7646789550781 75.21327209472656 99.4127197265625
10 431.83282470703125 258.4893493652344 90.058349609375 119.5911865234375
9 255.76254272460938 255.34222412109375 23.764892578125 19.82183837890625
11 475.7940673828125 187.61041259765625 111.55908203125 451.5247802734375
10 0.0 258.96697998046875 121.08415985107422 227.88287353515625
5 446.203369140625 191.20492553710938 53.174072265625 30.8707275390625
9 131.74020385742188 216.91009521484375 29.53509521484375 27.052825927734375
5 246.79510498046875 221.06442260742188 43.29852294921875 22.1063232421875
5 501.98480224609375 191.11312866210938 80.8629150390625 43.4581298828125
5 306.86328125 221.61485290527344 37.26007080078125 21.960174560546875
5 105.95879364013672 174.39895629882812 60.64374542236328 38.432098388671875
11 392.6922607421875 186.9937286376953 145.4151611328125 453.0062713623047
9 505.21453857421875 242.14010620117188 35.4755859375 27.9246826171875
10 483.4667663574219 266.32879638671875 96.63894653320312 145.35833740234375
11 0.170745849609375 129.70855712890625 186.85931396484375 365.48321533203125
9 0.0 58.78425598144531 104.65257263183594 85.66705322265625
9 447.675537109375 233.92092895507812 28.837890625 23.239959716796875
11 0.003875732421875 506.19036865234375 185.7618408203125 133.80963134765625
9 313.28680419921875 250.63394165039062 22.49688720703125 19.47979736328125
5 0.0 136.97073364257812 105.0462646484375 74.60891723632812
9 378.5757751464844 241.15228271484375 26.991943359375 17.42718505859375
13 484.57537841796875 266.5753173828125 95.2738037109375 145.239990234375
11 75.2508544921875 169.9893798828125 125.4302978515625 317.291259765625
11 75.41143798828125 169.6254119873047 122.21749877929688 470.3745880126953
10 303.07781982421875 266.14129638671875 59.04443359375 79.3106689453125
2 366.951904296875 207.2868194580078 45.6690673828125 28.75811767578125
11 0.0 133.3509521484375 189.85350036621094 506.6490478515625
11 0.0 0.0 175.65774536132812 163.59619140625
5 367.10400390625 206.87820434570312 45.70855712890625 28.0771484375
9 57.67974853515625 226.43130493164062 57.070343017578125 53.935028076171875
11 0.13970947265625 0.0 172.87548828125 490.4374084472656