2 0.40859375 0.259375 0.1203125 0.16875
2 0.14140625 0.31875 0.1328125 0.1234375
9 0.16328125 0.44453125 0.0859375 0.071875
9 0.415625 0.4171875 0.0953125 0.0828125
10 0.1921875 0.51953125 0.190625 0.0796875
11 0.1796875 0.40625 0.31875 0.30625
11 0.3625 0.3671875 0.2125 0.384375
11 0.740625 0.06640625 0.03125 0.0796875
13 0.08984375 0.946875 0.0109375 0.0109375
11 0.09140625 0.9453125 0.0171875 0.025
2 54.181121826171875 170.75933837890625 135.39036560058594 312.0455322265625
4 63.58518981933594 226.63705444335938 129.66444396972656 262.1418151855469