2 0.18046875 0.4265625 0.0828125 0.1140625
2 0.4234375 0.37265625 0.06953125 0.0953125
4 0.42265625 0.38828125 0.06640625 0.02421875
2 0.6859375 0.334375 0.084375 0.10546875
2 0.85390625 0.33828125 0.0796875 0.10078125
2 0.60859375 0.39296875 0.0578125 0.07890625
4 0.67578125 0.34296875 0.0765625 0.02421875
4 0.8421875 0.34296875 0.06015625 0.01875
3 0.49453125 0.4890625 0.05546875 0.03359375
3 0.5515625 0.46015625 0.05234375 0.03515625
0 0.74609375 0.640625 0.04921875 0.0734375
0 0.89140625 0.609375 0.0453125 0.05625
0 0.62265625 0.61015625 0.02890625 0.0546875
3 0.0765625 0.709375 0.04765625 0.0484375
7 0.32734375 0.8 0.0484375 0.065625
7 0.446875 0.76484375 0.07890625 0.04453125
4 0.60078125 0.3984375 0.05 0.0203125
2 0.525 0.4515625 0.034375 0.0359375
3 0.07890625 0.95546875 0.04453125 0.04921875
7 0.328125 0.86953125 0.0578125 0.06328125
7 0.446875 0.896875 0.07578125 0.05078125
7 0.8015625 0.79609375 0.08828125 0.06015625
13 33.96565246582031 295.8760986328125 131.77294921875 156.64453125
2 86.33642578125 232.86614990234375 56.901519775390625 46.87579345703125
11 14.471893310546875 229.18470764160156 165.38189697265625 410.56480407714844
2 408.76507568359375 175.24920654296875 61.112548828125 38.97760009765625
2 245.8972930908203 203.4547576904297 52.21043395996094 40.534271240234375
2 517.745849609375 181.57675170898438 56.043701171875 37.001739501953125
10 219.42771911621094 259.70623779296875 76.19068908691406 96.79833984375
11 383.02197265625 173.71192932128906 128.6796875 466.28807067871094
10 409.4129638671875 246.9680938720703 83.168701171875 118.80601501464844
11 484.3399658203125 178.60984802246094 123.9344482421875 461.39015197753906
10 358.7981262207031 271.7872314453125 55.86859130859375 62.562255859375
11 178.36891174316406 200.58148193359375 180.04661560058594 439.29632568359375
2 368.88482666015625 223.5987091064453 40.0145263671875 30.70745849609375
9 256.6171875 252.26617431640625 27.3809814453125 18.9578857421875
9 417.4077453613281 225.1588897705078 20.108642578125 22.057098388671875
13 502.7728271484375 246.73638916015625 89.7335205078125 133.3958740234375
11 312.3431396484375 274.45220947265625 49.327392578125 178.675537109375
9 522.4019775390625 226.88058471679688 23.505859375 17.64239501953125
9 100.88485717773438 287.5523681640625 30.250228881835938 17.5635986328125
10 317.01116943359375 308.236083984375 35.3001708984375 62.31591796875
11 350.324462890625 220.0253143310547 69.1939697265625 292.95191955566406
9 377.825927734375 260.4646301269531 19.36767578125 15.6566162109375
2 325.4912109375 276.39971923828125 20.4552001953125 18.59771728515625