2 0.8046875 0.45 0.103125 0.09609375
4 0.79140625 0.45703125 0.065625 0.028125
2 0.28359375 0.54453125 0.05859375 0.06171875
0 0.3171875 0.65546875 0.0359375 0.0359375
0 0.690625 0.54453125 0.0453125 0.04296875
2 480.1039733886719 255.85235595703125 552.03076171875 301.54443359375
10 483.7586364746094 301.4660949707031 601.6746826171875 440.1703186035156
9 488.73931884765625 296.40496826171875 507.89959716796875 316.56878662109375
10 114.22090911865234 354.25933837890625 192.63430786132812 431.93670654296875
11 110.3001937866211 324.68572998046875 224.10403442382812 443.31231689453125
2 169.76544189453125 328.6684265136719 198.93487548828125 352.1976013183594
11 419.03643798828125 249.6002197265625 634.9692993164062 546.5931396484375
9 172.149658203125 352.28277587890625 189.39739990234375 368.61602783203125