4 0.82734375 0.51328125 0.075 0.04453125
0 0.68515625 0.63515625 0.07265625 0.046875
0 0.6546875 0.54453125 0.0671875 0.04296875
4 0.23671875 0.34765625 0.0984375 0.140625
2 0.83203125 0.51640625 0.10546875 0.09765625
2 0.225 0.31171875 0.31015625 0.28671875
0 0.51640625 0.7125 0.1 0.08203125
2 500.0885314941406 296.36370849609375 68.65426635742188 56.673095703125
11 383.11199951171875 279.15545654296875 195.3438720703125 216.9256591796875
11 0.00408935546875 2.00579833984375 335.368896484375 637.9942016601562
10 454.0087890625 344.9124755859375 95.2398681640625 140.378662109375
9 500.4609375 331.27215576171875 28.2796630859375 23.2454833984375
10 0.166656494140625 248.41326904296875 223.793212890625 386.126708984375
2 68.66949462890625 4.538726806640625 177.57937622070312 252.9842529296875
10 63.92425537109375 1.955108642578125 183.35052490234375 265.8271484375