5 0.26171875 0.42890625 0.08359375 0.09765625
2 0.46484375 0.46484375 0.10625 0.10546875
2 0.61484375 0.4359375 0.07421875 0.0921875
2 0.88046875 0.475 0.09296875 0.109375
4 0.60234375 0.44140625 0.06015625 0.02421875
2 0.85 0.44609375 0.0625 0.08203125
1 0.8796875 0.48203125 0.06875 0.0265625
3 0.78828125 0.53046875 0.0375 0.03046875
3 0.58046875 0.65625 0.0359375 0.04296875
3 0.1859375 0.8015625 0.0484375 0.046875
3 0.1859375 0.8640625 0.05625 0.0390625
4 0.4421875 0.4796875 0.05390625 0.02265625
2 259.2718200683594 261.55303955078125 340.8861999511719 310.9769287109375
2 363.271484375 247.6590118408203 420.296630859375 283.11590576171875
10 97.47733306884766 313.6876220703125 233.51889038085938 522.7174072265625
11 519.9066162109375 258.8116455078125 638.7113037109375 640.0
11 71.06372833251953 228.17620849609375 263.4425048828125 639.95751953125
11 342.28326416015625 244.6785888671875 458.35125732421875 639.5819091796875
10 359.7449645996094 304.99029541015625 447.4027404785156 467.93023681640625
11 182.13803100585938 254.95245361328125 377.9900817871094 639.2804565429688
13 533.335205078125 330.3869934082031 610.851318359375 458.7061462402344
9 370.45379638671875 286.85162353515625 394.94598388671875 306.25665283203125
9 542.5546875 315.64154052734375 574.3502197265625 334.60662841796875
2 533.1946411132812 262.628662109375 592.7893676757812 308.23046875
9 268.73345947265625 307.3662109375 292.42999267578125 328.80712890625
5 134.8021240234375 242.03280639648438 198.772705078125 291.3533020019531
11 482.25982666015625 250.796142578125 569.2235717773438 588.7100219726562
10 495.22601318359375 320.69049072265625 547.6641235351562 435.2235107421875
10 252.02679443359375 319.50189208984375 361.81903076171875 494.91375732421875
2 524.119140625 257.426513671875 566.6865234375 288.32818603515625