1 0.4515625 0.434375 0.2453125 0.09375
3 0.58046875 0.640625 0.13203125 0.18828125
2 0.45078125 0.4203125 0.28125 0.35546875
2 0.64375 0.48828125 0.0640625 0.0578125
3 0.72734375 0.69765625 0.0328125 0.0359375
2 206.53436279296875 153.00436401367188 180.77301025390625 122.386962890625
9 246.0493927001953 320.61480712890625 100.35777282714844 58.8924560546875
11 51.919189453125 148.00372314453125 344.4677734375 491.99627685546875
10 75.328857421875 374.76171875 268.4826354980469 265.00244140625
10 384.74468994140625 334.7156982421875 68.26434326171875 136.489501953125
11 379.542724609375 288.45208740234375 98.35614013671875 351.54791259765625
2 389.99481201171875 289.62066650390625 43.263916015625 35.6044921875