5 0.175 0.35625 0.10546875 0.11484375
5 0.3546875 0.33515625 0.07421875 0.0921875
5 0.56953125 0.33984375 0.075 0.09609375
5 0.73984375 0.3265625 0.096875 0.13125
5 0.86875 0.3640625 0.07265625 0.0859375
3 0.071875 0.7359375 0.0546875 0.0578125
3 0.30625 0.54609375 0.03984375 0.05390625
3 0.55390625 0.53203125 0.03828125 0.05234375
3 0.6546875 0.60546875 0.03984375 0.0484375
3 0.84765625 0.6703125 0.0546875 0.06328125
4 0.1875 0.359375 0.0828125 0.03359375
4 0.35859375 0.33671875 0.0625 0.028125
4 0.72109375 0.32578125 0.0734375 0.03046875
4 0.8640625 0.36171875 0.06875 0.0296875
1 0.55703125 0.3421875 0.06171875 0.03359375
5 0.959375 0.346875 0.05546875 0.0671875
5 0.98515625 0.31171875 0.0296875 0.1078125
5 0.51953125 0.38125 0.04765625 0.06171875
5 0.02421875 0.39453125 0.0484375 0.06328125
5 0.096875 0.3796875 0.05078125 0.0578125
5 0.24453125 0.3703125 0.03203125 0.04453125
5 0.46640625 0.37890625 0.03203125 0.0375
5 0.6484375 0.36875 0.04296875 0.04453125
5 0.621875 0.3515625 0.0390625 0.0578125
7 0.47578125 0.72578125 0.0375 0.05078125
3 0.04453125 0.5078125 0.03984375 0.04140625
3 0.68515625 0.4640625 0.02265625 0.03359375
4 0.51953125 0.38046875 0.0359375 0.01875
4 0.02265625 0.390625 0.04453125 0.02109375
4 0.9625 0.34375 0.0390625 0.01640625
3 0.515625 0.50078125 0.03203125 0.0296875
3 0.0703125 0.9328125 0.06796875 0.05390625
10 182.17453002929688 245.74465942382812 269.566650390625 354.6543273925781
10 62.89155578613281 266.94384765625 154.111328125 406.4012451171875
11 0.0 223.1824493408203 46.140541076660156 451.38897705078125
11 282.9964599609375 212.5403594970703 353.0499267578125 477.21588134765625
11 156.43170166015625 177.47320556640625 291.2789306640625 640.0
5 75.97367858886719 186.60357666015625 142.52418518066406 224.40509033203125
10 339.111572265625 249.6132049560547 414.2672119140625 366.42291259765625
10 303.10833740234375 261.79119873046875 345.08050537109375 337.85687255859375
11 44.603607177734375 183.2626953125 182.455810546875 639.8853759765625
5 199.09336853027344 181.66961669921875 245.91368103027344 206.35699462890625
2 340.08197021484375 185.798828125 391.47137451171875 219.5325927734375
10 0.36492919921875 259.65234375 40.2327880859375 328.89581298828125
11 428.52374267578125 148.2989501953125 559.4163208007812 640.0
11 322.61474609375 183.72254943847656 436.8045654296875 639.117431640625
9 444.80694580078125 208.6383056640625 478.885986328125 248.30120849609375
9 214.46176147460938 221.07901000976562 246.94439697265625 244.29290771484375
9 349.77838134765625 230.6559600830078 371.94537353515625 254.4806671142578
11 27.241905212402344 217.0420684814453 84.71453094482422 492.92572021484375
11 524.6538696289062 203.794677734375 604.9098510742188 640.0
9 536.4979248046875 240.1905517578125 560.4364013671875 263.4866943359375
10 448.302490234375 240.71096801757812 528.74853515625 413.9877624511719
5 530.9530029296875 206.20201110839844 577.6671142578125 227.93067932128906
11 265.57269287109375 228.88314819335938 293.38665771484375 371.8581848144531
5 439.6077880859375 154.202880859375 508.175048828125 193.69961547851562
11 257.21844482421875 228.94276428222656 290.78887939453125 371.3145751953125
5 0.6821794509887695 227.3822021484375 31.98678970336914 243.43014526367188
11 598.013427734375 196.12501525878906 640.0 545.4376220703125
9 7.251655578613281 252.07379150390625 25.296890258789062 266.78802490234375
11 597.456298828125 145.845458984375 640.0 639.41162109375
11 599.4739990234375 0.09600830078125 640.0 191.57162475585938
9 112.4622802734375 235.872802734375 144.61712646484375 265.94036865234375
10 270.1460266113281 253.2099609375 284.1237487792969 320.65185546875
10 522.76318359375 255.7807159423828 589.855712890625 441.05255126953125
11 281.48577880859375 230.28561401367188 312.79473876953125 369.9409484863281
9 535.5756225585938 239.61285400390625 556.0386352539062 260.69708251953125
11 573.9639282226562 190.41566467285156 640.0 639.55810546875
10 282.98638916015625 249.72238159179688 311.96905517578125 321.6231994628906
11 40.78374099731445 218.005859375 91.01460266113281 303.856689453125
5 47.45604705810547 222.4963836669922 70.67699432373047 233.9073028564453
5 601.4148559570312 197.7652587890625 635.7081909179688 219.4405517578125
9 56.358577728271484 247.32525634765625 73.71701049804688 260.43707275390625
10 547.9454956054688 259.8099365234375 588.6484985351562 413.02471923828125
9 321.93316650390625 247.7852783203125 339.01470947265625 263.355712890625
11 135.1617431640625 218.7099151611328 179.115966796875 373.13262939453125
5 261.7508544921875 228.14358520507812 278.2984619140625 243.04098510742188
11 605.1573486328125 243.4259033203125 640.0 640.0
9 323.3663024902344 251.91763305664062 339.2552795410156 265.4573059082031