1 0.81796875 0.265625 0.1125 0.034375
4 0.128125 0.3203125 0.1109375 0.0484375
4 0.234375 0.32578125 0.1171875 0.03984375
4 0.3828125 0.3609375 0.10546875 0.028125
4 0.45703125 0.2875 0.0640625 0.025
2 0.09609375 0.28125 0.19140625 0.25
2 0.38203125 0.34296875 0.0984375 0.146875
2 0.82734375 0.26171875 0.1453125 0.17109375
2 0.228125 0.3015625 0.13203125 0.1734375
5 0.459375 0.30078125 0.08671875 0.10703125
3 0.41484375 0.66796875 0.1265625 0.13125
3 0.4640625 0.4234375 0.05625 0.075
2 483.3702392578125 109.18822479248047 98.6182861328125 62.79621124267578
2 213.82083129882812 172.62786865234375 70.40695190429688 50.33258056640625
2 0.0 97.40283966064453 129.0348358154297 95.71709442138672
10 465.551025390625 216.14723205566406 141.5159912109375 197.61253356933594
10 269.6881103515625 226.322998046875 68.0384521484375 168.33770751953125
11 439.1749267578125 106.422119140625 198.379150390625 533.577880859375
9 497.26806640625 180.93165588378906 45.087158203125 32.96044921875
11 0.0672454833984375 94.3089599609375 166.41580200195312 545.295654296875
9 228.911376953125 236.5794677734375 40.632568359375 28.5877685546875
2 103.94696044921875 136.0541229248047 86.1536865234375 64.52706909179688
9 127.21595001220703 215.14813232421875 50.15410614013672 34.59197998046875
9 278.50244140625 191.59873962402344 29.8426513671875 26.414886474609375
5 268.9832763671875 152.66036987304688 45.8350830078125 24.01849365234375
10 90.24801635742188 255.820556640625 116.36154174804688 196.8468017578125
10 0.280364990234375 231.32965087890625 142.51060485839844 408.67034912109375
11 257.163330078125 152.75823974609375 105.4417724609375 487.24176025390625
11 56.706024169921875 133.1846466064453 256.9710693359375 506.8153533935547
9 47.506038665771484 215.24215698242188 63.12027359008789 46.34625244140625
11 73.07328796386719 133.95556640625 167.22109985351562 505.1561279296875
10 199.68634033203125 264.0422058105469 88.40594482421875 197.42059326171875
11 185.90115356445312 165.97801208496094 135.8740234375 468.78248596191406