12 0.36953125 0.26328125 0.0390625 0.0515625
12 0.4405143530485033 0.234375 0.030023843285945873 0.0578125
12 0.4859677536142373 0.21015625 0.02373748184962743 0.0515625
12 0.54375 0.1859375 0.0125 0.05
13 0.70390625 0.11796875 0.2421875 0.2359375
11 0.7234375 0.14453125 0.34375 0.2890625
2 0.8026603499252453 0.5484375 0.08162270472226432 0.0640625
9 0.8109768439733169 0.59609375 0.04551248789975162 0.034375
10 0.8136109645830174 0.68046875 0.1462942587805987 0.16875
11 0.803125 0.74921875 0.33125 0.5015625
2 495.4734802246094 336.62408447265625 536.0098876953125 385.26617431640625
0 545.4579467773438 324.35150146484375 568.5105590820312 353.68841552734375
0 420.3934326171875 373.9652404785156 446.69677734375 397.0336608886719
7 523.0697021484375 600.6014404296875 555.6365966796875 637.21484375
7 475.9993896484375 609.4381103515625 511.0198974609375 639.9417724609375
4 503.5996398925781 357.19952392578125 533.632080078125 371.76129150390625
5 533.919921875 308.75146484375 550.06201171875 326.796142578125