12 0.27734375 0.24453125 0.4015625 0.4890625
9 0.46484375 0.4234375 0.1078125 0.13125
5 0.453125 0.1125 0.13125 0.19375
11 0.3078125 0.25625 0.421875 0.465625
9 0.81171875 0.01015625 0.0703125 0.0203125
10 0.8090734555078314 0.1390625 0.15916696350286302 0.2328125
11 0.76328125 0.24453125 0.2984375 0.4890625
2 0.9631574883907309 0.62890625 0.059929511903856536 0.0953125
9 0.9636478469001831 0.67890625 0.01749657220870695 0.053125
13 0.8877893288480063 0.6921875 0.09141586123992695 0.1359375
11 0.9168137535160416 0.671875 0.15106357201231546 0.1828125