9 0.02578125 0.26796875 0.0515625 0.1328125
9 0.6140625 0.27578125 0.03125 0.0796875
2 0.59921875 0.1484375 0.0609375 0.159375
2 0.06953125 0.11328125 0.1390625 0.2265625
10 0.03359375 0.3796875 0.0671875 0.178125
10 0.559375 0.36953125 0.140625 0.1984375
11 0.4875 0.234375 0.284375 0.46875
11 0.5421875 0.26484375 0.175 0.4078125
11 0.11171875 0.234375 0.2234375 0.46875
12 0.94765625 0.4640625 0.0328125 0.009375
11 0.95859375 0.25859375 0.0828125 0.4203125
13 0.2640625 0.51484375 0.215625 0.0921875
11 0.24140625 0.734375 0.4515625 0.53125
12 0.9390625 0.71484375 0.121875 0.4359375
5 0.78203125 0.9453125 0.0984375 0.109375
11 0.8171875 0.88515625 0.365625 0.2296875
2 363.3470458984375 52.20643615722656 40.510498046875 140.53375244140625
1 371.33795166015625 129.22018432617188 31.786376953125 32.99847412109375
3 225.21157836914062 368.34869384765625 35.77777099609375 70.84912109375