2 0.3918779069104459 0.178125 0.12879768657189175 0.115625
13 0.30859375 0.37734375 0.3078125 0.1453125
2 0.11430689793345543 0.2171875 0.09904655405833437 0.1046875
9 0.11208534690018315 0.33046875 0.055023843285945874 0.0578125
9 0.3832654553114395 0.315625 0.07382838544042354 0.0671875
11 0.3171875 0.2796875 0.325 0.340625
11 0.09609375 0.3015625 0.1921875 0.296875
8 0.33322961475596813 0.5296875 0.07549996974937905 0.0859375
13 0.31418820238457323 0.7140625 0.21581693930236626 0.3015625
11 0.28125 0.725 0.396875 0.55
2 213.38778686523438 79.11322021484375 286.1730651855469 226.65975952148438
2 39.06061553955078 103.41584777832031 102.17462921142578 231.3842010498047
1 216.86941528320312 141.63394165039062 280.8064880371094 182.28591918945312
3 77.27557373046875 331.90301513671875 120.20928955078125 380.41650390625
4 42.55084228515625 168.59600830078125 96.63591003417969 191.35919189453125
1 43.47038650512695 166.7943878173828 97.86268615722656 190.99949645996094