6 0.49375 0.840625 0.0421875 0.11015625
6 0.434375 0.828125 0.0421875 0.0765625
6 0.32890625 0.84765625 0.0515625 0.1015625
6 0.27265625 0.84609375 0.05625 0.0953125
6 0.54140625 0.834375 0.03671875 0.0984375
6 0.58359375 0.83203125 0.05625 0.09140625
5 0.4671875 0.34609375 0.05546875 0.11328125
5 0.27109375 0.275 0.09453125 0.1265625
3 0.2234375 0.59140625 0.034375 0.08828125
3 0.3359375 0.5890625 0.025 0.06875
3 0.41640625 0.3171875 0.03125 0.06640625
3 0.60234375 0.59921875 0.021875 0.06015625
3 0.51328125 0.5984375 0.02265625 0.0703125
3 0.50546875 0.27578125 0.03125 0.0546875