2 0.1765625 0.434375 0.1171875 0.12578125
2 0.30546875 0.46171875 0.10234375 0.08671875
2 0.453125 0.44375 0.07734375 0.08515625
2 0.5703125 0.46171875 0.04609375 0.06171875
2 0.70859375 0.453125 0.0515625 0.0640625
4 0.3203125 0.46171875 0.0640625 0.034375
3 0.55 0.51171875 0.05625 0.034375
4 0.78125 0.46875 0.034375 0.01640625
7 0.60625 0.73203125 0.05 0.04375
2 0.515625 0.4796875 0.040625 0.05078125
3 0.175 0.83125 0.0625 0.07578125
3 0.175 0.9140625 0.06796875 0.0625
4 0.184375 0.434375 0.0828125 0.0390625
4 0.46015625 0.44375 0.0546875 0.02421875
2 0.7859375 0.46640625 0.046875 0.0546875
4 0.565625 0.46171875 0.03515625 0.01171875
3 0.828125 0.60234375 0.02421875 0.0265625
2 0.36640625 0.48046875 0.040625 0.06015625
7 0.6890625 0.7609375 0.05078125 0.04296875
7 0.74921875 0.7671875 0.04296875 0.04140625
7 0.81796875 0.7265625 0.03203125 0.0296875
7 0.771875 0.71328125 0.04296875 0.0296875
7 0.56015625 0.7390625 0.03203125 0.0390625
2 0.07109375 0.47890625 0.02421875 0.028125
5 0.0953125 0.48515625 0.01875 0.02421875
2 71.8721923828125 234.97622680664062 76.18782043457031 50.1295166015625
2 164.1407470703125 263.84149169921875 57.412994384765625 52.5579833984375
10 162.71170043945312 338.59661865234375 73.71746826171875 158.245849609375
11 479.19183349609375 280.55328369140625 54.8056640625 189.88018798828125
2 266.8590087890625 254.55718994140625 45.6986083984375 31.52154541015625
11 50.732879638671875 231.72344970703125 144.01119995117188 408.010986328125
10 484.50408935546875 316.972412109375 39.98870849609375 69.8319091796875
11 418.87750244140625 269.65191650390625 76.347412109375 220.667236328125
10 351.574462890625 313.83062744140625 35.0625 69.779296875
11 334.7816162109375 274.95684814453125 61.071044921875 207.43121337890625
11 149.70315551757812 260.1290283203125 97.5689697265625 379.8709716796875
10 233.53033447265625 304.77069091796875 74.94158935546875 119.5570068359375
10 429.07415771484375 311.08251953125 55.8629150390625 90.5804443359375
11 234.7173614501953 251.22239685058594 98.28269958496094 388.77760314941406
10 76.49371337890625 319.85302734375 98.98129272460938 217.8406982421875
2 439.84149169921875 270.8770751953125 29.8424072265625 24.119873046875
2 349.21673583984375 276.70025634765625 26.1602783203125 17.82281494140625
9 279.1236572265625 288.6121826171875 23.28985595703125 14.8671875
9 354.94873046875 301.00567626953125 16.7083740234375 11.92822265625
9 110.88699340820312 290.16790771484375 31.402694702148438 21.934326171875
9 492.4693908691406 301.8558349609375 14.92376708984375 12.6048583984375
2 220.40554809570312 288.8563537597656 22.51446533203125 19.2911376953125
11 33.457313537597656 298.72967529296875 22.13677978515625 89.64715576171875
2 318.50897216796875 291.98126220703125 24.36669921875 16.74420166015625
5 55.26984405517578 301.890380859375 10.614944458007812 9.16351318359375
2 488.96197509765625 281.9964599609375 29.05810546875 17.8284912109375
10 47.47819519042969 301.42254638671875 21.097190856933594 78.883544921875
11 46.78142547607422 299.2554931640625 27.182723999023438 83.5849609375
9 324.53167724609375 312.2574462890625 12.6116943359375 10.126953125
11 212.32415771484375 287.796142578125 38.2344970703125 293.247802734375
9 222.14715576171875 316.14276123046875 18.58544921875 16.008544921875
9 224.40087890625 313.99407958984375 16.79180908203125 13.990234375
11 315.89276123046875 288.75970458984375 39.508544921875 185.3155517578125
10 34.76677703857422 313.1136169433594 18.785690307617188 38.3131103515625
11 217.31109619140625 288.08935546875 29.8800048828125 215.137939453125
9 444.27142333984375 298.16253662109375 12.59979248046875 10.730712890625