2 0.21171875 0.0390625 0.0859375 0.0578125
2 0.3296875 0.0109375 0.0375 0.021875
2 0.2640625 0.0296875 0.0484375 0.0265625
2 0.48046875 0.01328125 0.0390625 0.0265625
2 0.28125 0.01015625 0.0296875 0.01875
9 0.47421875 0.03203125 0.0109375 0.009375
8 0.3375 0.0265625 0.01875 0.0140625
9 0.2703125 0.0515625 0.0140625 0.0140625
9 0.20078125 0.0859375 0.0421875 0.028125
13 0.24921875 0.18046875 0.1796875 0.2046875
13 0.3296875 0.05546875 0.0515625 0.0671875
13 0.50390625 0.01953125 0.0109375 0.0265625
10 0.490625 0.06875 0.0375 0.0875
10 0.29453125 0.05390625 0.025 0.0375
10 0.28046875 0.0890625 0.071875 0.078125
11 0.490625 0.08515625 0.0375 0.1703125
11 0.48515625 0.0953125 0.0484375 0.190625
11 0.34375 0.09140625 0.103125 0.1828125
11 0.29453125 0.0953125 0.0765625 0.190625
11 0.2734375 0.05859375 0.0609375 0.0828125
11 0.26796875 0.2578125 0.2515625 0.515625
11 0.0296875 0.27734375 0.059375 0.4546875
11 0.75078125 0.334375 0.4828125 0.66875
10 0.7109375 0.39140625 0.403125 0.5546875
8 0.6703125 0.10078125 0.19375 0.2015625
2 109.73338317871094 10.822151184082031 49.785614013671875 54.103614807128906
2 200.88265991210938 0.0 22.31378173828125 22.032312393188477
3 158.31295776367188 1.8205080032348633 33.846466064453125 31.34928035736084
3 294.0879211425781 0.0 32.2147216796875 20.540489196777344
4 112.07752227783203 33.66482925415039 37.59307098388672 14.401824951171875
7 205.58763122558594 94.77467346191406 24.769500732421875 22.931854248046875
3 605.8388061523438 223.38064575195312 33.642333984375 51.220947265625