3 0.91953125 0.3140625 0.04375 0.04921875
3 0.8296875 0.446875 0.0296875 0.03203125
3 0.91953125 0.08828125 0.04921875 0.0453125
2 0.55625 0.68828125 0.0296875 0.03515625
2 0.8734375 0.37578125 0.05859375 0.06015625
2 0.6265625 0.7296875 0.0375 0.0375
4 0.8625 0.37265625 0.046875 0.01171875
2 0.87265625 0.03046875 0.06171875 0.06015625
2 0.4375 0.58515625 0.03828125 0.0296875
2 0.3453125 0.57890625 0.03828125 0.04140625
7 0.36796875 0.77734375 0.06015625 0.04140625
7 0.30625 0.71875 0.03515625 0.03515625
7 0.41875 0.76875 0.0296875 0.03359375
7 0.94375 0.6421875 0.05234375 0.046875
0 0.56328125 0.74453125 0.03125 0.0265625