2 0.53203125 0.50078125 0.046875 0.06328125
2 0.2625 0.51015625 0.0453125 0.06484375
4 0.265625 0.51796875 0.03671875 0.0109375
3 0.7046875 0.6078125 0.028125 0.0265625
4 0.6390625 0.4953125 0.05234375 0.01328125
2 0.634375 0.4890625 0.071875 0.078125
4 0.53515625 0.50703125 0.0359375 0.015625
3 0.51171875 0.6578125 0.03046875 0.03046875
3 0.2 0.646875 0.01875 0.02109375
2 0.66484375 0.48515625 0.025 0.0609375
11 301.077880859375 297.741943359375 361.0885009765625 507.6021728515625
10 137.2535400390625 342.9461975097656 183.56277465820312 416.3058166503906
2 387.45977783203125 288.04296875 430.91644287109375 314.6783447265625
2 324.7806091308594 299.7939453125 355.4164733886719 318.4283447265625
10 351.146728515625 343.76922607421875 415.4761962890625 438.40484619140625
11 350.9559020996094 283.50421142578125 463.6294250488281 548.4586181640625
10 310.2161865234375 337.6020812988281 352.233642578125 434.6974182128906
2 152.28262329101562 307.62908935546875 178.96237182617188 327.56414794921875
9 402.92047119140625 323.4295654296875 420.54974365234375 339.208984375
9 336.99169921875 324.9175720214844 352.2049560546875 338.2756042480469
11 123.390380859375 306.33642578125 220.75296020507812 514.595947265625
9 161.02862548828125 331.27166748046875 176.52410888671875 343.58575439453125
9 160.22067260742188 332.7723693847656 175.06344604492188 345.1968688964844
9 164.8567352294922 330.52783203125 177.63023376464844 342.915771484375