2 0.36875 0.36640625 0.0640625 0.0953125
2 0.47109375 0.3546875 0.0734375 0.08828125
0 0.39765625 0.51640625 0.0515625 0.03984375
0 0.54453125 0.46875 0.0390625 0.0375
4 0.36875 0.37578125 0.05546875 0.02109375
4 0.471875 0.35390625 0.0640625 0.02265625
0 0.409375 0.48359375 0.03984375 0.03359375
2 276.5092468261719 199.4665069580078 43.36297607421875 28.2432861328125
2 210.71328735351562 201.77679443359375 43.58074951171875 31.11865234375
9 223.31048583984375 244.45797729492188 25.9815673828125 19.12469482421875
11 127.79243469238281 561.6879272460938 66.05215454101562 78.31207275390625
10 181.27597045898438 256.47705078125 70.56832885742188 105.9090576171875
9 290.876953125 235.17080688476562 22.2357177734375 17.702392578125
10 143.92300415039062 583.5353393554688 42.4913330078125 56.46466064453125
11 149.09512329101562 198.31103515625 126.550048828125 337.9874267578125
10 274.0353698730469 251.42782592773438 80.7586669921875 103.96087646484375
11 169.20054626464844 196.16539001464844 211.60902404785156 340.15419006347656