2 0.35859375 0.3171875 0.07421875 0.121875
2 0.546875 0.334375 0.0921875 0.13203125
2 0.61796875 0.2875 0.0765625 0.121875
3 0.08203125 0.33203125 0.05625 0.05234375
3 0.421875 0.44765625 0.0515625 0.0484375
5 0.853125 0.3375 0.20625 0.2390625
5 0.771875 0.20625 0.09296875 0.12421875
5 0.446875 0.35078125 0.0546875 0.09765625
5 0.9328125 0.20546875 0.04765625 0.06171875
5 0.9328125 0.04921875 0.04375 0.053125
5 0.7671875 0.0515625 0.115625 0.103125
5 0.121875 0.31015625 0.05859375 0.07734375
5 0.05234375 0.3484375 0.0796875 0.128125
3 0.575 0.54296875 0.0546875 0.08125
3 0.47890625 0.43515625 0.046875 0.05625
3 0.77109375 0.759375 0.09140625 0.08984375
3 0.77890625 0.68203125 0.09140625 0.08671875
11 120.34005737304688 152.15936279296875 290.3144226074219 550.9724731445312
2 201.76895141601562 156.40277099609375 256.3476257324219 213.7916259765625
2 318.0517578125 163.64300537109375 389.72802734375 230.190673828125
5 474.6943359375 133.5786590576172 617.670654296875 236.04347229003906
11 344.84710693359375 133.88153076171875 475.84051513671875 519.9339599609375
11 422.7879333496094 112.57122802734375 640.0 637.4279174804688
9 215.8310089111328 217.6786651611328 243.66575622558594 241.12989807128906
11 0.44989013671875 160.980712890625 132.89639282226562 626.319091796875
10 283.45648193359375 232.3831024169922 374.83197021484375 359.31939697265625
9 517.8355712890625 241.86322021484375 589.9656982421875 285.93328857421875
10 164.87704467773438 230.44078063964844 256.4198913574219 375.0733642578125
9 383.17919921875 198.40866088867188 406.1802978515625 217.86663818359375
10 359.4736022949219 221.97059631347656 436.0282287597656 339.7054443359375
11 276.27880859375 157.56385803222656 392.0552978515625 527.7913818359375
11 210.83261108398438 174.9283447265625 331.5249938964844 543.2960205078125
9 263.88726806640625 232.74868774414062 292.11553955078125 257.4598083496094
5 261.2493896484375 189.108642578125 305.32684326171875 221.06732177734375
10 2.1240921020507812 242.97506713867188 103.15396881103516 391.2790222167969
9 332.3885498046875 234.13088989257812 367.92962646484375 257.5577087402344
11 405.12548828125 78.092041015625 592.8785400390625 499.535888671875
10 494.8115234375 267.80133056640625 640.0 563.2611694335938
11 356.62664794921875 134.79074096679688 442.0947265625 260.17303466796875
2 334.9658203125 137.9185791015625 361.94671630859375 162.08966064453125