2 0.3375 0.3234375 0.14140625 0.2
2 0.16484375 0.3078125 0.071875 0.16953125
2 0.6359375 0.32578125 0.14453125 0.20546875
2 0.73125 0.23359375 0.11796875 0.1765625
2 0.55859375 0.20625 0.1125 0.15078125
2 0.46484375 0.27734375 0.13125 0.19375
2 0.2765625 0.21953125 0.11640625 0.15390625
2 0.04140625 0.21640625 0.07890625 0.14921875
2 0.44453125 0.14140625 0.10703125 0.128125
2 0.31953125 0.15390625 0.08671875 0.1015625
2 0.80078125 0.22890625 0.0859375 0.15390625
4 0.34375 0.34609375 0.121875 0.0484375
4 0.478125 0.28515625 0.1015625 0.0359375
4 0.6328125 0.33046875 0.1265625 0.06015625
4 0.74140625 0.23984375 0.06875 0.0359375
4 0.5703125 0.21328125 0.09765625 0.0359375
4 0.4453125 0.1578125 0.0953125 0.02421875
4 0.2625 0.23359375 0.08046875 0.03984375
4 0.16328125 0.31640625 0.06875 0.0453125
4 0.08828125 0.31953125 0.06015625 0.03203125
2 0.08203125 0.30234375 0.090625 0.17265625
3 0.4046875 0.7203125 0.08828125 0.13515625
3 0.2390625 0.71953125 0.0828125 0.12265625
3 0.60625 0.42265625 0.09453125 0.0625
3 0.69453125 0.415625 0.09296875 0.071875
3 0.02734375 0.72734375 0.0546875 0.1140625
3 0.15390625 0.709375 0.06015625 0.0984375
3 0.096875 0.7109375 0.05625 0.09765625
3 0.94296875 0.22421875 0.07734375 0.14140625
3 0.68046875 0.0625 0.06953125 0.08828125
2 0.1546875 0.17109375 0.0640625 0.0984375
2 0.09609375 0.1734375 0.06328125 0.09609375
2 0.75234375 0.10625 0.0765625 0.08984375
2 0.621875 0.1921875 0.0671875 0.109375
2 0.6640625 0.153125 0.0921875 0.084375
2 0.82421875 0.11328125 0.07109375 0.06640625
2 0.925 0.12265625 0.0703125 0.08046875
2 0.36015625 0.12578125 0.059375 0.08828125
2 0.41171875 0.08046875 0.0671875 0.084375
5 0.19609375 0.06640625 0.0484375 0.05625
7 0.5296875 0.90625 0.0953125 0.11328125
7 0.75234375 0.89765625 0.1125 0.12578125
6 0.43046875 0.91171875 0.09765625 0.08984375
6 0.22578125 0.89609375 0.10078125 0.07734375