9 0.2298012999284124 0.34921875 0.12968859468490823 0.134375
5 0.23874104260822993 0.25234375 0.11157384667409058 0.0546875
11 0.1546875 0.32421875 0.309375 0.2703125
12 0.09574666263527423 0.5828125 0.057104522676635835 0.0734375
11 0.7264206665738678 0.72421875 0.17447712006681498 0.4921875
11 0.5892110205681409 0.76640625 0.1711692120464523 0.3421875
11 0.5348240599140949 0.6734375 0.12258626137808885 0.3296875
10 0.5416467719207764 0.62421875 0.05592383068109026 0.10625
10 0.6187263452419133 0.7140625 0.058921561346272175 0.0953125
10 0.6987501999125041 0.68515625 0.08664766669318062 0.1953125
9 0.5313001652610033 0.5734375 0.022093176002545435 0.01875
9 0.5873223512492312 0.66015625 0.009520450668363623 0.0125
9 0.721089371260367 0.578125 0.022274989337999783 0.034375
2 0.524741629933185 0.5328125 0.036428396005727136 0.0421875
2 0.5931456372533673 0.6296875 0.04916475334181776 0.0625
2 0.7053921932686393 0.5171875 0.07116702267663584 0.0734375
0 487.932861328125 493.521728515625 39.8642578125 57.42724609375
5 104.83987426757812 146.886962890625 88.6265869140625 122.68096923828125
2 431.8057861328125 310.141357421875 39.759765625 69.237060546875
4 114.97267150878906 167.94183349609375 71.87118530273438 51.11505126953125
4 112.61712646484375 167.4966278076172 74.34646606445312 71.00946044921875
3 428.6143798828125 539.0531616210938 25.9669189453125 33.77392578125
3 437.31134033203125 561.6424560546875 25.1146240234375 40.408447265625
4 120.80712890625 169.12673950195312 66.60186767578125 36.364990234375