12 0.23671875 0.1109375 0.2390625 0.221875
11 0.14296875 0.328125 0.2859375 0.48125
10 0.975 0.096875 0.05 0.19375
10 0.796875 0.07734375 0.140625 0.1546875
10 0.57890625 0.10078125 0.1828125 0.2015625
11 0.57265625 0.284375 0.2265625 0.56875
11 0.62421875 0.284375 0.3296875 0.56875
11 0.93671875 0.246875 0.1265625 0.49375
11 0.76328125 0.2390625 0.2765625 0.478125
13 0.14765625 0.71640625 0.2953125 0.2953125
11 0.2296875 0.784375 0.459375 0.43125
10 0.7171875 0.8734375 0.0328125 0.0578125
5 0.73125 0.82265625 0.015625 0.0171875
11 0.71796875 0.85703125 0.05 0.096875