5 0.22578125 0.47265625 0.04140625 0.06171875
5 0.346875 0.465625 0.04921875 0.06015625
5 0.44765625 0.48671875 0.0421875 0.0546875
5 0.5359375 0.48515625 0.0375 0.05234375
5 0.63828125 0.4828125 0.0328125 0.04921875
5 0.72109375 0.49609375 0.04140625 0.046875
3 0.184375 0.65078125 0.02421875 0.03359375
7 0.19921875 0.80234375 0.04765625 0.05078125
7 0.253125 0.7953125 0.0453125 0.046875
7 0.315625 0.7921875 0.03984375 0.04296875
7 0.36171875 0.7859375 0.046875 0.0390625
7 0.42421875 0.7859375 0.04140625 0.0390625
7 0.4640625 0.78359375 0.040625 0.0375
7 0.51484375 0.78046875 0.04296875 0.0359375
7 0.5515625 0.77890625 0.040625 0.034375
7 0.6125 0.77578125 0.0390625 0.03984375
7 0.65703125 0.77578125 0.0390625 0.03984375
3 0.2734375 0.6453125 0.02890625 0.02734375
3 0.68046875 0.6453125 0.02578125 0.0265625
4 0.346875 0.46328125 0.04375 0.01953125
4 0.22421875 0.46953125 0.0375 0.0171875
4 0.44765625 0.48359375 0.0359375 0.0140625
4 0.534375 0.4796875 0.03671875 0.0125
4 0.63671875 0.4828125 0.03203125 0.015625
4 0.7203125 0.4953125 0.0390625 0.0140625
7 0.74375 0.775 0.0359375 0.03828125
7 0.70546875 0.775 0.0359375 0.03359375
11 180.29629516601562 277.4127197265625 252.48013305664062 514.4227294921875
11 376.1038818359375 289.858154296875 432.07373046875 504.8968505859375
10 112.48145294189453 321.6162109375 170.9945068359375 404.57470703125
10 258.2285461425781 328.9317626953125 306.8135681152344 406.9287109375
11 103.38664245605469 279.5400390625 180.0573272705078 522.3832397460938
11 246.87652587890625 290.9603271484375 311.14447021484375 513.2977294921875
10 437.7093200683594 338.8226318359375 487.5331726074219 422.493896484375
5 272.31219482421875 292.1617736816406 298.08221435546875 307.3453674316406
5 127.64137268066406 280.4328918457031 156.7118377685547 298.4482116699219
10 324.04718017578125 324.7662658691406 368.59857177734375 430.4797668457031
11 310.9642333984375 290.32135009765625 374.4566650390625 510.02362060546875
5 206.80270385742188 278.25244140625 235.52590942382812 293.9320068359375
11 433.34185791015625 298.47119140625 494.67498779296875 507.203857421875
9 398.53399658203125 313.14178466796875 414.50897216796875 326.27032470703125
5 394.9949951171875 291.03009033203125 420.00469970703125 305.88848876953125
9 211.1813201904297 302.60394287109375 229.46348571777344 318.898193359375
9 136.9652862548828 306.68756103515625 154.4134063720703 319.33172607421875
5 447.67950439453125 301.58251953125 473.7318115234375 314.447998046875
9 278.8187255859375 315.13336181640625 293.991455078125 328.68267822265625
9 454.2557373046875 323.6723937988281 469.8443603515625 341.3562316894531
5 328.11395263671875 291.63568115234375 353.46612548828125 306.78204345703125
9 337.7494812011719 311.56951904296875 350.9629211425781 323.80108642578125
9 333.7782287597656 311.77783203125 347.9284973144531 326.4412841796875
9 334.880859375 313.71856689453125 349.0572509765625 328.68841552734375
11 300.88763427734375 291.00299072265625 347.28302001953125 510.63226318359375
13 189.27041625976562 317.7083740234375 247.27572631835938 410.90386962890625