12 0.16171875 0.1140625 0.3234375 0.228125
8 0.5265625 0.15390625 0.334375 0.3078125
10 0.671875 0.2171875 0.625 0.184375
11 0.6796875 0.1546875 0.640625 0.309375
8 0.1796875 0.6828125 0.359375 0.271875
2 0.184375 0.4359375 0.35 0.228125
10 0.1796875 0.84375 0.359375 0.3125
11 0.1796875 0.6546875 0.359375 0.690625
2 0.6351166032781844 0.658616095918231 0.01894999466899989 0.017405676002545434
11 0.6256592399347758 0.732934843252731 0.06448176535645338 0.17103975334181776
3 410.3685302734375 41.05207824707031 511.9822998046875 108.7430419921875
3 446.318115234375 119.27859497070312 517.2447509765625 178.28045654296875
3 391.9326171875 0.0 490.0858154296875 28.26051902770996
3 442.7646484375 112.94974517822266 566.831787109375 179.96517944335938