2 0.41640625 0.42734375 0.103125 0.12734375
3 0.43984375 0.578125 0.0671875 0.05390625
4 0.41875 0.4328125 0.07734375 0.028125
0 0.7828125 0.5609375 0.0859375 0.13671875
0 0.53203125 0.77265625 0.04296875 0.05859375
5 0.2125 0.50546875 0.03515625 0.04140625
5 0.33828125 0.4921875 0.02421875 0.0359375
5 0.5125 0.4890625 0.02265625 0.028125
5 0.69375 0.48125 0.02421875 0.02265625
5 0.64921875 0.49296875 0.0234375 0.02265625
6 0.20390625 0.68359375 0.02578125 0.0390625
6 0.1953125 0.6765625 0.0265625 0.04140625