2 0.55390625 0.44296875 0.08671875 0.09609375
2 0.35234375 0.30390625 0.096875 0.09921875
4 0.35859375 0.31796875 0.0390625 0.06015625
4 0.53828125 0.4515625 0.06015625 0.028125
7 0.3421875 0.79609375 0.11171875 0.065625
2 0.34609375 0.0390625 0.10703125 0.07734375
7 0.3453125 0.85703125 0.1140625 0.06328125
0 0.35703125 0.490625 0.03984375 0.07890625
2 328.3454895019531 251.97113037109375 381.3905944824219 288.591064453125
13 100.39912414550781 193.01963806152344 211.1547393798828 348.1837158203125
13 321.17803955078125 309.6241455078125 419.30938720703125 453.1263427734375
11 302.181884765625 247.732177734375 429.4981689453125 606.4268798828125
2 201.2939453125 160.36260986328125 256.905029296875 215.92767333984375
11 74.70246124267578 157.4508056640625 258.7373046875 640.0
9 331.8687744140625 293.76300048828125 349.9290771484375 317.06964111328125
9 205.85910034179688 198.6395263671875 230.66696166992188 226.70697021484375
11 590.1976318359375 239.4046630859375 639.8355712890625 640.0