3 0.5375 0.48515625 0.07734375 0.03984375
5 0.4390625 0.37421875 0.0546875 0.06171875
5 0.24921875 0.3453125 0.08359375 0.0921875
5 0.703125 0.42109375 0.04140625 0.04921875
5 0.60234375 0.42734375 0.04140625 0.0484375
5 0.496875 0.41640625 0.04296875 0.0640625
5 0.3453125 0.41640625 0.04375 0.05078125
5 0.10859375 0.3984375 0.0453125 0.04921875
3 0.453125 0.5234375 0.0375 0.04296875
3 0.12578125 0.4875 0.02890625 0.0265625
7 0.70078125 0.70546875 0.0390625 0.04296875
7 0.38828125 0.7703125 0.06015625 0.06640625
7 0.440625 0.74609375 0.0546875 0.04921875
5 0.28515625 0.3984375 0.040625 0.0546875
5 0.19921875 0.38828125 0.03984375 0.04140625
11 231.0685272216797 205.79248046875 328.98321533203125 506.3448486328125
11 23.78215789794922 235.2753143310547 101.34000396728516 419.91278076171875
10 115.20475006103516 244.94219970703125 186.48257446289062 375.7662353515625
11 415.6622314453125 248.72946166992188 488.626953125 462.2981872558594
11 362.8947448730469 259.54681396484375 415.0914611816406 424.37908935546875
11 197.46707153320312 245.1936492919922 252.35684204101562 428.34722900390625
10 241.5047607421875 261.7998046875 314.40875244140625 356.28900146484375
10 370.86859130859375 283.87957763671875 408.20391845703125 326.44012451171875
10 205.08544921875 276.3747863769531 239.93734741210938 321.8183288574219
10 48.48088073730469 267.57708740234375 92.0130615234375 326.85467529296875
5 132.7770233154297 190.93093872070312 182.7440643310547 224.75021362304688
10 423.49176025390625 287.4543762207031 474.25360107421875 368.4235534667969
11 301.99237060546875 244.2294921875 346.73870849609375 436.7938232421875
11 104.34095764160156 188.98883056640625 204.74485778808594 640.0
11 170.95184326171875 239.70217895507812 213.25872802734375 413.4494934082031
5 210.501953125 247.22491455078125 234.15277099609375 262.0255126953125
10 104.54048156738281 262.6398620605469 121.11372375488281 321.9289245605469
10 312.3929443359375 278.32867431640625 340.51806640625 338.02947998046875
5 266.25653076171875 205.8813018798828 304.36761474609375 234.3198699951172
9 272.5111389160156 248.53738403320312 290.6841125488281 267.4838562011719
10 178.4102783203125 267.268310546875 203.81048583984375 319.071044921875
9 441.34490966796875 273.8795166015625 456.63543701171875 288.319091796875
11 100.25181579589844 232.47352600097656 134.34007263183594 378.6019287109375
5 439.5465087890625 251.13076782226562 463.11602783203125 268.0691833496094
9 166.26492309570312 233.28138732910156 182.64688110351562 255.4760284423828
9 63.968345642089844 258.4471130371094 77.99903106689453 271.3598937988281
5 306.63519287109375 246.98077392578125 331.14459228515625 265.185791015625
5 115.46002197265625 233.80722045898438 134.3028564453125 247.06451416015625
5 59.439369201660156 235.67457580566406 82.27127838134766 250.23695373535156
9 312.86395263671875 269.5014953613281 326.32867431640625 283.7467346191406
9 176.22665405273438 248.20269775390625 192.09707641601562 268.1796875
5 379.0235595703125 260.547119140625 394.05084228515625 273.5897216796875
9 380.949951171875 276.78778076171875 392.44647216796875 286.56744384765625
9 217.83279418945312 267.544677734375 229.65084838867188 280.9923095703125