2 0.09453125 0.4890625 0.065625 0.075
2 0.56796875 0.3 0.075 0.08125
2 0.4609375 0.4390625 0.05859375 0.06796875
2 0.24765625 0.40703125 0.0421875 0.0484375
2 0.2921875 0.4203125 0.03828125 0.0359375
2 0.2140625 0.45234375 0.0421875 0.05234375
7 0.58828125 0.5421875 0.046875 0.06171875
7 0.55234375 0.52578125 0.05234375 0.0546875
2 0.60234375 0.69765625 0.06015625 0.0734375
7 0.396875 0.55703125 0.02890625 0.0453125
2 145.2425079345703 244.53277587890625 24.408203125 21.690673828125
11 20.265945434570312 282.35528564453125 79.66783142089844 118.64208984375
2 125.65104675292969 272.8590087890625 24.526123046875 19.910400390625
2 41.87762451171875 284.95208740234375 35.57814025878906 27.29168701171875
2 177.60989379882812 255.20989990234375 20.2498779296875 16.72674560546875
9 51.46806335449219 319.5951232910156 18.538246154785156 15.39019775390625
10 170.4212646484375 278.5081481933594 29.32720947265625 33.72796630859375
11 215.63516235351562 224.6373748779297 84.58758544921875 209.76734924316406
9 183.30746459960938 272.701904296875 9.828460693359375 8.77911376953125
10 135.1789093017578 273.359619140625 36.21038818359375 52.4544677734375