12 0.5711981260741329 0.20699850457514052 0.03711928668045381 0.10198067067154533
12 0.4458788580521794 0.046716079925230726 0.014517033338636054 0.039226132001908984
12 0.33387829738222496 0.023797295273730024 0.012918170671545326 0.036082950668363534
12 0.591464078055361 0.06846271590550432 0.012899989337999785 0.03452045066836353
12 0.5865947647199066 0.05289225990614068 0.008103401336727245 0.025090906667727265
12 0.511449314051543 0.04126496391632202 0.009720445337363515 0.029796588001272717
12 0.39090045671545226 0.02235242659932126 0.009684082670272608 0.026671588001272718
12 0.23606969541690526 0.2804387412874112 0.06291926535645347 0.1710215720082724
12 0.29609375 0.00859375 0.0109375 0.0171875
12 0.24609375 0.009375 0.0140625 0.01875
12 0.3046875 0.00390625 0.009375 0.0078125
12 0.3125 0.0046875 0.009375 0.009375
12 0.3640625 0.00859375 0.009375 0.0171875
12 0.38532261871417967 0.013041061266730302 0.008048857336090797 0.020403406667727175
12 0.4393197753819068 0.02022630525941249 0.008067038669636161 0.021965906667727263
12 0.4839419320496341 0.027520637253367307 0.008012494668999892 0.017278406667727175
12 0.49408909138286133 0.02662120858532191 0.008012494668999892 0.017278406667727175
12 0.47832773138127055 0.015084271920776349 0.004851132001909164 0.01411704400063627
12 0.5049356847151342 0.018681439250503827 0.006377269334818081 0.011010225334181811
12 0.5340328387173614 0.034751334579913085 0.0064681760025454334 0.018822725334181813
12 0.5473049980505886 0.03381554324477678 0.0064499946689998925 0.01726022533418181
12 0.5824976107176795 0.036531463240004315 0.0064499946689998925 0.01726022533418181
12 0.5675447727164068 0.027329185908686028 0.004832950668363622 0.012554544000636358
12 0.5927084047183158 0.04110078457195891 0.00804885733609062 0.020403406667727175
12 0.5244851160486796 0.020016672581185713 0.006395450668363623 0.01257272533418181
10 0.53515625 0.6578125 0.0515625 0.1375
10 0.56953125 0.69140625 0.0609375 0.2046875
10 0.46484375 0.65390625 0.0984375 0.1296875
10 0.3765625 0.66640625 0.103125 0.1546875
10 0.23125 0.6640625 0.1125 0.15
10 0.1375 0.67421875 0.121875 0.1703125
10 0.0296875 0.6515625 0.059375 0.125
11 0.0453125 0.75546875 0.090625 0.3328125
11 0.14296875 0.79453125 0.1859375 0.4109375
11 0.2328125 0.79453125 0.171875 0.4109375
11 0.36796875 0.79453125 0.1609375 0.4109375
11 0.4640625 0.78046875 0.14375 0.3828125
11 0.53984375 0.7640625 0.1203125 0.35
11 0.5484375 0.79453125 0.103125 0.4109375
11 0.7125 0.79453125 0.225 0.4109375
11 0.8734375 0.79453125 0.253125 0.4109375
10 0.88046875 0.74375 0.1796875 0.309375
10 0.7171875 0.69375 0.14375 0.209375
7 0.2632617950439453 553.5594482421875 30.112163543701172 593.3236083984375
7 289.59796142578125 596.2755126953125 310.2392578125 620.5968017578125
7 137.19992065429688 604.9744873046875 168.98489379882812 638.955810546875