12 0.015625 0.18671875 0.03125 0.1859375
13 0.9546875 0.28671875 0.090625 0.3015625
11 0.9171875 0.26015625 0.165625 0.4984375
5 0.0078125 0.65 0.015625 0.040625
10 0.071875 0.52578125 0.053125 0.0328125
11 0.325 0.6265625 0.21875 0.234375
11 0.08203125 0.6109375 0.1640625 0.203125
11 0.03671875 0.76484375 0.0734375 0.2890625
6 39.06219482421875 427.8316650390625 70.195556640625 451.755126953125
3 35.227272033691406 356.8277587890625 54.36499786376953 393.9259033203125
7 38.66349792480469 426.68621826171875 70.24213409423828 451.5386962890625
5 561.8793334960938 348.8733215332031 639.9523315429688 464.5086364746094