2 0.41640625 0.44921875 0.0921875 0.10546875
2 0.53671875 0.40234375 0.03828125 0.04921875
2 0.8 0.37421875 0.04375 0.0578125
2 0.74453125 0.38046875 0.05 0.05390625
7 0.346875 0.7578125 0.06796875 0.05859375
0 0.74453125 0.509375 0.03203125 0.05234375
0 0.8078125 0.51640625 0.02265625 0.028125
4 0.53671875 0.40390625 0.03125 0.01171875
0 0.49140625 0.5234375 0.04140625 0.0453125
11 180.52841186523438 245.72625732421875 168.94287109375 260.45111083984375
10 185.51751708984375 307.875244140625 104.11669921875 133.5943603515625
2 494.6734619140625 217.95458984375 33.37841796875 26.02532958984375
11 486.8895263671875 215.521728515625 53.1756591796875 138.873291015625
2 461.5306396484375 226.97586059570312 28.658935546875 22.238494873046875
2 236.83645629882812 250.06353759765625 63.217041015625 44.63525390625
11 448.7523193359375 224.6932830810547 51.394287109375 133.41859436035156
13 454.8997497558594 261.0701599121094 38.63751220703125 86.99993896484375
8 265.8414001464844 301.53338623046875 25.68865966796875 20.8594970703125
10 490.911376953125 254.50613403320312 40.439453125 71.9798583984375