2 0.2484375 0.46015625 0.0328125 0.03515625
2 0.46484375 0.47421875 0.02890625 0.0359375
2 0.721875 0.48671875 0.03984375 0.03828125
2 0.31796875 0.52578125 0.02421875 0.03203125
0 0.2265625 0.56953125 0.02578125 0.02265625
0 0.27421875 0.56953125 0.02109375 0.03046875
0 0.475 0.57421875 0.02578125 0.0265625
0 0.4484375 0.54765625 0.01796875 0.02421875
7 0.48046875 0.66171875 0.028125 0.0359375
7 0.28515625 0.665625 0.04140625 0.03515625
7 0.246875 0.6625 0.028125 0.0375
13 135.37283325195312 307.77825927734375 37.63616943359375 58.648681640625
11 131.789306640625 280.3621826171875 58.014923095703125 153.14837646484375
11 277.13800048828125 287.98065185546875 43.87451171875 136.2060546875
2 147.32818603515625 282.3813171386719 21.35955810546875 16.64324951171875
11 441.57904052734375 295.8623046875 45.765625 135.68798828125
2 288.2825927734375 290.4542541503906 20.7576904296875 18.3599853515625
13 444.3656311035156 323.18975830078125 38.694580078125 92.5087890625
13 283.7279052734375 313.256103515625 35.4521484375 48.317626953125
2 451.7099914550781 297.97283935546875 22.58648681640625 17.3359375
11 335.7391662597656 147.65785217285156 62.98065185546875 271.43174743652344
9 151.51675415039062 301.285888671875 11.075927734375 9.6031494140625