2 0.2515625 0.3203125 0.1 0.125
3 0.58125 0.27734375 0.0515625 0.0609375
2 0.51640625 0.4375 0.1265625 0.146875
5 0.64375 0.3015625 0.103125 0.10546875
2 0.1578125 0.41484375 0.06171875 0.05625
2 0.25546875 0.04140625 0.10390625 0.0828125
6 0.9359375 0.76328125 0.128125 0.14453125
6 0.93359375 0.90625 0.1328125 0.13125
3 0.578125 0.05625 0.05 0.0640625
5 0.64140625 0.04375 0.09375 0.08671875
4 0.23671875 0.33671875 0.0609375 0.04921875
2 127.33641815185547 164.8818359375 196.26953125 222.42495727539062
2 286.156005859375 229.52464294433594 373.701416015625 316.68212890625
11 93.39276123046875 218.58642578125 380.3758544921875 635.6851806640625
9 123.76187133789062 212.52914428710938 152.75363159179688 242.91766357421875
11 57.07470703125 156.81591796875 199.15853881835938 541.1070556640625
13 189.15992736816406 269.4939270019531 362.0909423828125 489.6772155761719
11 345.74102783203125 0.0 640.0 633.9937744140625
2 128.24588012695312 0.051860809326171875 195.4586181640625 48.058006286621094
10 63.18182373046875 208.1014404296875 187.79759216308594 451.3460693359375
11 56.33937072753906 159.09426879882812 200.3328094482422 301.8917541503906