2 0.6953125 0.23046875 0.184375 0.2125
4 0.69765625 0.22734375 0.15 0.090625
4 0.41484375 0.40234375 0.103125 0.04921875
3 0.67421875 0.6265625 0.09296875 0.165625
2 0.40703125 0.396875 0.16015625 0.13125
2 0.953125 0.2171875 0.09296875 0.2046875
11 210.71652221679688 211.11422729492188 100.35028076171875 76.46063232421875
9 415.38116455078125 140.77023315429688 81.7362060546875 66.169677734375
9 242.19110107421875 253.01593017578125 57.13067626953125 34.40771484375
11 375.720703125 70.36973571777344 131.032470703125 112.73287963867188
9 588.8074951171875 141.18040466308594 51.1925048828125 67.3111572265625
11 7.68743896484375 158.8782501220703 516.5282592773438 481.1217498779297
11 566.1685791015625 59.179718017578125 73.7330322265625 436.04742431640625
2 586.0411376953125 74.68307495117188 53.9588623046875 48.97064208984375
10 566.05078125 198.61764526367188 73.93408203125 248.5166015625
2 585.6852416992188 74.91160583496094 54.31475830078125 71.27935791015625
11 559.9395751953125 52.8587646484375 80.0604248046875 578.1102294921875