7 0.3953125 0.73359375 0.07734375 0.09140625
4 0.2734375 0.33359375 0.06015625 0.0453125
4 0.50625 0.2890625 0.06171875 0.03515625
4 0.7328125 0.2640625 0.06015625 0.0390625
4 0.859375 0.296875 0.0484375 0.028125
5 0.2578125 0.33515625 0.1015625 0.1140625
5 0.5109375 0.2953125 0.0921875 0.103125
5 0.40625 0.3078125 0.0796875 0.07265625
5 0.634375 0.31171875 0.05703125 0.05390625
5 0.73515625 0.2640625 0.1015625 0.1046875
5 0.85859375 0.29765625 0.06796875 0.0734375
3 0.39375 0.625 0.04140625 0.0640625
3 0.59921875 0.6203125 0.04375 0.06015625
3 0.81875 0.58671875 0.0640625 0.05625
3 0.1953125 0.371875 0.05078125 0.1109375
3 0.64453125 0.58671875 0.04140625 0.046875
3 0.37421875 0.50234375 0.034375 0.04453125
1 0.3953125 0.31171875 0.0453125 0.0265625
4 0.6296875 0.31171875 0.0375 0.01640625