2 0.73984375 0.38984375 0.17265625 0.21171875
1 0.7109375 0.41171875 0.12578125 0.06328125
3 0.53671875 0.2125 0.1140625 0.04453125
3 0.5375 0.12265625 0.11484375 0.046875
3 0.38984375 0.57734375 0.103125 0.07734375
2 414.0484619140625 181.25692749023438 535.9522705078125 265.4548645019531
9 418.3990173339844 269.85009765625 472.7358703613281 321.25146484375
10 420.0992431640625 301.8289794921875 564.7623291015625 435.0521240234375
11 272.4285888671875 176.41351318359375 591.127197265625 640.0
10 441.658447265625 10.47119140625 569.882568359375 262.932373046875
11 318.36767578125 0.0 601.487060546875 409.1517028808594
2 421.87518310546875 0.07213592529296875 536.5377807617188 33.21949768066406