9 0.05974069788657321 0.3171875 0.028252265027114642 0.021875
5 0.07676457142314011 0.2890625 0.032967036104353475 0.0265625
10 0.37265625 0.2046875 0.2546875 0.409375
10 0.078125 0.37734375 0.0875 0.0640625
11 0.0671875 0.33984375 0.134375 0.1390625
11 0.31328125 0.2046875 0.3734375 0.409375
8 0.82890625 0.203125 0.3421875 0.40625
11 0.75 0.2046875 0.5 0.409375
12 0.895187839377121 0.8859375 0.07436471662612121 0.159375
12 0.76875 0.909375 0.09375 0.18125
12 0.5265625 0.915625 0.053125 0.16875
5 0.7273629724798536 0.5078125 0.02981476502711473 0.021875
5 0.9487617703898679 0.69453125 0.017278403590796288 0.015625
10 0.9544350534691592 0.7296875 0.01424430718159222 0.03125
11 0.9496793757760621 0.71796875 0.025372704722264317 0.0640625
13 0.7355390868430381 0.5703125 0.06609769867214013 0.08125
9 0.7267498941228264 0.53671875 0.020430674668035033 0.0203125
11 0.7354345477136226 0.55234375 0.09753859621281205 0.1140625
5 455.1759948730469 318.79449462890625 476.7160339355469 347.9931640625
3 458.8228759765625 361.72686767578125 476.6593017578125 379.14410400390625
2 24.27611541748047 75.89432525634766 64.49862670898438 120.33849334716797
5 599.1927490234375 439.599365234375 610.774169921875 455.4151611328125
2 0.0 100.27799987792969 11.493217468261719 130.9789276123047