11 0.54296875 0.39921875 0.0328125 0.1703125
13 0.0265625 0.23503117003499838 0.0265625 0.0628090826702726
2 0.015625 0.1888101507001803 0.015625 0.022056813335454527
11 0.0296875 0.2545987827020893 0.0484375 0.16618862133990878
12 0.390625 0.632963971435359 0.021875 0.04400453866963616
12 0.46875 0.7338730381126312 0.04375 0.0848840773392725
12 0.1828125 0.6485146040738148 0.021875 0.04244203866963616
12 0.08203125 0.7254669080601336 0.034375 0.06914998933799979
12 0.378125 0.6023497707669954 0.0140625 0.025163632001908985
12 0.0609375 0.5994402100572701 0.0109375 0.02825226933481808
12 0.12734375 0.5830254167329515 0.009375 0.018859088001272718
12 0.1640625 0.5748589280712695 0.00625 0.01257272533418181
12 0.2265625 0.6138674314130872 0.015625 0.03299431333545435
12 0.2359375 0.59366401941436 0.0078125 0.02040340666772735
12 0.2171875 0.5856333434118146 0.009375 0.021984088001272717
12 0.2515625 0.5961895827498144 0.0109375 0.02512726933481808
12 0.3046875 0.5718077480903595 0.00625 0.018822725334181813
12 0.31171875 0.576577064091314 0.00625 0.018822725334181813
12 0.34765625 0.5793389847628593 0.0078125 0.017278406667727352
12 0.540625 0.5558031294557216 0.00625 0.01569772533418181
12 0.4921875 0.5536770081158129 0.00625 0.018822725334181813
12 0.496875 0.5599815521164492 0.0078125 0.015715906667727174
12 0.465625 0.5674304254455402 0.009375 0.020421588001272716
12 0.4109375 0.5683565787714497 0.0078125 0.017278406667727175
11 0.80546875 0.6572810767424965 0.046875 0.0989829400063634