2 0.38046875 0.3046875 0.10546875 0.10859375
2 0.7546875 0.5703125 0.109375 0.1015625
0 0.3359375 0.34140625 0.06953125 0.06171875
0 0.4109375 0.39453125 0.0578125 0.06015625
7 0.8765625 0.7609375 0.0640625 0.10859375
7 0.3171875 0.61328125 0.0640625 0.0640625
1 0.75390625 0.5796875 0.0640625 0.03203125
2 449.92626953125 332.807373046875 525.28857421875 378.3492431640625
11 440.6963806152344 327.71661376953125 596.7257080078125 640.0
9 472.39520263671875 376.76708984375 503.87060546875 402.4368896484375
10 503.70977783203125 382.07666015625 580.6317749023438 565.2032470703125