4 0.90625 0.28828125 0.0953125 0.03671875
4 0.1984375 0.37109375 0.09296875 0.03125
0 0.84921875 0.4609375 0.0546875 0.059375
0 0.83828125 0.528125 0.05546875 0.05
2 0.640625 0.25625 0.084375 0.11015625
2 0.19453125 0.35078125 0.1078125 0.14609375
2 0.91171875 0.28359375 0.11015625 0.1625
4 0.64375 0.26484375 0.05234375 0.02109375
2 0.27578125 0.3296875 0.0671875 0.08203125
2 0.52890625 0.39296875 0.059375 0.0734375
2 0.96484375 0.409375 0.0375 0.04296875
7 0.49765625 0.69375 0.0546875 0.05625
7 0.57265625 0.6875 0.04921875 0.05234375
0 0.0703125 0.70625 0.065625 0.0578125
0 0.34375 0.48359375 0.0421875 0.0375
0 0.66875 0.4546875 0.08671875 0.0578125
7 0.28984375 0.82265625 0.09609375 0.10078125
7 0.63515625 0.79609375 0.1140625 0.07890625
2 546.3909912109375 131.55099487304688 620.5699462890625 187.92706298828125
11 0.0 173.96983337402344 210.4991455078125 640.0
10 393.6725158691406 189.46701049804688 466.5652160644531 310.2861633300781
2 83.98149108886719 176.4263916015625 164.72618103027344 231.01898193359375
2 379.8037109375 122.94483947753906 437.404052734375 168.37306213378906
10 52.599822998046875 272.4532470703125 163.80703735351562 420.93896484375
2 154.42759704589844 183.07077026367188 195.6522979736328 219.71188354492188
9 560.4154052734375 198.4122314453125 597.6312255859375 225.0172119140625
11 443.5532531738281 128.09649658203125 621.534423828125 640.0
11 381.422119140625 119.67498779296875 479.736083984375 629.35009765625
10 148.74200439453125 237.778564453125 200.5281982421875 289.765380859375
9 396.69830322265625 174.4596405029297 424.40826416015625 194.34901428222656
9 105.67520141601562 246.69418334960938 149.5800323486328 274.5860900878906
9 160.34451293945312 223.77255249023438 180.39804077148438 239.21157836914062
10 146.96481323242188 237.77777099609375 201.55831909179688 349.51165771484375
11 139.23760986328125 180.3743133544922 217.99917602539062 390.33087158203125
11 139.07073974609375 182.50384521484375 215.13604736328125 527.9613037109375