4 0.71015625 0.31640625 0.08984375 0.03203125
4 0.63671875 0.37421875 0.08984375 0.03046875
3 0.678125 0.621875 0.0953125 0.06796875
3 0.56171875 0.62265625 0.084375 0.06015625
3 0.6515625 0.4671875 0.084375 0.06171875
2 0.63125 0.3671875 0.109375 0.1359375
2 0.71328125 0.30703125 0.11875 0.14140625
7 0.77421875 0.9125 0.1125 0.15234375
2 414.85150146484375 151.1728515625 76.9825439453125 62.24127197265625
2 369.8955993652344 189.49966430664062 65.47540283203125 54.332275390625
9 438.85833740234375 208.9405517578125 42.5074462890625 32.97015380859375
9 391.9737548828125 251.88223266601562 37.12158203125 23.0426025390625
11 466.1683349609375 197.7237548828125 173.8316650390625 442.2762451171875
11 364.9151611328125 172.04278564453125 275.0848388671875 467.95721435546875
10 373.64508056640625 276.129638671875 77.679443359375 104.3184814453125
10 484.9712829589844 203.40237426757812 154.82180786132812 187.13751220703125
11 368.80712890625 186.98193359375 109.8822021484375 452.00006103515625