12 0.35703125 0.36953125 0.3046875 0.7390625
11 0.36875 0.41015625 0.28125 0.6578125
9 0.73671875 0.0544723139190876 0.0359375 0.06427157825883123
13 0.765625 0.24414789227611472 0.140625 0.3070681323171656
11 0.7359375 0.36953125 0.271875 0.7390625
8 0.66015625 0.8 0.3015625 0.121875
11 0.7546875 0.86953125 0.490625 0.2609375
10 0.7546875 0.9109375 0.490625 0.178125
3 467.77166748046875 262.1727600097656 32.2071533203125 44.1500244140625
4 450.58905029296875 4.17835807800293 39.39208984375 27.347793579101562
3 393.4403076171875 150.75982666015625 39.2392578125 45.60955810546875
3 393.5037841796875 150.46072387695312 57.0133056640625 47.40423583984375
2 446.29827880859375 0.0 55.32958984375 61.84705352783203