11 0.2625 0.00546875 0.04375 0.0109375
2 0.4546875 0.20234375 0.071875 0.1359375
9 0.44296875 0.28359375 0.0484375 0.0421875
11 0.48359375 0.05625 0.1296875 0.1125
2 0.45546875 0.05234375 0.0734375 0.1046875
10 0.50234375 0.42421875 0.1671875 0.3046875
11 0.5328125 0.35859375 0.228125 0.4609375
13 0.08515625 0.796875 0.1703125 0.271875
2 0.09609375 0.61328125 0.0828125 0.0484375
11 0.0890625 0.79453125 0.178125 0.4109375
2 267.86126708984375 91.53784942626953 315.49273681640625 198.16912841796875
0 591.7645263671875 155.7887725830078 639.4896240234375 196.94383239746094
0 267.63983154296875 226.5078125 318.59149169921875 269.9468994140625
4 268.9970703125 140.09945678710938 306.95849609375 173.92727661132812
2 264.6267395019531 0.1619720458984375 323.8105163574219 63.450401306152344
2 599.1922607421875 0.09635162353515625 639.97412109375 52.43170928955078
0 28.209686279296875 511.02130126953125 53.02930450439453 558.5298461914062