13 0.31143448721238054 0.26494703138922465 0.023655668617910842 0.0377727200031817
13 0.08232370413308913 0.227127216024817 0.023692030054229284 0.044022720003181706
10 0.1743061501729506 0.058677755370771 0.023664758976990365 0.0393352200031817
2 0.17176241227319905 0.02427548337045282 0.015779536104353474 0.02674431333545444
2 0.07348905961747927 0.18562096869031705 0.014198855386194253 0.023601132001909164
11 0.17437887304558758 0.071177755370771 0.04761131908544902 0.12710794000636333
11 0.0840725564942213 0.25917664735836254 0.046294258780598695 0.16927725867281787
11 0.3074827854169825 0.2570890780553611 0.034738614363184615 0.06289998933799978
13 0.7741475897699044 0.1739669480426344 0.011010222872637065 0.012627269334818081
11 0.7749106590517452 0.1708510387094071 0.012618174668035031 0.020457950668363624
11 0.79140625 0.6390625 0.0515625 0.11875
2 536.6981201171875 589.8843383789062 620.5465087890625 640.0