9 0.30859375 0.521875 0.5546875 0.25625
5 0.29296875 0.13515625 0.5859375 0.2703125
10 0.31796875 0.52421875 0.5421875 0.2515625
11 0.29453125 0.325 0.5890625 0.65
11 0.2594830425472612 0.6909774404807166 0.022065897540671918 0.03293976502711473
13 0.625 0.684375 0.071875 0.06875
13 0.6703125 0.66484375 0.059375 0.0296875
13 0.71328125 0.68046875 0.0734375 0.0609375
13 0.8140625 0.675 0.084375 0.05
13 0.8953125 0.66484375 0.078125 0.0296875
11 0.98125 0.7671875 0.0375 0.234375
11 0.94609375 0.7484375 0.0734375 0.196875
11 0.8984375 0.76171875 0.096875 0.2234375
11 0.8546875 0.74453125 0.0625 0.1890625
11 0.8078125 0.76875 0.096875 0.2375
11 0.7625 0.75078125 0.059375 0.2015625
11 0.71796875 0.77109375 0.0890625 0.2421875
11 0.66953125 0.75625 0.0640625 0.2125
11 0.63671875 0.7453125 0.0515625 0.190625
11 0.62578125 0.771875 0.0734375 0.24375
11 0.609375 0.759375 0.040625 0.21875
6 564.7874755859375 534.46337890625 17.3050537109375 24.642578125
6 386.7624816894531 542.751953125 14.8121337890625 30.37939453125
6 401.20562744140625 538.0863037109375 16.498291015625 31.796875
7 544.600341796875 535.986328125 18.217529296875 23.8505859375
6 385.8221130371094 536.240478515625 16.5906982421875 34.57373046875
7 517.0540771484375 536.67578125 17.9969482421875 31.1884765625
6 581.8346557617188 512.89501953125 16.1767578125 25.247314453125
6 387.2009582519531 558.22802734375 13.54986572265625 15.154541015625
7 489.25213623046875 535.1943359375 28.9873046875 26.077392578125
6 441.17987060546875 541.7146606445312 21.0240478515625 32.9757080078125
6 414.77154541015625 531.4814453125 15.2176513671875 21.0692138671875
7 614.6621704101562 526.1417846679688 22.2030029296875 32.3572998046875
6 614.1473388671875 527.3681640625 22.6829833984375 32.1083984375
6 469.92498779296875 527.0308837890625 14.2735595703125 19.90771484375
7 564.193359375 534.1914672851562 17.610107421875 25.138671875
7 442.25433349609375 541.3739013671875 18.3629150390625 33.413330078125
7 414.98809814453125 531.2577514648438 14.886962890625 20.83203125
7 469.89398193359375 526.5396728515625 14.61212158203125 20.369140625
3 581.2811279296875 433.65753173828125 9.98876953125 11.1602783203125
7 532.3790893554688 523.4947509765625 11.2353515625 18.24609375