2 0.69453125 0.37578125 0.146875 0.14296875
2 0.246875 0.47421875 0.1078125 0.11640625
3 0.184375 0.575 0.06015625 0.046875
0 0.76328125 0.659375 0.06796875 0.065625
3 0.203125 0.6609375 0.0546875 0.0453125
7 0.81953125 0.703125 0.12421875 0.11875
7 0.10078125 0.68515625 0.07734375 0.09375
4 0.72109375 0.40703125 0.065625 0.07734375
7 0.95625 0.78828125 0.0875 0.1328125
11 0.623260498046875 262.13311767578125 193.17140197753906 211.491455078125
10 490.3340148925781 188.05361938476562 149.66598510742188 155.43988037109375
11 388.0714111328125 173.22877502441406 251.9285888671875 317.87571716308594
11 553.3809814453125 297.0794677734375 86.6190185546875 342.9205322265625
10 1.20880126953125 277.7315979003906 139.86660766601562 115.776611328125
11 543.217041015625 202.19915771484375 96.6820068359375 437.404541015625
2 128.03456115722656 265.45550537109375 64.91818237304688 61.8134765625
9 126.22858428955078 304.3725280761719 21.64196014404297 24.69647216796875
9 128.36007690429688 300.7452392578125 31.9273681640625 29.58935546875