2 0.2796875 0.3921875 0.0859375 0.1125
3 0.28984375 0.55390625 0.06796875 0.05078125
3 0.36484375 0.52265625 0.04296875 0.05234375
4 0.27578125 0.39765625 0.06953125 0.05078125
2 0.03046875 0.6984375 0.02578125 0.0375
10 65.93062591552734 266.39434814453125 209.71389770507812 427.79205322265625
11 36.736297607421875 205.58396911621094 248.018310546875 640.0
2 153.36026000976562 212.95965576171875 212.69900512695312 262.24920654296875
11 0.06366729736328125 434.7737731933594 38.461402893066406 619.6524658203125
9 158.92813110351562 259.18060302734375 187.95022583007812 283.2882080078125
10 1.0245323181152344 457.430908203125 30.588268280029297 494.1341552734375
9 14.631908416748047 449.9281311035156 25.012603759765625 459.1849060058594
13 1.6016464233398438 457.5548095703125 30.315876007080078 494.037841796875