5 0.54296875 0.26328125 0.0890625 0.1171875
5 0.22109375 0.24453125 0.128125 0.1578125
5 0.37734375 0.2921875 0.05625 0.06640625
5 0.60703125 0.25625 0.05078125 0.090625
7 0.6875 0.78359375 0.0625 0.09609375
7 0.41328125 0.76171875 0.05546875 0.084375
4 0.23671875 0.2515625 0.09296875 0.0578125
4 0.37734375 0.2859375 0.0484375 0.0296875
4 0.546875 0.2609375 0.0625 0.0359375
4 0.60546875 0.25625 0.0484375 0.0296875
5 0.4703125 0.28359375 0.07734375 0.07890625
7 0.5828125 0.775 0.0484375 0.09453125
5 0.05390625 0.24140625 0.10703125 0.18125
3 0.3453125 0.47578125 0.03203125 0.0359375
7 0.39609375 0.63203125 0.04140625 0.0625