5 0.496875 0.48046875 0.0421875 0.05078125
5 0.65 0.46171875 0.0359375 0.0484375
5 0.3015625 0.49375 0.03828125 0.0484375
5 0.15234375 0.5140625 0.0359375 0.0484375
5 0.85625 0.4484375 0.03671875 0.03984375
5 0.03671875 0.5171875 0.03203125 0.03359375
0 0.4875 0.6390625 0.0234375 0.028125
0 0.35859375 0.621875 0.02109375 0.0171875
0 0.2484375 0.63359375 0.02109375 0.028125
0 0.60625 0.59921875 0.02265625 0.02578125
0 0.81796875 0.5671875 0.015625 0.0203125
0 0.88984375 0.55390625 0.02109375 0.02421875
5 0.45078125 0.490625 0.03984375 0.0390625
5 0.34765625 0.48671875 0.0375 0.03359375
5 0.3890625 0.48203125 0.02890625 0.0265625
5 0.11484375 0.5265625 0.02578125 0.028125
7 0.53671875 0.753125 0.0625 0.04140625
7 0.453125 0.73828125 0.034375 0.04140625
7 0.30390625 0.7453125 0.05234375 0.05078125
7 0.16171875 0.740625 0.028125 0.05234375
7 0.05078125 0.70625 0.02578125 0.02578125
7 0.86015625 0.659375 0.03671875 0.02578125
7 0.8171875 0.653125 0.0359375 0.03515625
7 0.6546875 0.6953125 0.0484375 0.04453125
7 0.58515625 0.684375 0.03203125 0.04453125
7 0.35546875 0.690625 0.0296875 0.03203125
7 0.5421875 0.90703125 0.06015625 0.05234375
7 0.45390625 0.9234375 0.03359375 0.0484375
7 0.30390625 0.925 0.0453125 0.0453125
7 0.35390625 0.971875 0.0390625 0.0375
7 0.16640625 0.93125 0.0453125 0.05234375
7 0.0484375 0.96015625 0.03984375 0.0390625
7 0.65234375 0.9640625 0.04296875 0.03515625
3 0.11953125 0.64375 0.01640625 0.02421875
4 0.30078125 0.49453125 0.040625 0.01171875
4 0.15234375 0.51640625 0.03359375 0.0125
4 0.034375 0.51328125 0.02734375 0.01015625
4 0.1140625 0.5234375 0.02421875 0.01015625
4 0.4984375 0.48046875 0.03984375 0.0140625
4 0.4484375 0.4875 0.02734375 0.009375
4 0.38984375 0.4796875 0.02265625 0.009375
4 0.34765625 0.484375 0.0296875 0.0078125
1 0.6515625 0.45625 0.0328125 0.01484375
4 0.8625 0.4484375 0.02578125 0.01328125
5 0.23984375 0.51171875 0.02421875 0.02421875
5 0.19375 0.5234375 0.01171875 0.01640625
11 365.68011474609375 278.38134765625 436.84722900390625 459.2342529296875
11 4.370643615722656 315.34136962890625 58.87465286254883 459.86981201171875
11 512.6651611328125 271.20654296875 562.0142822265625 429.687744140625
11 272.88958740234375 289.56329345703125 357.08526611328125 492.76904296875
11 69.38849639892578 308.7203369140625 121.70525360107422 482.1981201171875
11 158.0570068359375 297.1981201171875 218.74383544921875 488.117919921875
10 526.106201171875 299.95111083984375 556.9736328125 356.62481689453125
10 386.7154541015625 309.86956787109375 426.4595947265625 370.47357177734375
10 12.438765525817871 341.84429931640625 40.083839416503906 390.37677001953125
13 166.86080932617188 330.7270202636719 214.24942016601562 389.9240417480469
10 291.02587890625 324.30133056640625 330.34033203125 395.07305908203125
11 133.61746215820312 330.98101806640625 148.8480224609375 390.26422119140625
9 312.53741455078125 309.1092529296875 328.21527099609375 325.2335205078125
5 536.4776611328125 273.181884765625 555.9285888671875 287.5208740234375
10 76.76142883300781 341.5565490722656 112.04862976074219 401.3414001464844
11 142.23260498046875 314.2921142578125 169.0418701171875 415.914306640625
10 61.76896286010742 341.66021728515625 79.68101501464844 385.77337646484375
11 202.88841247558594 296.80975341796875 238.83595275878906 452.06512451171875
11 238.22738647460938 298.11639404296875 264.7863464355469 408.61981201171875
11 59.862693786621094 317.3193359375 86.16277313232422 420.664794921875
9 188.70152282714844 320.41387939453125 204.1592559814453 334.53900146484375
13 135.42514038085938 340.28802490234375 146.94247436523438 364.18621826171875
2 13.379928588867188 316.6127014160156 31.346160888671875 330.3041076660156
9 92.69329833984375 332.4588623046875 104.71929931640625 344.318603515625
5 403.349609375 278.67547607421875 424.2587890625 290.91253662109375
9 410.3721618652344 297.06024169921875 423.1062927246094 311.22113037109375
9 20.23529052734375 333.1400146484375 30.664161682128906 344.30224609375
2 149.86453247070312 315.4976806640625 160.33224487304688 327.9449462890625
11 123.7991943359375 326.1407470703125 139.83712768554688 391.3126220703125
2 217.44212341308594 299.39990234375 231.6704864501953 310.6651611328125
2 176.2276611328125 312.27911376953125 185.24526977539062 323.47064208984375
2 65.22331237792969 322.3336181640625 77.86943054199219 331.9468994140625
2 85.47361755371094 310.08154296875 107.32769775390625 327.2789306640625
2 213.7497100830078 298.16253662109375 231.7240753173828 311.12725830078125
9 69.59637451171875 336.41961669921875 78.23182678222656 345.07696533203125
2 303.83953857421875 289.6644287109375 327.31219482421875 303.362060546875
11 144.93231201171875 313.320556640625 163.33700561523438 409.719482421875
11 134.75088500976562 320.42742919921875 150.72628784179688 389.24078369140625
11 119.1080322265625 326.97479248046875 135.5830841064453 401.41802978515625
2 180.73419189453125 296.4465026855469 199.69366455078125 311.2028503417969