4 0.5421875 0.2765625 0.06328125 0.06015625
0 0.4984375 0.50078125 0.05078125 0.06953125
2 0.4375 0.35078125 0.1 0.12578125
2 0.5515625 0.2609375 0.12421875 0.13359375
4 0.4421875 0.35625 0.05078125 0.05390625
3 0.625 0.50234375 0.0515625 0.06171875
2 0.5421875 0.07890625 0.1203125 0.1203125
4 0.546875 0.0625 0.06015625 0.065625
2 307.243896484375 123.78976440429688 69.83544921875 68.1468505859375
11 75.29257202148438 176.5054931640625 276.72015380859375 163.027099609375
2 247.25863647460938 181.7252197265625 67.3094482421875 62.060455322265625
10 150.66317749023438 211.95115661621094 125.2589111328125 122.99720764160156
9 262.52557373046875 227.03695678710938 32.482177734375 29.9215087890625
10 354.11077880859375 165.00982666015625 157.7568359375 177.9034423828125
11 72.75698852539062 201.0269775390625 120.52850341796875 438.9730224609375
11 323.016845703125 115.77716064453125 225.0633544921875 453.35235595703125
11 240.86495971679688 0.03685760498046875 149.1429443359375 88.67889404296875
9 358.69927978515625 165.00152587890625 25.0224609375 40.061065673828125
11 312.155029296875 109.99020385742188 227.19573974609375 270.5893859863281
11 71.66781616210938 178.5159912109375 281.0583190917969 461.4840087890625
9 347.00494384765625 164.6251983642578 35.481689453125 41.60345458984375