2 0.3828125 0.58359375 0.04140625 0.05625
2 0.5671875 0.4875 0.04140625 0.05078125
2 0.6625 0.4109375 0.0375 0.046875
2 0.7234375 0.34296875 0.0328125 0.04296875
2 0.7609375 0.2640625 0.025 0.04140625
2 0.7671875 0.10859375 0.03515625 0.0390625
2 0.73046875 0.03046875 0.03125 0.03984375
7 0.51796875 0.6546875 0.04140625 0.03203125
7 0.5625 0.61640625 0.02734375 0.02265625
7 0.40703125 0.7296875 0.03125 0.03046875
7 0.37265625 0.73359375 0.03125 0.03046875
7 0.37265625 0.89921875 0.040625 0.03046875
7 0.409375 0.903125 0.0265625 0.0390625
7 0.5203125 0.9765625 0.0359375 0.0375
7 0.63046875 0.54375 0.02421875 0.02109375
0 0.7328125 0.4296875 0.0203125 0.02109375
0 0.3171875 0.64140625 0.02578125 0.025
0 0.58984375 0.58125 0.0203125 0.0203125
0 0.55 0.53125 0.02265625 0.01875
0 0.40078125 0.62578125 0.01875 0.0203125
0 0.628125 0.44375 0.02421875 0.0203125
0 0.70546875 0.36796875 0.02421875 0.0203125
0 0.7328125 0.3 0.02578125 0.0171875
0 0.72890625 0.278125 0.02265625 0.02109375
0 0.73359375 0.07109375 0.021875 0.025
0 0.703125 0.4640625 0.02265625 0.0203125
0 0.6734375 0.4890625 0.02734375 0.02109375
2 231.14730834960938 354.2987060546875 26.05487060546875 24.16796875
11 196.98904418945312 349.99810791015625 88.89395141601562 125.4251708984375
11 400.45123291015625 0.02385711669921875 111.0772705078125 83.58589935302734