5 0.6609375 0.13671875 0.08359375 0.0578125
2 0.43515625 0.19453125 0.11484375 0.08515625
4 0.6609375 0.14140625 0.04375 0.0375
3 0.3609375 0.31640625 0.03671875 0.0453125
6 0.18515625 0.3125 0.0703125 0.05
6 0.253125 0.34375 0.08359375 0.0546875
6 0.4171875 0.34921875 0.0546875 0.0546875
4 0.42109375 0.19921875 0.05234375 0.04921875
3 0.38125 0.31015625 0.04453125 0.03203125
11 92.95574951171875 73.71358489990234 357.5082092285156 229.12686157226562
2 261.16668701171875 90.46159362792969 318.82159423828125 144.05307006835938
9 240.55023193359375 124.57992553710938 266.9447021484375 150.05404663085938