4 0.69921875 0.3078125 0.103125 0.04296875
4 0.565625 0.38671875 0.09140625 0.0375
4 0.4203125 0.37421875 0.0734375 0.0390625
3 0.40703125 0.446875 0.06484375 0.08046875
3 0.509375 0.56328125 0.09921875 0.0484375
3 0.71015625 0.5921875 0.08671875 0.0765625
2 0.7046875 0.3 0.1296875 0.17421875
2 0.565625 0.38125 0.11875 0.1578125
2 0.41953125 0.3703125 0.09921875 0.1375
4 0.7015625 0.02578125 0.09921875 0.0359375
3 0.4328125 0.5765625 0.05234375 0.0546875
3 0.47890625 0.59296875 0.046875 0.05390625
2 0.69453125 0.0578125 0.1390625 0.115625
10 427.66015625 207.94944763183594 147.84814453125 237.69898986816406
2 230.51141357421875 188.27371215820312 67.95037841796875 54.88800048828125
2 395.3296813964844 130.04071044921875 103.370361328125 73.49420166015625
11 389.9942626953125 123.71502685546875 203.834716796875 515.9984741210938
9 424.84539794921875 203.80767822265625 45.072265625 33.89129638671875
2 319.679931640625 193.1140899658203 79.1185302734375 54.07489013671875
9 257.67083740234375 250.1820068359375 32.177734375 24.80865478515625
11 312.33013916015625 186.32582092285156 160.414306640625 453.67417907714844
9 340.16070556640625 250.9940185546875 34.0196533203125 29.1279296875
11 209.40792846679688 175.65606689453125 147.57012939453125 464.34393310546875
11 218.21969604492188 184.84242248535156 254.98602294921875 455.15757751464844
13 211.34503173828125 266.3836669921875 131.49029541015625 185.9610595703125
10 238.32858276367188 263.232666015625 136.320556640625 177.4244384765625
11 134.11016845703125 0.0 380.8369140625 116.51188659667969
10 210.91903686523438 263.02191162109375 127.1422119140625 189.44940185546875
10 244.82237243652344 267.8626708984375 199.76661682128906 147.92645263671875