0 0.55859375 0.79375 0.0640625 0.0546875
0 0.65703125 0.8296875 0.05546875 0.0640625
1 0.56171875 0.55234375 0.0765625 0.04140625
1 0.71015625 0.53515625 0.0640625 0.034375
2 0.5578125 0.55078125 0.09375 0.109375
2 0.7234375 0.5359375 0.1078125 0.103125
0 0.56171875 0.9546875 0.06328125 0.06640625
0 0.6625 0.9171875 0.05625 0.04921875
0 0.6578125 0.7390625 0.03515625 0.0546875
11 274.08709716796875 313.22552490234375 432.58404541015625 640.0
13 442.3968505859375 367.84039306640625 538.81494140625 505.4837646484375
11 395.65692138671875 300.3076171875 552.9612426757812 640.0
2 323.64306640625 317.9351806640625 385.8887939453125 358.38818359375
13 300.48492431640625 382.4195556640625 396.749755859375 518.7343139648438
2 427.01123046875 303.62042236328125 502.1619873046875 355.23480224609375
9 345.08758544921875 361.22393798828125 375.43316650390625 384.29583740234375
9 440.915283203125 349.2120361328125 471.49517822265625 374.4150390625