5 0.165625 0.4203125 0.07734375 0.0828125
5 0.2984375 0.4140625 0.0609375 0.075
5 0.44609375 0.375 0.03984375 0.053125
4 0.1734375 0.42109375 0.07578125 0.0203125
5 0.49765625 0.39765625 0.08984375 0.09375
5 0.2578125 0.39765625 0.04765625 0.0546875
1 0.30234375 0.41171875 0.05625 0.02265625
7 0.28515625 0.83046875 0.07734375 0.06171875
7 0.29921875 0.79453125 0.09375 0.04296875
7 0.2859375 0.91015625 0.07265625 0.046875
7 0.2953125 0.94375 0.09375 0.04140625
3 0.6 0.7046875 0.0453125 0.04921875
4 0.44375 0.36484375 0.034375 0.01875
11 35.33049011230469 233.392333984375 121.80589294433594 406.41351318359375