12 0.1890625 0.2375 0.284375 0.184375
9 0.26171875 0.309375 0.0609375 0.040625
5 0.275 0.15754470607890542 0.096875 0.08706474267981754
11 0.2265625 0.2125 0.371875 0.234375
5 0.334375 0.906565650779722 0.0328125 0.026944308004454243
9 0.33203125 0.9315383787794038 0.0171875 0.014262494668999893
10 0.34375 0.96328125 0.046875 0.0734375
11 0.3140625 0.94296875 0.115625 0.1140625
8 0.771875 0.51640625 0.45625 0.3015625
10 0.709375 0.80625 0.58125 0.3875
11 0.709375 0.66484375 0.58125 0.6703125
5 205.27804565429688 573.2279052734375 21.031829833984375 28.14990234375