2 0.40546875 0.1733672387835144 0.13125 0.10701359016268785
9 0.4078125 0.28194735324489495 0.0703125 0.05197156615858276
13 0.453125 0.36215248283158596 0.253125 0.20303513817089822
11 0.44453125 0.30625 0.3171875 0.3875
13 0.7 0.20309668716106694 0.0265625 0.06109203610435347
10 0.7515625 0.20123420531143948 0.0109375 0.03756363251355736
11 0.77265625 0.2073614854638647 0.0671875 0.13945338544042354
2 0.215625 0.6097370517206434 0.065625 0.10350679508134383
9 0.24765625 0.6431444493595112 0.025 0.06420794574527378
2 0.296875 0.6334831030485033 0.0328125 0.050190897540672096
13 0.303125 0.7584467416121847 0.0671875 0.17382838544042353
13 0.2609375 0.8266609313073344 0.1328125 0.29921018052176757
11 0.2625 0.75 0.184375 0.5
11 0.30625 0.77109375 0.125 0.4578125
2 223.4903564453125 82.74624633789062 79.32855224609375 113.78659057617188
3 252.92637634277344 276.4947509765625 65.14747619628906 41.34954833984375
4 231.58811950683594 137.87893676757812 57.66627502441406 19.897705078125