7 0.41484375 0.7265625 0.0359375 0.06640625
7 0.2265625 0.6859375 0.0890625 0.07890625
4 0.20546875 0.18828125 0.0578125 0.02109375
2 0.67578125 0.21796875 0.1078125 0.17890625
2 0.509375 0.23359375 0.06640625 0.1125
3 0.40546875 0.48359375 0.0328125 0.0453125
3 0.1828125 0.46171875 0.04375 0.046875
1 0.65703125 0.24375 0.06328125 0.046875
2 0.5484375 0.503125 0.0328125 0.0390625
7 0.49765625 0.7265625 0.04375 0.05625
2 0.203125 0.1734375 0.07421875 0.1125
2 0.0609375 0.2734375 0.109375 0.14921875
7 0.24296875 0.6546875 0.0546875 0.05859375
0 0.09765625 0.7046875 0.05078125 0.08125
2 305.86102294921875 105.8204345703125 41.4749755859375 57.19586181640625
2 392.8253173828125 76.52215576171875 72.247802734375 79.55459594726562
10 390.0869140625 194.71591186523438 94.4534912109375 195.3992919921875
11 248.11428833007812 104.70864868164062 114.3228759765625 379.93206787109375
10 280.54742431640625 174.70294189453125 72.13897705078125 128.44683837890625
11 348.2861328125 71.78179931640625 161.4764404296875 568.2182006835938
2 101.42477416992188 46.05229949951172 55.05877685546875 69.62944030761719
11 84.66738891601562 46.469696044921875 93.46694946289062 416.35369873046875
10 98.62555694580078 142.850830078125 67.80553436279297 198.6602783203125
2 0.41478729248046875 128.603271484375 73.03057098388672 57.50384521484375
11 0.251617431640625 129.0600128173828 161.0735626220703 510.89744567871094
10 0.03630828857421875 172.39505004882812 41.488521575927734 117.4581298828125
9 123.95209503173828 124.44155883789062 22.99065399169922 22.490875244140625
11 0.0 125.9859619140625 85.76171875 352.5240478515625
9 44.995582580566406 193.75418090820312 18.500473022460938 22.5020751953125
9 414.47332763671875 167.48849487304688 32.25927734375 28.349151611328125
9 310.9677734375 167.96234130859375 20.0770263671875 14.891387939453125
2 0.0 0.10969161987304688 78.74597930908203 32.56683349609375