2 0.4390625 0.35546875 0.0921875 0.1125
3 0.45546875 0.52109375 0.0640625 0.053125
3 0.5046875 0.57578125 0.0546875 0.05625
7 0.38046875 0.67890625 0.084375 0.07890625
2 0.45078125 0.4515625 0.04453125 0.05078125
4 0.43359375 0.37421875 0.04375 0.0453125
10 128.84259033203125 235.69052124023438 139.79519653320312 94.4190673828125
2 255.94825744628906 184.9131317138672 57.82017517089844 65.05892944335938
11 119.93020629882812 181.16424560546875 224.34469604492188 458.6453857421875
9 255.05845642089844 239.52493286132812 24.624771118164062 21.41876220703125
11 121.40298461914062 182.15216064453125 219.60781860351562 279.018798828125
10 288.3243103027344 298.44720458984375 32.14031982421875 36.3076171875
11 275.05987548828125 271.25872802734375 56.2529296875 65.1334228515625