9 0.1421875 0.39250357904439814 0.0171875 0.01728749394987581
5 0.1421875 0.3557848290443982 0.025 0.018895445745273777
10 0.14453125 0.4588961935057787 0.059375 0.1097204336450254
11 0.14765625 0.5080967627876195 0.084375 0.33017837939029915
8 0.365625 0.93671875 0.146875 0.1265625
5 0.35625 0.84609375 0.159375 0.0328125
5 0.07109375 0.8832518197728201 0.0859375 0.06299996974937905
9 0.10859375 0.97734375 0.0453125 0.0453125
5 0.20390625 0.9734375 0.1890625 0.053125
5 0.0515625 0.96640625 0.103125 0.0671875
11 0.07734375 0.92421875 0.1109375 0.1515625
11 0.10390625 0.9625 0.2078125 0.075
11 0.225 0.94609375 0.45 0.1078125
11 0.3578125 0.91484375 0.184375 0.1703125
10 0.51875 0.91484375 0.1375 0.1703125
11 0.584375 0.91484375 0.26875 0.1703125