0 0.28984375 0.5796875 0.0328125 0.0375
0 0.30625 0.51328125 0.02421875 0.03515625
0 0.40546875 0.60078125 0.03203125 0.06484375
0 0.9796875 0.58359375 0.040625 0.0703125
0 0.7234375 0.5890625 0.034375 0.0515625
7 0.35078125 0.61953125 0.02734375 0.0328125
7 0.14375 0.65078125 0.02734375 0.05234375
4 0.5046875 0.41171875 0.05859375 0.0234375
4 0.8328125 0.390625 0.06328125 0.02265625
2 0.50234375 0.4015625 0.06484375 0.0828125
2 0.83515625 0.3828125 0.071875 0.09453125
2 0.35390625 0.37734375 0.0453125 0.0546875
2 0.21875 0.415625 0.05 0.06484375
2 0.1265625 0.39453125 0.04765625 0.05703125
7 0.2421875 0.70234375 0.03203125 0.046875
2 0.096875 0.378125 0.03359375 0.04453125
2 0.15078125 0.36640625 0.03359375 0.0453125
2 0.196875 0.3703125 0.03203125 0.0390625
2 0.24140625 0.37890625 0.0390625 0.04296875
0 0.60703125 0.60859375 0.0375 0.0546875
0 0.39140625 0.5109375 0.02421875 0.028125
0 0.16171875 0.56484375 0.01875 0.0265625
0 0.05 0.49765625 0.0265625 0.03046875
0 0.0796875 0.53828125 0.02109375 0.021875
0 0.16328125 0.534375 0.02109375 0.02265625
7 0.0859375 0.6046875 0.028125 0.03671875
7 0.11953125 0.61171875 0.03828125 0.03671875
7 0.3765625 0.63515625 0.02578125 0.0421875
7 0.46796875 0.6234375 0.03046875 0.034375
4 0.21953125 0.41953125 0.04765625 0.01484375
4 0.3515625 0.38515625 0.0375 0.01015625
2 0.46171875 0.39140625 0.0328125 0.04296875
4 0.1265625 0.4 0.03984375 0.0125
4 0.459375 0.39453125 0.02734375 0.009375
10 204.26467895507812 261.068603515625 249.78134155273438 327.0328369140625
2 510.0879821777344 212.26803588867188 559.4180908203125 246.787353515625
11 187.91976928710938 223.2372283935547 260.7222900390625 414.48809814453125
11 263.19317626953125 223.83883666992188 410.61370849609375 499.4931335449219
2 212.04751586914062 225.05337524414062 238.21066284179688 244.81954956054688
2 297.22027587890625 228.00637817382812 337.84271240234375 257.7718505859375
11 109.24451446533203 236.95040893554688 178.9703369140625 469.6075134277344
2 123.33522033691406 242.04190063476562 158.3075714111328 267.5189208984375
11 450.96868896484375 208.1478271484375 599.9487915039062 504.5167236328125
9 521.651611328125 252.47828674316406 547.27294921875 272.0413818359375
10 117.25093078613281 285.037841796875 171.15211486816406 370.81982421875
10 294.16217041015625 279.70416259765625 376.61846923828125 386.81494140625
2 87.79841613769531 222.88824462890625 106.01266479492188 239.27777099609375
2 143.84402465820312 231.87344360351562 163.17361450195312 248.34738159179688
11 46.6475715637207 227.21363830566406 107.53834533691406 432.6715087890625
2 63.80108642578125 232.78863525390625 93.34783935546875 255.09014892578125
2 115.30233764648438 223.54978942871094 135.3516387939453 237.75953674316406
2 50.89844512939453 229.1042938232422 71.32389831542969 245.56983947753906
9 309.22869873046875 263.98345947265625 335.4739990234375 282.9625244140625
11 145.74560546875 228.66685485839844 191.55126953125 381.88037109375
13 480.0838317871094 268.9427795410156 569.5189208984375 376.1126403808594
11 28.807546615600586 226.7412567138672 70.78687286376953 397.27178955078125
9 128.0557861328125 273.90093994140625 147.786865234375 287.57708740234375
9 217.9833221435547 249.69607543945312 233.4452362060547 261.0816345214844
2 283.652099609375 234.82260131835938 302.32574462890625 252.97970581054688
10 57.88682556152344 270.04949951171875 99.98832702636719 342.43255615234375
10 153.51596069335938 254.29092407226562 175.56039428710938 295.1604309082031
11 254.02828979492188 231.9949188232422 309.8830871582031 409.82623291015625
11 90.40560913085938 219.83082580566406 130.63897705078125 421.718505859375
9 71.96993255615234 260.03839111328125 89.11534881591797 272.5426025390625
9 94.93955993652344 241.69931030273438 106.28230285644531 251.67391967773438
10 38.31847381591797 266.78277587890625 64.12798309326172 341.1474609375
11 27.094919204711914 227.44647216796875 71.0248794555664 330.35443115234375
2 52.461708068847656 229.9351348876953 93.29634857177734 252.70201110839844
10 42.89949035644531 277.752197265625 63.33953857421875 339.833740234375
9 289.5545349121094 255.9443359375 304.7827453613281 268.98388671875
11 87.790771484375 221.4798583984375 129.36871337890625 293.068359375
11 87.73513793945312 221.13885498046875 129.58798217773438 335.71868896484375