13 0.4987498667249973 0.30908619203284077 0.1202601453691802 0.26474427693097125
13 0.7375 0.36484375 0.1125 0.2484375
9 0.6618038500556793 0.2905048845566608 0.025781797342454026 0.06733294574527396
9 0.4473044507081344 0.18457655054229294 0.033357940006363405 0.04706589754067192
2 0.4471675433640895 0.10567484572183279 0.07431020401018137 0.07542724687674199
2 0.6494214813812705 0.23340545686356365 0.06057496801399935 0.10347043364502558
11 0.7109375 0.33203125 0.1875 0.3140625
11 0.509375 0.275 0.23125 0.428125
2 0.41806348806490606 0.515680583916172 0.09276930267345418 0.05053633118569749
2 0.6171875 0.5109375 0.06875 0.04375
2 0.4890214254057694 0.5715584000747548 0.03797271467218159 0.04084316861791084
9 0.6339975707351787 0.5434975534691592 0.028397720003181703 0.023601126463433174
9 0.476894142743451 0.6035169272021178 0.023710220003181702 0.023573855386194255
9 0.41684643340226957 0.5453589935570923 0.05032726400381797 0.028415891490547907
13 0.3859375 0.65234375 0.1125 0.1265625
10 0.4602066294159507 0.6463856832522421 0.06786020934118149 0.058203385440423715
10 0.6441907307447237 0.6138645956236368 0.10301700668363552 0.12559087334017516
11 0.85390625 0.63203125 0.2921875 0.2859375
11 0.44140625 0.634375 0.2234375 0.290625
11 0.4582895934118145 0.6159078428931624 0.09691245735199913 0.13805451190385654
11 0.615625 0.6671875 0.196875 0.35625
2 296.7549743652344 350.96368408203125 31.2650146484375 45.009521484375
2 378.2073669433594 314.07025146484375 42.3494873046875 46.02435302734375
2 263.1033935546875 47.1081657409668 46.3251953125 89.00583267211914
3 324.0682373046875 436.4840393066406 25.13421630859375 23.56939697265625
4 383.4979248046875 328.47119140625 33.5264892578125 17.432373046875
4 300.49456787109375 372.57757568359375 22.4249267578125 13.183837890625
4 265.8823547363281 88.21359252929688 34.43115234375 19.9693603515625
3 254.99609375 214.59463500976562 60.7650146484375 47.02008056640625