2 0.815625 0.21796875 0.10546875 0.1125
5 0.5828125 0.265625 0.09140625 0.0953125
5 0.60546875 0.50625 0.09609375 0.09921875
5 0.471875 0.39453125 0.0671875 0.0640625
5 0.453125 0.2671875 0.05390625 0.0578125
5 0.3828125 0.33984375 0.05703125 0.075
5 0.2640625 0.2796875 0.0765625 0.0859375
5 0.14609375 0.33671875 0.07734375 0.084375
5 0.01796875 0.29921875 0.0359375 0.0578125
6 0.07734375 0.50078125 0.028125 0.03203125
6 0.03515625 0.5046875 0.03203125 0.03203125
5 0.50703125 0.25078125 0.04453125 0.06015625
5 0.88671875 0.4546875 0.04453125 0.0546875
3 0.37265625 0.53515625 0.028125 0.03203125
3 0.45078125 0.51640625 0.03359375 0.0390625
6 0.30390625 0.7171875 0.075 0.05390625
6 0.253125 0.7125 0.04375 0.04921875
6 0.2015625 0.646875 0.0515625 0.0546875
6 0.30625 0.95546875 0.08046875 0.04453125
0 0.14375 0.49765625 0.04453125 0.06015625
0 0.18515625 0.4921875 0.0359375 0.046875
0 0.43671875 0.48125 0.03203125 0.05234375
4 0.80546875 0.2265625 0.059375 0.028125
4 0.58359375 0.284375 0.05 0.0390625
4 0.4515625 0.26640625 0.040625 0.01640625
4 0.50546875 0.2484375 0.03203125 0.0203125
4 0.01796875 0.29921875 0.03046875 0.01484375
4 0.146875 0.35078125 0.04765625 0.03046875
11 0.06869888305664062 168.958740234375 60.77712631225586 164.24029541015625
11 323.9959716796875 256.33892822265625 287.5286865234375 383.42791748046875
5 342.1259765625 137.35269165039062 54.478271484375 53.45916748046875
10 499.247314453125 166.72543334960938 70.6199951171875 120.24847412109375
2 485.2413330078125 102.53469848632812 71.17236328125 47.245147705078125
10 260.18023681640625 180.39340209960938 48.31329345703125 58.332275390625
11 480.49652099609375 98.77981567382812 118.6201171875 221.43161010742188
11 87.14217376708984 146.768310546875 136.25342559814453 324.59832763671875
5 350.91925048828125 274.920166015625 55.59130859375 52.92529296875
10 122.81849670410156 208.10887145996094 78.4808349609375 154.16981506347656
10 0.0 202.77877807617188 38.4678840637207 49.672607421875
9 501.503662109375 154.06912231445312 24.927490234375 18.40399169921875
5 141.00526428222656 149.98532104492188 50.259521484375 34.44708251953125
5 227.24758911132812 189.9047393798828 35.3798828125 34.665679931640625
10 310.81591796875 174.50096130371094 35.698974609375 63.262603759765625
10 372.9784851074219 183.11459350585938 64.1251220703125 112.62753295898438
11 305.0299987792969 142.8828887939453 45.3917236328125 105.12155151367188
10 509.7881774902344 0.14568710327148438 69.81472778320312 55.93103790283203
11 344.62188720703125 130.69680786132812 110.314208984375 167.66781616210938
11 256.54693603515625 149.24832153320312 54.73486328125 99.7239990234375
5 0.0 171.25311279296875 21.38541030883789 17.96807861328125
9 381.55206298828125 182.5070343017578 15.93310546875 17.3935546875
10 216.83059692382812 216.7568359375 57.6685791015625 120.24102783203125
9 2.6104769706726074 193.9462890625 15.532028675079346 12.86541748046875
11 494.8465576171875 0.104522705078125 145.024658203125 297.557861328125
10 381.0438232421875 318.19427490234375 214.05303955078125 160.6925048828125