2 0.1328125 0.60390625 0.02890625 0.0328125
2 0.1625 0.60625 0.02734375 0.03359375
3 0.22578125 0.584375 0.015625 0.02265625
3 0.1078125 0.69140625 0.0171875 0.01484375
3 0.15546875 0.68984375 0.01953125 0.02578125
7 0.10390625 0.76328125 0.02265625 0.03125
7 0.13359375 0.765625 0.0265625 0.028125
7 0.16015625 0.76328125 0.02265625 0.02734375
7 0.184375 0.76171875 0.0296875 0.02734375
7 0.18359375 0.86796875 0.02578125 0.028125
7 0.10703125 0.8625 0.01953125 0.0265625
7 0.13359375 0.86484375 0.03359375 0.02734375
7 0.15859375 0.86953125 0.02421875 0.03125
11 90.62312316894531 375.0723876953125 124.80342102050781 496.13037109375
11 61.39369201660156 373.77099609375 101.43080139160156 498.3216552734375
10 97.24992370605469 396.872802734375 120.06871032714844 442.66534423828125
10 69.90892028808594 396.66204833984375 96.37480163574219 463.9268798828125
2 75.40861511230469 374.3861083984375 92.96290588378906 385.6300048828125
10 69.53509521484375 397.25897216796875 95.30816650390625 437.0303955078125
9 102.5364990234375 391.71075439453125 111.21908569335938 398.38580322265625
2 95.98187255859375 376.6210021972656 112.04794311523438 388.4994812011719