0 0.90078125 0.6515625 0.07734375 0.07109375
2 0.82421875 0.46484375 0.078125 0.09609375
2 0.32421875 0.59296875 0.07109375 0.0859375
2 0.24375 0.59140625 0.0515625 0.0671875
2 0.1640625 0.62265625 0.03359375 0.03984375
2 0.77890625 0.41328125 0.01875 0.02578125
4 0.8109375 0.47421875 0.05390625 0.03359375
4 0.32890625 0.5953125 0.0453125 0.04140625
4 0.24453125 0.59765625 0.040625 0.01484375
0 0.31796875 0.75546875 0.03515625 0.06015625
0 0.2125 0.60859375 0.0296875 0.02265625
0 0.25 0.7296875 0.0296875 0.03203125
0 0.5125 0.7984375 0.028125 0.02578125
0 0.453125 0.7828125 0.01640625 0.02109375
0 0.515625 0.88203125 0.02890625 0.0265625
2 0.47109375 0.72578125 0.028125 0.03203125
7 0.71484375 0.72890625 0.05625 0.07890625
2 185.24240112304688 352.98486328125 40.85980224609375 33.3990478515625
2 501.173095703125 263.3541259765625 48.773193359375 44.982421875
11 191.21624755859375 349.47027587890625 102.53488159179688 290.52972412109375
10 289.89727783203125 471.90435791015625 20.83984375 32.3238525390625
2 140.1520538330078 356.9280700683594 30.632354736328125 24.66986083984375
11 91.13381958007812 383.2716064453125 28.122802734375 109.50048828125
2 96.97663879394531 384.0289306640625 17.28302001953125 19.151123046875
11 108.25869750976562 276.41143798828125 20.063629150390625 40.8533935546875
11 286.559814453125 454.109130859375 33.77978515625 155.637939453125
10 211.60247802734375 382.03131103515625 74.9517822265625 107.2099609375
11 252.14898681640625 264.58026123046875 26.03387451171875 47.10137939453125
11 437.59283447265625 260.55694580078125 107.8084716796875 255.56591796875
9 205.71038818359375 386.4949035644531 15.504638671875 17.19744873046875
9 511.95098876953125 304.95989990234375 18.6649169921875 18.4093017578125
10 262.23077392578125 268.4140625 14.484619140625 19.22998046875
10 114.99531555175781 285.2564697265625 11.45355224609375 20.4339599609375
5 294.91302490234375 454.9759521484375 12.9093017578125 12.36968994140625
10 96.06399536132812 407.464111328125 18.614044189453125 35.932373046875
11 259.0423583984375 264.4239501953125 20.857666015625 48.1534423828125
10 113.42445373535156 285.01031494140625 13.691741943359375 27.75439453125
9 150.04441833496094 383.886474609375 18.92474365234375 12.50390625