5 0.5359375 0.2375 0.028125 0.084375
9 0.5453125 0.2875 0.009375 0.0375
10 0.5125 0.38515625 0.075 0.1890625
11 0.503125 0.33359375 0.09375 0.2921875
11 0.325 0.73984375 0.45 0.5203125
10 0.3984375 0.83125 0.303125 0.3375
8 0.415625 0.6233691534054512 0.2 0.2429522106938169
7 37.902801513671875 1.196685791015625 87.87139892578125 188.6202392578125
7 85.42311096191406 0.0 141.05088806152344 197.33206176757812
7 72.04312133789062 0.0 122.10560607910156 192.98731994628906
7 52.66480255126953 0.5022125244140625 104.33698272705078 188.34097290039062
7 99.37249755859375 0.0 153.00045776367188 195.14756774902344
7 25.815412521362305 1.6829833984375 76.01457214355469 193.14105224609375
7 34.577972412109375 0.0 87.3058853149414 264.1312255859375