2 0.3125 0.5828125 0.04921875 0.05390625
2 0.27734375 0.6234375 0.05078125 0.053125
2 0.47109375 0.6015625 0.053125 0.05
2 0.69453125 0.53671875 0.05078125 0.05546875
2 0.51953125 0.49765625 0.04921875 0.04765625
2 0.61484375 0.29609375 0.04765625 0.05390625
2 0.615625 0.03359375 0.0578125 0.06640625
2 0.1296875 0.5515625 0.053125 0.05625
2 0.646875 0.44140625 0.04765625 0.04375
0 0.3796875 0.6390625 0.040625 0.03046875
0 0.33515625 0.69609375 0.0390625 0.03359375
0 0.35546875 0.68359375 0.03203125 0.03203125
0 0.5296875 0.58046875 0.03359375 0.03359375
0 0.73828125 0.6 0.03046875 0.03046875