2 0.06608652478967203 0.03242369808296495 0.0753545240041051 0.06137383723582168
9 0.07601097063314181 0.07232653541698246 0.029832945745273776 0.025172716822512698
10 0.07481156411547936 0.14419699023744262 0.11485336123992677 0.13660109621281222
10 0.4 0.07109375 0.21875 0.1421875
11 0.321875 0.18671875 0.375 0.3734375
11 0.0765625 0.19140625 0.153125 0.3828125
8 0.8078125 0.42578125 0.384375 0.1265625
5 0.8296875 0.30078125 0.340625 0.1578125
11 0.7546875 0.34453125 0.490625 0.2890625
10 0.37578125 0.50078125 0.0265625 0.0234375
11 0.38125 0.50546875 0.04375 0.0328125