4 0.60234375 0.36328125 0.109375 0.0484375
4 0.8765625 0.40625 0.0828125 0.04921875
4 0.240625 0.3328125 0.1203125 0.0484375
5 0.23203125 0.325 0.13203125 0.14296875
5 0.61875 0.3625 0.128125 0.14296875
5 0.87734375 0.4 0.096875 0.12421875
5 0.4453125 0.371875 0.07421875 0.084375
5 0.74921875 0.4421875 0.06484375 0.08046875
3 0.625 0.58046875 0.08671875 0.08125
3 0.4796875 0.56796875 0.07265625 0.09453125
3 0.10625 0.75390625 0.05703125 0.07890625
3 0.340625 0.73046875 0.04765625 0.08046875
5 0.32109375 0.3953125 0.08046875 0.1015625
5 0.0265625 0.29765625 0.053125 0.1765625
5 0.2390625 0.04296875 0.14609375 0.08515625
1 0.3203125 0.39140625 0.0703125 0.0265625
1 0.44296875 0.3703125 0.065625 0.02421875
1 0.74765625 0.44921875 0.0578125 0.025
5 0.94296875 0.4640625 0.04765625 0.06015625
3 0.05078125 0.54765625 0.04921875 0.05859375
3 0.10546875 0.90390625 0.0546875 0.090625
10 71.826171875 253.39657592773438 216.53250122070312 408.9158020019531
10 503.3888244628906 298.3697509765625 613.3924560546875 414.5291748046875
11 463.9730224609375 210.30323791503906 640.0 640.0
11 36.59901428222656 159.3402099609375 248.27403259277344 640.0
11 270.968505859375 178.25689697265625 508.4202880859375 640.0
10 318.87969970703125 278.80731201171875 469.33306884765625 458.32135009765625
11 234.3284912109375 197.97576904296875 359.0413818359375 640.0
9 130.33428955078125 220.0557861328125 183.58343505859375 259.4764404296875
9 536.4417724609375 266.11083984375 578.5230712890625 296.7822265625
9 271.6037902832031 247.19873046875 302.6845397949219 266.78997802734375
5 355.9154357910156 182.38595581054688 437.0605773925781 224.92919921875
5 530.509521484375 215.17727661132812 591.89306640625 248.37747192382812
5 452.84765625 256.0991516113281 497.046630859375 284.4967956542969
5 104.44963073730469 160.39071655273438 187.65354919433594 202.19625854492188
10 247.96246337890625 262.2641296386719 342.98919677734375 391.7812194824219
9 355.2772216796875 244.59652709960938 413.26019287109375 284.5791320800781
5 258.18353271484375 203.58859252929688 303.97882080078125 230.47360229492188
5 181.36424255371094 220.86599731445312 226.0612030029297 248.76016235351562
10 0.0 250.73709106445312 29.14612579345703 446.0685729980469
11 0.0 99.47479248046875 75.35919189453125 640.0
9 0.0 202.85128784179688 24.42344856262207 247.87802124023438
11 450.26739501953125 253.94818115234375 509.388427734375 331.3763427734375
11 175.04299926757812 207.15025329589844 271.6272277832031 639.359375
9 471.6097412109375 293.4930419921875 492.757080078125 311.49737548828125
9 198.36370849609375 266.941162109375 220.73748779296875 287.402099609375