2 0.70546875 0.534375 0.0484375 0.05625
5 0.57578125 0.52421875 0.03828125 0.0421875
3 0.59375 0.5875 0.025 0.01953125
4 0.5828125 0.52109375 0.01953125 0.0125
3 0.63359375 0.578125 0.01953125 0.03203125
7 0.63203125 0.7390625 0.059375 0.07109375
7 0.57265625 0.73984375 0.04140625 0.0703125
11 434.68951416015625 324.3846740722656 480.41705322265625 502.6050720214844
10 442.58782958984375 356.95892333984375 472.51751708984375 423.56781005859375
2 436.6812744140625 326.15142822265625 462.466796875 344.79827880859375
9 441.90545654296875 349.86553955078125 450.31695556640625 361.71600341796875