2 0.25234375 0.4375 0.25234375 0.29765625
2 0.51171875 0.49765625 0.13828125 0.15390625
2 0.7890625 0.5390625 0.1078125 0.121875
4 0.2765625 0.46640625 0.18125 0.071875
3 0.71796875 0.6625 0.11015625 0.08046875
1 0.53984375 0.5109375 0.08515625 0.03359375
3 0.85 0.67890625 0.07734375 0.0546875
3 0.9046875 0.703125 0.0640625 0.06015625
3 0.78125 0.7140625 0.06328125 0.0546875
4 0.7890625 0.55859375 0.07578125 0.03359375
11 3.606231689453125 180.3038330078125 263.6355895996094 639.990966796875
2 73.2245864868164 183.1734619140625 249.64352416992188 305.27813720703125
2 476.4046630859375 304.2576904296875 540.2740478515625 358.7562255859375
10 31.141937255859375 390.32244873046875 242.58096313476562 640.0
2 282.7930908203125 261.5985107421875 373.69775390625 324.56988525390625
9 325.9569091796875 333.2174072265625 367.758544921875 364.12158203125
11 262.9769287109375 257.08343505859375 522.8508911132812 639.9902954101562
11 436.9549560546875 301.7470703125 562.0147705078125 639.8189086914062
9 155.50633239746094 302.587890625 234.80958557128906 364.58099365234375
10 279.1868896484375 367.00860595703125 408.18487548828125 538.5661010742188
10 453.94830322265625 377.41650390625 548.6806030273438 565.855712890625
9 492.236572265625 366.039794921875 517.2772216796875 383.14434814453125
10 278.2043762207031 366.75714111328125 409.6570129394531 639.5316772460938