3 0.4359375 0.521875 0.08046875 0.06953125
3 0.2828125 0.7875 0.06015625 0.07890625
4 0.3671875 0.3203125 0.1109375 0.04140625
2 0.365625 0.3140625 0.12421875 0.1703125
2 0.5078125 0.39140625 0.1359375 0.16484375
4 0.51640625 0.390625 0.11640625 0.0453125
3 0.42265625 0.625 0.05625 0.08828125
3 0.27890625 0.86953125 0.0578125 0.084375
4 0.36640625 0.01640625 0.10703125 0.03203125
7 0.54453125 0.75234375 0.0703125 0.09921875
2 0.3609375 0.0515625 0.125 0.103125
2 284.3321228027344 194.63609313964844 90.95806884765625 57.27313232421875
2 190.31295776367188 145.41580200195312 81.02529907226562 62.622283935546875
9 214.1748046875 213.7627410888672 49.192901611328125 35.092681884765625
11 132.89190673828125 186.39007568359375 486.24530029296875 453.48455810546875
9 305.78240966796875 255.07266235351562 49.05517578125 41.43304443359375
11 180.89251708984375 190.34620666503906 363.9111328125 396.66661071777344
10 311.6204833984375 261.461181640625 150.45257568359375 150.7384033203125
13 192.855224609375 221.2194366455078 147.53302001953125 165.43687438964844
2 191.28036499023438 1.974334716796875 74.219970703125 68.76374816894531
11 131.81353759765625 141.41400146484375 288.69476318359375 498.58599853515625
13 312.8957214355469 261.760498046875 148.183349609375 150.5911865234375