9 0.14609375 0.2984375 0.2921875 0.29375
10 0.25390625 0.4421875 0.5078125 0.09375
11 0.275 0.24453125 0.55 0.4890625
11 0.6890625 0.36304646330647133 0.04375 0.08462953005422928
10 0.68203125 0.35831805669061295 0.01875 0.03448408430895533
13 0.66640625 0.11760215309981685 0.0125 0.03601022287263689
2 0.675 0.09733965007475476 0.0078125 0.009420451795398143
11 0.66953125 0.13090158381797606 0.0203125 0.07824317466803503
13 0.14375 0.58359375 0.184375 0.1890625
11 0.1265625 0.7421875 0.253125 0.50625
9 0.8578125 0.52265625 0.09375 0.0671875
9 0.63515625 0.70703125 0.1703125 0.1484375
10 0.84609375 0.7389867945903645 0.259375 0.46088399960721665
10 0.5875 0.88046875 0.075 0.2390625
11 0.67421875 0.74453125 0.2484375 0.5109375
11 0.96171875 0.55625 0.0765625 0.134375
11 0.8109375 0.74453125 0.35 0.5109375