4 0.4234375 0.41171875 0.1125 0.046875
4 0.5703125 0.36953125 0.0703125 0.03515625
2 0.41015625 0.39765625 0.13828125 0.15234375
3 0.53515625 0.43359375 0.06015625 0.06171875
2 0.546875 0.3765625 0.1375 0.159375
0 0.5765625 0.53359375 0.08359375 0.1140625
11 155.8575439453125 199.933349609375 369.71405029296875 485.96630859375
5 219.1346435546875 205.80438232421875 306.75146484375 265.9429931640625
10 183.72689819335938 291.2158203125 298.5627136230469 470.13214111328125
5 306.0521240234375 189.11880493164062 385.2374267578125 230.74301147460938
10 185.78665161132812 288.73876953125 364.8998718261719 476.30438232421875
2 300.27972412109375 217.73965454101562 326.30169677734375 248.29605102539062
11 153.7288818359375 200.64593505859375 374.91094970703125 610.9593505859375
9 259.21240234375 269.56268310546875 303.5208740234375 302.07135009765625