5 0.496875 0.4578125 0.071875 0.13125
5 0.66484375 0.0734375 0.07578125 0.121875
5 0.515625 0.059375 0.08125 0.11875
3 0.60859375 0.30625 0.0453125 0.10546875
3 0.53515625 0.31875 0.0359375 0.08359375
6 0.68984375 0.565625 0.075 0.0890625
4 0.65 0.08828125 0.0515625 0.040625
4 0.53125 0.0734375 0.04609375 0.04296875
6 0.8828125 0.1765625 0.0765625 0.05859375
6 0.665625 0.51640625 0.0625 0.03828125
6 0.9015625 0.1078125 0.0625 0.053125
13 307.468994140625 319.3575744628906 372.479736328125 479.5511779785156
5 398.91552734375 3.5892105102539062 448.255615234375 56.70298767089844
5 309.10888671875 0.4647102355957031 355.34368896484375 49.56566619873047
11 295.0533447265625 201.21820068359375 395.4761962890625 640.0
11 237.8032989501953 0.2008056640625 364.35955810546875 377.014892578125
11 387.51080322265625 3.98138427734375 493.203125 339.921875
10 255.78530883789062 49.05662536621094 326.9770202636719 170.65386962890625
11 409.0732116699219 609.0034790039062 464.8396911621094 640.0
9 401.9837646484375 59.83980178833008 422.8363037109375 80.73994445800781
10 400.3026123046875 68.0537109375 473.45654296875 163.4058380126953