2 0.50703125 0.33125 0.1046875 0.1125
2 0.4109375 0.3546875 0.090625 0.06875
9 0.3953125 0.29375 0.0578125 0.0421875
9 0.45234375 0.28984375 0.0734375 0.059375
10 0.46171875 0.06796875 0.1671875 0.1359375
10 0.46875 0.1640625 0.18125 0.16875
11 0.3140625 0.25703125 0.296875 0.2640625
11 0.34453125 0.24609375 0.4296875 0.2859375
11 0.34375 0.0484375 0.43125 0.096875
11 0.28515625 0.0421875 0.2953125 0.084375
2 0.64921875 0.0171875 0.0265625 0.034375
10 0.6546875 0.06875 0.04375 0.078125
11 0.65078125 0.075 0.0734375 0.15
11 0.775 0.04921875 0.05625 0.0984375
9 0.653125 0.05078125 0.0125 0.015625
11 0.69609375 0.50546875 0.0609375 0.121875
2 602.5994873046875 402.9804992675781 626.969970703125 433.7050476074219