2 0.47421875 0.775 0.03203125 0.0390625
2 0.44609375 0.46796875 0.034375 0.04140625
2 0.4921875 0.14453125 0.03046875 0.025
3 0.4375 0.81328125 0.02265625 0.0265625
2 0.371875 0.21484375 0.02265625 0.03203125
2 0.6125 0.153125 0.0296875 0.0359375
11 292.0205078125 81.18283081054688 54.5985107421875 96.58273315429688
10 295.4032287597656 104.19569396972656 34.163818359375 60.7088623046875
2 293.61224365234375 482.0570983886719 18.65704345703125 17.39202880859375
2 305.00103759765625 82.2615966796875 16.2784423828125 12.00677490234375
11 268.0447998046875 480.3717346191406 56.07958984375 112.12985229492188
9 309.9974060058594 96.65532684326172 10.41973876953125 8.92510986328125
10 292.1334228515625 503.76275634765625 23.6424560546875 30.4910888671875