5 0.52421875 0.359375 0.07421875 0.075
5 0.671875 0.35390625 0.07421875 0.075
5 0.2984375 0.35078125 0.0828125 0.08671875
5 0.1015625 0.33359375 0.08671875 0.09609375
5 0.184375 0.3609375 0.08828125 0.1078125
3 0.4921875 0.57265625 0.04921875 0.05859375
3 0.103125 0.6296875 0.0375 0.0578125
5 0.840625 0.36015625 0.059375 0.08984375
7 0.64375 0.7953125 0.06875 0.0578125
7 0.5375 0.8109375 0.0828125 0.0640625
4 0.52734375 0.35625 0.06328125 0.028125
4 0.66796875 0.3515625 0.05390625 0.03046875
4 0.8453125 0.35390625 0.04140625 0.0296875
3 0.8125 0.3703125 0.03203125 0.06015625
3 0.8515625 0.48515625 0.0546875 0.04375
3 0.0859375 0.59921875 0.04296875 0.06015625
4 0.2984375 0.35078125 0.06953125 0.02265625
4 0.19375 0.3625 0.05625 0.03046875
4 0.11015625 0.3375 0.0640625 0.03046875