4 0.36171875 0.43671875 0.03984375 0.01484375
4 0.53515625 0.4296875 0.0359375 0.01640625
4 0.68359375 0.44375 0.04140625 0.01484375
3 0.23359375 0.53046875 0.03125 0.03046875
7 0.64765625 0.8265625 0.04140625 0.075
7 0.72734375 0.83046875 0.04609375 0.071875
2 0.54296875 0.4234375 0.06015625 0.0796875
2 0.63828125 0.43359375 0.04140625 0.06015625
2 0.6828125 0.43515625 0.06171875 0.075
2 0.1578125 0.43203125 0.04296875 0.06328125
2 0.1953125 0.4453125 0.059375 0.0765625
2 0.365625 0.42890625 0.05 0.0703125
4 0.6375 0.4328125 0.0296875 0.0125
2 0.48984375 0.46015625 0.0484375 0.0546875
4 0.490625 0.46328125 0.0328125 0.0171875
3 0.21171875 0.54453125 0.02734375 0.02890625
3 0.32421875 0.60546875 0.03125 0.028125
7 0.4 0.759375 0.04296875 0.0421875
7 0.34765625 0.7578125 0.04609375 0.0515625
7 0.5109375 0.77265625 0.0625 0.0390625
7 0.5765625 0.78125 0.0453125 0.04453125
5 0.90078125 0.46953125 0.02578125 0.02578125
11 389.291259765625 256.502685546875 94.656494140625 295.76513671875
2 105.08598327636719 259.56573486328125 38.17262268066406 37.0736083984375
11 193.41860961914062 253.03683471679688 79.06817626953125 243.6116943359375
2 329.27764892578125 246.152099609375 33.9366455078125 24.42340087890625
10 328.52838134765625 297.76800537109375 48.564453125 84.06744384765625
11 565.096923828125 292.76953125 22.264892578125 70.943359375
2 418.0162353515625 256.2818298339844 32.74017333984375 25.5828857421875
11 284.67999267578125 271.3494873046875 49.1173095703125 212.19183349609375
2 298.70562744140625 272.51806640625 31.8590087890625 21.76446533203125
2 395.3211669921875 254.2061004638672 24.916748046875 21.634170532226562
10 80.74996948242188 303.4630126953125 61.616485595703125 97.841796875
2 86.56231689453125 255.49559020996094 25.378677368164062 25.818618774414062
11 319.0933837890625 244.0679473876953 70.9520263671875 267.62608337402344
10 395.94854736328125 306.001953125 71.6632080078125 102.7467041015625
2 219.09654235839844 254.9449005126953 27.59716796875 20.547225952148438
9 426.78466796875 289.60919189453125 19.67041015625 13.9278564453125
11 380.4002685546875 254.20071411132812 43.5079345703125 229.1229248046875
9 331.47637939453125 279.8528747558594 16.35595703125 13.83990478515625
11 58.59919738769531 256.00347900390625 101.33154296875 382.75665283203125
10 292.0363464355469 312.80047607421875 38.3028564453125 68.9310302734375
10 205.16995239257812 297.05499267578125 57.86883544921875 98.8487548828125
9 224.6190948486328 283.3644104003906 17.5858154296875 12.13555908203125
10 568.3231201171875 304.29656982421875 14.70458984375 27.42822265625
2 388.10491943359375 225.684326171875 43.1671142578125 22.3541259765625
11 71.33139038085938 257.54779052734375 85.86843872070312 261.295654296875
9 401.08416748046875 280.83453369140625 16.110107421875 14.5487060546875
9 306.7402038574219 299.4965515136719 15.4091796875 11.40374755859375
9 304.4854736328125 297.8486328125 14.60693359375 12.2265625
9 109.1133041381836 297.94891357421875 13.203338623046875 10.6741943359375
10 384.2327575683594 299.02191162109375 33.92327880859375 91.5799560546875