5 0.24140625 0.08984375 0.2109375 0.1796875
5 0.371875 0.12421875 0.115625 0.2484375
9 0.2994652314568439 0.21363085992204905 0.10691359621281205 0.11529883068109026
10 0.34921875 0.046875 0.0921875 0.09375
10 0.14921875 0.075 0.0859375 0.15
10 0.30546875 0.36328125 0.2484375 0.3328125
10 0.0578125 0.39921875 0.115625 0.2609375
11 0.0796875 0.29140625 0.159375 0.4765625
11 0.37421875 0.26484375 0.1109375 0.5296875
11 0.3453125 0.06640625 0.1125 0.1328125
11 0.1625 0.17734375 0.171875 0.3546875
11 0.28359375 0.26484375 0.2921875 0.5296875
10 0.90859375 0.4125 0.1828125 0.234375
11 0.753125 0.378125 0.49375 0.303125
11 0.378125 0.85234375 0.103125 0.2953125
8 0.56328125 0.6125 0.2671875 0.165625
10 0.66015625 0.775 0.4609375 0.45
11 0.7125 0.76484375 0.565625 0.4703125
0 0.0 251.01303100585938 45.498260498046875 303.4325256347656
4 132.37933349609375 63.52076721191406 225.62274169921875 132.7245330810547
5 117.39452362060547 1.964996337890625 230.43682861328125 177.41082763671875