2 0.46796875 0.4171875 0.0421875 0.06015625
2 0.1328125 0.4640625 0.0453125 0.0546875
2 0.31484375 0.434375 0.0359375 0.0484375
2 0.3890625 0.45625 0.02890625 0.0390625
2 0.75703125 0.41640625 0.04375 0.05078125
2 0.70625 0.4296875 0.0359375 0.04296875
2 0.2703125 0.434375 0.03203125 0.03203125
2 0.11953125 0.4296875 0.03984375 0.046875
2 0.07890625 0.4390625 0.034375 0.03984375
2 0.34375 0.4546875 0.03515625 0.0359375
3 0.465625 0.55859375 0.02578125 0.034375
3 0.07734375 0.58203125 0.028125 0.034375
7 0.10625 0.6828125 0.03125 0.034375
7 0.1421875 0.68203125 0.03984375 0.0359375
7 0.32265625 0.6390625 0.0359375 0.028125
7 0.4078125 0.66875 0.0453125 0.0375
7 0.49140625 0.67421875 0.06015625 0.034375
7 0.75859375 0.6734375 0.059375 0.03203125
7 0.715625 0.62265625 0.04140625 0.034375
11 243.1684112548828 249.06494140625 87.04112243652344 193.49578857421875
11 459.77484130859375 248.43475341796875 58.1773681640625 191.32147216796875
11 169.3697509765625 263.1492614746094 47.22381591796875 152.0545654296875
2 283.94708251953125 250.89283752441406 27.919189453125 21.500595092773438
10 442.4095153808594 289.43682861328125 24.22100830078125 47.5731201171875
2 68.9415054321289 278.596435546875 29.584625244140625 24.2528076171875
11 433.56781005859375 259.90057373046875 37.4803466796875 145.34942626953125
2 192.06668090820312 263.4728088378906 20.1429443359375 16.43096923828125
2 469.2181701660156 250.49671936035156 26.39990234375 20.439559936523438
2 162.68914794921875 267.00347900390625 18.219970703125 14.53277587890625
2 61.184539794921875 259.96173095703125 23.484329223632812 21.6378173828125
11 38.99224090576172 276.1785888671875 68.92286682128906 170.1302490234375
11 147.0713348388672 266.410888671875 36.466705322265625 139.133056640625
2 439.3938903808594 261.642333984375 20.0069580078125 15.5413818359375
11 200.73544311523438 279.26348876953125 36.93194580078125 125.27587890625
2 209.89459228515625 279.906494140625 17.0433349609375 11.5096435546875
2 239.83969116210938 280.32623291015625 16.65533447265625 13.340576171875
11 234.00897216796875 278.90789794921875 38.146240234375 118.5135498046875
2 40.840675354003906 269.39031982421875 18.78009796142578 14.48388671875
10 205.9569091796875 300.7884521484375 23.980682373046875 44.6693115234375
10 470.47332763671875 280.05828857421875 45.18292236328125 70.7376708984375
10 267.82879638671875 285.3162841796875 44.35162353515625 77.45849609375
10 181.29627990722656 292.7529296875 26.396697998046875 50.28594970703125
11 25.739591598510742 262.35211181640625 40.08770942687988 147.33953857421875
10 235.05642700195312 303.64794921875 26.29998779296875 43.2861328125
13 266.35125732421875 285.4095153808594 45.9000244140625 77.62933349609375
10 153.5679931640625 291.8953857421875 27.568572998046875 48.121826171875
9 77.15864562988281 304.0168762207031 10.704635620117188 10.49212646484375
11 24.977684020996094 259.81146240234375 58.155517578125 149.331298828125
9 444.48284912109375 280.4928894042969 10.4727783203125 9.48724365234375
11 204.65557861328125 278.55108642578125 43.52386474609375 123.81298828125
9 215.7862548828125 295.0673522949219 8.3175048828125 7.1651611328125
9 442.32244873046875 280.7625732421875 8.24365234375 9.4661865234375
9 200.05186462402344 286.60009765625 9.753631591796875 7.3634033203125
9 301.1089782714844 273.3181457519531 10.6937255859375 8.015869140625
13 470.5640869140625 279.9631042480469 45.2080078125 71.86651611328125