2 0.26171875 0.12495805162244747 0.1875 0.10890334308955411
2 0.434375 0.03801606694414972 0.121875 0.06945904800821019
5 0.10078125 0.3305818586076481 0.175 0.06820562021691715
5 0.48046875 0.25727915135130097 0.18125 0.05574198165323567
9 0.42578125 0.1075973139190876 0.084375 0.03799087939029935
9 0.23828125 0.21728190700864172 0.11875 0.06631586729005097
9 0.4796875 0.3658774465308408 0.1203125 0.06007495764913049
9 0.1109375 0.44067902127363057 0.115625 0.06629768657189175
10 0.15546875 0.51875 0.3109375 0.140625
10 0.49921875 0.4859375 0.3546875 0.20625
13 0.20625 0.3401245093697739 0.3125 0.2611930718159236
10 0.4140625 0.16782174161218472 0.1875 0.1542158430895541
11 0.4390625 0.12548879586691086 0.259375 0.24994649960721657
11 0.5125 0.40625 0.453125 0.365625
11 0.19609375 0.4390625 0.3921875 0.3
11 0.21171875 0.27734375 0.4234375 0.4359375
11 0.29375 0.79453125 0.5875 0.4109375
2 0.04921875 0.70390625 0.0984375 0.2296875
10 0.25078125 0.9203125 0.3984375 0.159375
8 0.15859375 0.8152739794137404 0.2 0.301163565962191
2 242.16036987304688 8.455223083496094 309.8950500488281 83.102783203125
2 106.66246032714844 50.97349548339844 216.02259826660156 166.66162109375
5 258.2991943359375 157.93685913085938 370.7940673828125 263.8095703125
4 120.40301513671875 95.09048461914062 203.22244262695312 124.6612548828125
2 8.281234741210938 146.15740966796875 161.3013458251953 303.102783203125
4 264.568603515625 187.2962646484375 366.5218505859375 218.12945556640625
4 20.579818725585938 238.7821044921875 128.3677978515625 268.7436218261719
4 244.10830688476562 42.65901184082031 303.0743103027344 58.98158264160156