5 0.65546875 0.365625 0.1078125 0.128125
5 0.85 0.359375 0.09453125 0.08984375
5 0.55234375 0.371875 0.0890625 0.0921875
5 0.35546875 0.38203125 0.0828125 0.09765625
5 0.15625 0.3953125 0.1 0.11875
5 0.03046875 0.39296875 0.0609375 0.15625
3 0.28515625 0.66484375 0.115625 0.06015625
4 0.16640625 0.38515625 0.07578125 0.0359375
4 0.35625 0.39140625 0.0546875 0.03046875
4 0.55703125 0.3828125 0.06953125 0.03203125
4 0.8453125 0.35625 0.075 0.0375
4 0.03203125 0.38984375 0.0640625 0.04921875
3 0.58984375 0.69765625 0.07109375 0.05625
4 0.634375 0.37109375 0.0734375 0.0453125
10 46.72458267211914 279.81195068359375 152.42929077148438 498.91961669921875
5 379.18438720703125 186.30430603027344 454.29132080078125 233.15306091308594
10 314.01141357421875 262.11419677734375 409.2890625 471.11962890625
11 492.9549255371094 190.4627685546875 636.0091552734375 640.0
11 323.3134765625 178.73583984375 544.25390625 640.0
10 404.41485595703125 250.50421142578125 539.5136108398438 500.6494140625
5 331.2672119140625 201.9894561767578 379.3516845703125 237.64649963378906
5 201.6840362548828 207.09658813476562 253.3700714111328 247.10110473632812
11 25.15313720703125 195.83482360839844 251.81417846679688 639.3916015625
10 176.62063598632812 268.1199951171875 275.2822570800781 389.1995849609375
10 512.9595947265625 259.2108154296875 602.2142333984375 481.846435546875
10 0.0 295.89990234375 42.00494384765625 457.4237060546875
9 398.732177734375 246.11251831054688 427.0565185546875 280.3949279785156
11 296.3138427734375 197.2076416015625 427.09844970703125 465.39190673828125
9 94.25410461425781 254.34869384765625 124.66896057128906 286.25872802734375
9 211.39059448242188 253.48171997070312 240.47177124023438 274.6783752441406
9 342.55010986328125 246.9864044189453 370.28643798828125 266.81744384765625
5 62.39634704589844 205.13507080078125 128.60247802734375 255.13351440429688
5 0.0 191.8560791015625 41.929161071777344 249.35595703125
11 148.91659545898438 198.3338623046875 284.18792724609375 639.2609252929688
5 515.590576171875 197.55255126953125 570.491943359375 222.7789306640625
11 0.08001708984375 185.8582763671875 122.6615982055664 638.40283203125
9 525.2122802734375 235.92953491210938 561.7113037109375 258.8125305175781
11 0.090576171875 185.2562255859375 74.02005004882812 640.0
9 529.7169189453125 238.67724609375 562.6978759765625 262.367919921875
9 0.3459014892578125 253.4422607421875 30.710256576538086 283.734130859375