5 0.58203125 0.34453125 0.0734375 0.08046875
5 0.48125 0.359375 0.053125 0.06640625
5 0.35234375 0.3703125 0.06796875 0.065625
5 0.13203125 0.35546875 0.0703125 0.075
5 0.040625 0.36015625 0.05078125 0.05234375
5 0.22578125 0.37265625 0.0484375 0.05859375
5 0.88359375 0.3828125 0.07890625 0.0921875
3 0.34140625 0.57421875 0.046875 0.04296875
3 0.53359375 0.56796875 0.06015625 0.05234375
3 0.8296875 0.61171875 0.05078125 0.075
3 0.22734375 0.49765625 0.0375 0.0390625
4 0.58125 0.3421875 0.059375 0.02578125
4 0.1296875 0.346875 0.0609375 0.03828125
4 0.35 0.3671875 0.05625 0.01875
1 0.478125 0.35546875 0.04453125 0.02109375
4 0.225 0.37265625 0.040625 0.01640625
4 0.040625 0.35859375 0.03984375 0.0171875
5 0.77109375 0.40390625 0.05078125 0.0578125
5 0.81875 0.37109375 0.05078125 0.05859375
5 0.94609375 0.37578125 0.04296875 0.0625
3 0.96328125 0.63203125 0.0265625 0.05078125
3 0.63515625 0.54921875 0.0390625 0.0375
3 0.028125 0.50625 0.0359375 0.0375
5 0.4015625 0.38515625 0.0359375 0.06796875
5 0.58203125 0.04921875 0.0765625 0.08515625
5 0.4828125 0.03515625 0.05625 0.0703125
5 0.36015625 0.0296875 0.0640625 0.059375
5 0.13359375 0.0390625 0.07734375 0.07578125
5 0.225 0.025 0.053125 0.04921875
5 0.0390625 0.02734375 0.05 0.0546875
5 0.88359375 0.03125 0.0890625 0.0625
10 28.56414794921875 247.06793212890625 94.23152160644531 91.06732177734375
10 320.4798889160156 249.91412353515625 93.57257080078125 134.6502685546875
10 185.74301147460938 256.81219482421875 80.91253662109375 124.2330322265625
10 527.0384521484375 270.23175048828125 100.3204345703125 115.67877197265625
11 115.83224487304688 218.91958618164062 58.8382568359375 222.8154296875
11 0.0 211.01319885253906 45.2106819152832 268.52610778808594
10 121.56832122802734 256.3896484375 42.34412384033203 71.7078857421875
11 5.56707763671875 197.860107421875 134.74716186523438 436.736083984375
11 174.0946044921875 210.4781494140625 107.35064697265625 429.2593994140625
9 548.7955932617188 251.39892578125 32.7352294921875 21.339599609375
5 352.8221435546875 192.39968872070312 41.34912109375 21.82421875
9 212.46359252929688 241.64901733398438 26.99993896484375 25.414703369140625
5 291.86871337890625 206.23812866210938 31.43701171875 15.6954345703125
13 0.0 251.1985626220703 36.32429122924805 94.03306579589844
9 66.92291259765625 229.6314697265625 28.019195556640625 29.496826171875
5 476.92987060546875 238.41912841796875 31.3802490234375 24.49310302734375
5 129.02105712890625 219.90277099609375 30.18524169921875 16.055267333984375
11 447.714599609375 234.58180236816406 87.43695068359375 195.34080505371094
9 354.1939697265625 227.48785400390625 24.81024169921875 24.50665283203125
9 295.56396484375 233.63401794433594 23.126708984375 20.4005126953125
5 539.8700561523438 211.09075927734375 77.784912109375 27.2296142578125
9 134.2357177734375 242.52951049804688 15.879119873046875 16.253662109375
2 539.5363159179688 210.94789123535156 77.7080078125 27.8779296875
5 210.03599548339844 213.8060760498047 38.95648193359375 18.3798828125
10 265.5231628417969 250.4701690673828 63.6181640625 87.02330017089844
11 244.45748901367188 198.2386474609375 103.6795654296875 308.751953125
5 13.334212303161621 212.39039611816406 28.14259433746338 13.208709716796875
9 16.259605407714844 235.55377197265625 19.105812072753906 17.193359375
10 462.99102783203125 274.6395263671875 63.6873779296875 88.9761962890625
11 317.12176513671875 191.1121826171875 135.3023681640625 412.2431640625
5 323.0618896484375 224.96038818359375 15.26593017578125 12.8004150390625
11 515.0646362304688 208.50946044921875 124.93536376953125 370.991455078125
10 0.0 250.60633850097656 36.06659698486328 73.08909606933594
2 62.09275817871094 199.54293823242188 45.32737731933594 19.0421142578125
11 259.1725158691406 202.06346130371094 85.25115966796875 435.43190002441406
5 510.032958984375 216.04052734375 32.342529296875 16.9747314453125
9 246.8277587890625 244.72274780273438 17.77508544921875 18.6455078125
11 498.2611083984375 212.37037658691406 59.620849609375 301.62400817871094
9 594.344482421875 245.65740966796875 16.3258056640625 14.6824951171875
9 322.9044494628906 241.05340576171875 13.2293701171875 13.2325439453125
5 387.89703369140625 212.02392578125 19.5938720703125 23.42510986328125
10 508.6703796386719 256.0551452636719 37.393585205078125 69.187744140625