1 0.3859375 0.3671875 0.1078125 0.03984375
3 0.22734375 0.42734375 0.08046875 0.1015625
4 0.16171875 0.35 0.125 0.04296875
2 0.76484375 0.35859375 0.153125 0.175
2 0.3875 0.35546875 0.1203125 0.16796875
2 0.15703125 0.3359375 0.146875 0.18046875
1 0.7640625 0.3765625 0.1203125 0.04296875
11 0.5308837890625 152.22784423828125 172.91409301757812 487.5780029296875
10 424.6817626953125 286.89190673828125 151.9398193359375 227.8466796875
2 56.39021301269531 156.83871459960938 96.01780700683594 66.08599853515625
2 443.23272705078125 167.08590698242188 92.46551513671875 72.09765625
11 402.771240234375 162.5553436279297 212.918701171875 477.4446563720703
11 160.12710571289062 165.48724365234375 205.47705078125 474.51275634765625
2 202.53912353515625 169.32516479492188 85.229736328125 63.87054443359375
9 81.62750244140625 235.54483032226562 49.961944580078125 34.69732666015625
10 9.467437744140625 262.972412109375 132.22283935546875 222.5672607421875
9 238.08709716796875 243.71450805664062 39.7479248046875 21.90240478515625
10 185.00559997558594 275.80218505859375 155.46046447753906 244.56060791015625
9 475.3917236328125 250.71865844726562 48.091064453125 37.00897216796875
11 566.6576538085938 0.041156768798828125 24.3387451171875 24.289520263671875
11 419.7257080078125 0.0 19.4034423828125 33.69723129272461