12 0.175 0.2296875 0.35 0.459375
9 0.209375 0.38046875 0.125 0.1578125
5 0.1546875 0.08046875 0.215625 0.1609375
11 0.23046875 0.2296875 0.3984375 0.459375
2 0.2859375 0.6787639295398089 0.034375 0.03301248789975162
2 0.0140625 0.72421875 0.028125 0.0484375
9 0.0078125 0.76796875 0.015625 0.0234375
8 0.2890625 0.7100321102579681 0.0234375 0.022011355386194253
13 0.30703125 0.7749803993873836 0.0703125 0.11759656615858276
13 0.05078125 0.8211458304983263 0.0921875 0.1552238311856975
13 0.01015625 0.809375 0.0203125 0.121875
11 0.03046875 0.8484375 0.0609375 0.303125
11 0.06796875 0.84609375 0.1359375 0.3078125
11 0.30234375 0.8163593783101447 0.1421875 0.3242647226762451
9 0.77734375 0.50859375 0.1109375 0.0984375
9 0.53515625 0.628203309813871 0.203125 0.18711924668035032
10 0.5578125 0.84453125 0.25625 0.3109375
10 0.83828125 0.78359375 0.3171875 0.4328125
10 0.97109375 0.690625 0.0578125 0.378125
11 0.92578125 0.7296875 0.1484375 0.540625
11 0.8046875 0.7296875 0.390625 0.540625
11 0.60234375 0.7296875 0.3453125 0.540625
2 0.02577972412109375 451.725830078125 21.021961212158203 501.4423828125
2 172.5633544921875 427.00592041015625 195.85922241210938 463.81170654296875
0 0.3666534423828125 560.367919921875 17.442642211914062 584.1473388671875
7 186.84890747070312 606.0200805664062 204.55563354492188 625.9089965820312
1 314.814208984375 346.9432067871094 389.52935791015625 419.4034729003906
7 213.1018524169922 598.2340087890625 230.52464294433594 619.958740234375
5 2.375030517578125 0.0461273193359375 206.35557556152344 243.41241455078125
1 62.38673400878906 83.1947250366211 169.554443359375 188.04110717773438
0 26.915454864501953 557.1268310546875 42.90909957885742 575.6119384765625
5 270.971923828125 295.9819641113281 397.3157958984375 452.3572692871094
0 44.502899169921875 537.695068359375 61.72303771972656 571.3133544921875
2 572.651611328125 327.57794189453125 640.0 515.5609741210938