2 0.29921875 0.40859375 0.0828125 0.10390625
7 0.46328125 0.80390625 0.0828125 0.10390625
0 0.4296875 0.60859375 0.04375 0.0625
2 0.0375 0.40546875 0.075 0.0953125
0 0.20625 0.5875 0.04296875 0.053125
7 0.25 0.771875 0.06015625 0.075
7 0.0765625 0.7734375 0.05390625 0.075
5 0.7890625 0.06640625 0.08515625 0.0734375
5 0.8765625 0.06484375 0.06328125 0.07890625
7 0.69140625 0.33046875 0.09375 0.0625
7 0.965625 0.340625 0.06875 0.053125
0 0.12421875 0.58828125 0.0390625 0.0625
13 0.3597259521484375 283.5902099609375 66.51222229003906 119.6185302734375
13 137.67263793945312 283.99383544921875 102.65118408203125 122.80194091796875
11 115.9918212890625 219.62872314453125 196.64700317382812 326.75640869140625
2 0.0 223.59384155273438 48.33439636230469 53.266448974609375
11 0.1183929443359375 218.51171875 98.4176025390625 333.25213623046875
2 162.9764404296875 224.0638427734375 54.23876953125 52.373931884765625