4 0.54140625 0.3703125 0.059375 0.0265625
7 0.5734375 0.78046875 0.10625 0.09453125
2 0.53515625 0.35234375 0.08671875 0.1015625
2 0.31015625 0.33125 0.03515625 0.0375
0 0.565625 0.60859375 0.03984375 0.06015625
0 0.375 0.44921875 0.03046875 0.0390625
0 0.340625 0.5390625 0.04140625 0.0578125
2 0.10390625 0.309375 0.01796875 0.01953125
2 0.14375 0.309375 0.02109375 0.01796875
2 0.13671875 0.30234375 0.0140625 0.0140625
2 0.16640625 0.30703125 0.02265625 0.021875
13 293.3799743652344 255.42532348632812 89.700439453125 130.40179443359375
11 159.35595703125 195.32749938964844 89.1810302734375 166.59266662597656
2 315.69549560546875 191.18594360351562 53.89501953125 39.29925537109375
10 179.51119995117188 226.60777282714844 54.9422607421875 58.98097229003906
11 276.69256591796875 188.28858947753906 137.2845458984375 339.84800720214844
2 186.6467742919922 198.854736328125 25.597503662109375 20.4908447265625
9 340.4957275390625 240.13003540039062 22.1427001953125 21.41668701171875
10 541.0029296875 0.6414794921875 96.728271484375 144.694091796875
11 21.782794952392578 199.47128295898438 26.849472045898438 49.657073974609375
11 53.55791091918945 186.82867431640625 34.60830307006836 55.19171142578125
2 60.282291412353516 190.10983276367188 13.159053802490234 11.77410888671875