2 0.46484375 0.1921875 0.0765625 0.059375
9 0.46875 0.23984375 0.0421875 0.03125
10 0.490625 0.31875 0.1359375 0.1578125
11 0.51875 0.3296875 0.296875 0.378125
2 0.403125 0.75859375 0.06875 0.2359375
2 0.9203125 0.8234375 0.159375 0.28125
9 0.9625 0.86484375 0.075 0.1546875
11 0.421875 0.8203125 0.10625 0.359375
11 0.809375 0.759375 0.38125 0.48125
2 276.7284851074219 108.26194763183594 318.0923767089844 158.7383270263672
5 549.7154541015625 450.3148498535156 639.7266845703125 616.5355224609375
4 281.54669189453125 130.29818725585938 309.51544189453125 145.93069458007812
0 238.28787231445312 105.38069152832031 263.43115234375 135.21913146972656
4 578.00390625 503.8838195800781 639.585205078125 574.1396484375
4 569.8577270507812 484.5501708984375 640.0 586.316650390625