2 0.696875 0.56484375 0.221875 0.25078125
2 0.31171875 0.540625 0.22890625 0.26171875
4 0.6765625 0.58515625 0.15546875 0.0734375
4 0.3546875 0.56796875 0.10703125 0.08984375
3 0.4765625 0.76875 0.0953125 0.0765625
3 0.48359375 0.8625 0.1046875 0.07109375
0 0.4984375 0.3171875 0.03515625 0.03203125
2 0.50390625 0.2359375 0.0453125 0.04921875
2 0.50859375 0.128125 0.0390625 0.0484375
0 0.49765625 0.04921875 0.03125 0.03046875
2 364.8033447265625 271.2876281738281 512.2777099609375 385.3995666503906
2 123.09221649169922 260.1087646484375 282.7474365234375 381.142578125
10 1.274139404296875 387.99169921875 275.3874206542969 640.0
11 355.8546142578125 260.45330810546875 639.6683349609375 639.800537109375
9 400.9872131347656 383.72308349609375 446.8509826660156 430.89288330078125
10 385.6551513671875 393.75 628.7987670898438 639.1756591796875
11 0.0 251.9708251953125 315.33673095703125 640.0
9 190.66168212890625 376.16436767578125 240.43408203125 421.89849853515625
11 293.76300048828125 121.58349609375 390.16204833984375 368.73101806640625
2 311.29388427734375 128.92645263671875 339.23626708984375 152.88458251953125