2 0.1515625 0.41796875 0.05390625 0.06953125
2 0.2 0.40390625 0.05234375 0.07109375
2 0.2453125 0.41796875 0.04140625 0.0453125
3 0.4046875 0.553125 0.0265625 0.0296875
2 0.35625 0.42109375 0.0546875 0.06796875
2 0.428125 0.3875 0.04921875 0.06015625
2 0.521875 0.39453125 0.03828125 0.0546875
2 0.5671875 0.35625 0.04609375 0.06171875
2 0.6328125 0.33359375 0.04375 0.05625
2 0.73203125 0.3359375 0.053125 0.0640625
2 0.6046875 0.334375 0.03828125 0.05078125
2 0.77578125 0.32734375 0.0390625 0.05234375
2 0.4984375 0.4 0.03125 0.0390625
4 0.1515625 0.42890625 0.04609375 0.015625
4 0.2015625 0.4140625 0.03984375 0.015625
4 0.3546875 0.43046875 0.0421875 0.01484375
4 0.57109375 0.36484375 0.0390625 0.01953125
4 0.6328125 0.34140625 0.040625 0.0171875
0 0.78515625 0.34296875 0.0359375 0.03359375
7 0.74609375 0.63671875 0.0453125 0.046875
7 0.79609375 0.6203125 0.03125 0.0390625
7 0.70390625 0.63046875 0.0546875 0.04453125
7 0.64453125 0.64921875 0.04375 0.04921875
7 0.60390625 0.65078125 0.040625 0.0390625
7 0.26796875 0.7046875 0.05546875 0.03984375
7 0.09921875 0.6765625 0.03671875 0.03984375
7 0.3703125 0.7125 0.03984375 0.0390625
4 0.72890625 0.34375 0.0390625 0.02109375
3 0.22734375 0.46015625 0.0296875 0.0265625
2 209.9340057373047 243.32894897460938 244.64683532714844 277.8600158691406
2 259.44952392578125 227.03274536132812 290.13299560546875 258.59320068359375
2 449.80279541015625 192.0836639404297 482.99041748046875 221.5373992919922
2 76.96925354003906 241.61868286132812 116.98469543457031 275.1614685058594
2 391.6470642089844 194.53396606445312 418.8938903808594 218.62448120117188
2 111.29295349121094 235.0518798828125 142.16639709472656 260.707275390625
2 317.27874755859375 231.83404541015625 349.47113037109375 259.60595703125
2 346.8751220703125 208.22344970703125 375.89111328125 234.209716796875
2 141.18748474121094 251.08071899414062 166.9686737060547 271.6784362792969
2 484.117919921875 186.5078887939453 512.3717041015625 211.66831970214844
11 383.51678466796875 192.27593994140625 447.45050048828125 421.49322509765625
11 139.41571044921875 247.17599487304688 198.13235473632812 463.9305114746094
2 374.4730224609375 198.11505126953125 395.6368408203125 219.9705810546875
11 50.390289306640625 239.72293090820312 125.76744079589844 475.6593322753906
10 108.1641845703125 276.5653076171875 149.42218017578125 320.4747314453125
9 121.75711059570312 265.908203125 139.92401123046875 278.60491943359375
9 359.70880126953125 236.84803771972656 372.83447265625 249.35292053222656
10 57.91001892089844 286.9554443359375 122.04823303222656 388.9718017578125
11 304.96783447265625 228.5970916748047 363.18292236328125 409.97027587890625
9 91.27714538574219 278.6697082519531 106.90538024902344 290.5881042480469
11 243.4167938232422 225.29324340820312 315.16558837890625 380.4223327636719
11 483.0017395019531 178.69671630859375 555.604248046875 405.503173828125
10 149.90924072265625 276.6248474121094 188.511962890625 324.3601989746094
9 399.8931884765625 223.07533264160156 415.7154541015625 233.5465545654297
11 441.93212890625 190.32553100585938 512.2158813476562 417.0572204589844
11 347.9599609375 206.344482421875 401.53326416015625 419.9571533203125
11 103.0588150024414 232.55409240722656 157.90353393554688 321.6351318359375
11 344.9705810546875 206.60955810546875 393.45654296875 324.51171875
10 202.51168823242188 289.098388671875 246.92398071289062 366.462890625
10 245.67303466796875 264.74359130859375 304.1875 373.59466552734375
9 221.57061767578125 278.8314514160156 236.88058471679688 290.8544616699219
9 494.3321533203125 219.88514709472656 510.019775390625 231.6627960205078
9 457.18017578125 225.61773681640625 471.8887939453125 236.81500244140625
11 196.04443359375 241.2168731689453 257.0999755859375 469.59112548828125
11 347.21636962890625 206.78250122070312 398.26702880859375 357.2674255371094
9 383.1019287109375 222.87677001953125 394.3492431640625 233.331787109375
13 489.26141357421875 225.9342498779297 527.5840454101562 296.43707275390625
9 332.44354248046875 260.5578918457031 344.06854248046875 271.8162536621094
9 156.42430114746094 271.3048095703125 166.6204376220703 279.966552734375
10 104.57579040527344 277.0692138671875 146.4882354736328 368.90380859375
9 88.52656555175781 277.3135986328125 104.99287414550781 289.7957763671875
13 455.144775390625 229.1964111328125 526.2052001953125 327.968017578125
2 312.46807861328125 245.77679443359375 323.13482666015625 259.97271728515625
11 437.60205078125 190.768310546875 492.72607421875 416.27490234375
11 101.80966186523438 232.14483642578125 152.23529052734375 455.7860107421875