2 0.3421875 0.41171875 0.0828125 0.10546875
2 0.51953125 0.43203125 0.06484375 0.09453125
2 0.84453125 0.4203125 0.1359375 0.16328125
2 0.61171875 0.46953125 0.059375 0.08671875
2 0.7625 0.4296875 0.0515625 0.034375
4 0.33671875 0.4203125 0.05625 0.02109375
4 0.7609375 0.453125 0.04296875 0.01640625
4 0.51875 0.43828125 0.04765625 0.02265625
3 0.2640625 0.58984375 0.0703125 0.046875
3 0.45703125 0.6703125 0.0390625 0.03828125
3 0.65 0.65390625 0.034375 0.02890625
3 0.69921875 0.6328125 0.0375 0.03671875
2 0.5890625 0.434375 0.0375 0.053125
2 0.9828125 0.4125 0.034375 0.10703125
4 0.6109375 0.46875 0.05078125 0.01875
1 0.84375 0.41953125 0.10546875 0.0296875
4 0.9859375 0.41328125 0.028125 0.0265625