2 0.2832557533020469 0.11328125 0.11030224801081764 0.0796875
2 0.47170917862827455 0.165625 0.13550224267981753 0.096875
2 0.11277962130013792 0.12734375 0.12917951734563574 0.090625
2 0.59921875 0.1125 0.0390625 0.175
10 0.07890625 0.29609375 0.1578125 0.2078125
10 0.2735342132797752 0.27734375 0.16609880935708982 0.175
10 0.4612427512730936 0.3265625 0.20209085335772609 0.1796875
10 0.5578125 0.403125 0.121875 0.290625
9 0.4506785159532294 0.22734375 0.06611589600572713 0.0421875
9 0.26768474996022906 0.17578125 0.05363407733927232 0.04375
9 0.12294441462445649 0.19375 0.05361589600572696 0.0421875
9 0.6 0.2421875 0.0375 0.084375
11 0.44865184460536645 0.334375 0.2834339493952699 0.45625
11 0.48828125 0.35390625 0.2609375 0.7078125
11 0.23252740527532084 0.31015625 0.3355964334022696 0.5078125
11 0.10703125 0.3203125 0.2140625 0.5
2 0.7921875 0.86484375 0.346875 0.2703125
11 0.809375 0.86484375 0.38125 0.2703125