1 0.18515625 0.1125 0.07578125 0.05703125
1 0.81484375 0.13671875 0.0640625 0.0484375
2 0.82421875 0.1109375 0.1078125 0.12421875
2 0.16328125 0.0890625 0.1171875 0.178125
7 0.86796875 0.89140625 0.12734375 0.12890625
7 0.18125 0.8625 0.18125 0.1421875
0 0.37890625 0.33125 0.08984375 0.13359375
0 0.67109375 0.21484375 0.0734375 0.08671875
0 0.66015625 0.35 0.05625 0.05546875
0 0.27421875 0.44765625 0.06953125 0.10546875
7 0.221875 0.85703125 0.08359375 0.06796875
2 491.0186767578125 28.035232543945312 561.7318115234375 94.42778778076172
10 509.1513671875 95.76974487304688 631.1837158203125 302.08477783203125
2 64.50997924804688 0.0 146.0694122314453 82.4849853515625
9 105.71102905273438 73.40589904785156 131.77685546875 115.59561157226562
10 0.3150787353515625 59.81097412109375 138.88623046875 430.45379638671875
11 0.0 0.0 301.4042053222656 624.790771484375
9 509.537109375 92.43975830078125 532.427734375 117.35154724121094