11 0.33337245609700644 0.2953125 0.04729315651766246 0.071875
5 0.32723608558550166 0.27578125 0.028288626463433088 0.028125
10 0.1328125 0.88671875 0.234375 0.2265625
11 0.125 0.725 0.25 0.55
11 0.60859375 0.8078125 0.1671875 0.384375
11 0.74765625 0.85 0.1640625 0.3
11 0.7818609948336386 0.76640625 0.11590784289316244 0.3171875
10 0.7664950700674076 0.721875 0.052162463699254855 0.103125
10 0.7104445370863122 0.821875 0.056786331185697494 0.0921875
10 0.6292627147794093 0.81015625 0.08234993344863373 0.1890625
9 0.7675672115579555 0.671875 0.020421584308955333 0.01875
9 0.7303121303722581 0.7640625 0.009447722872636889 0.0125
9 0.5884155218628058 0.7140625 0.02050339754067192 0.0328125
2 0.7654552657144856 0.63203125 0.03461134933607006 0.040625
2 0.7187479164766115 0.7375 0.04722952400410509 0.0609375
2 0.5911137958669108 0.653125 0.06915906615858276 0.0703125
2 360.08026123046875 397.5008544921875 398.30657958984375 463.470703125
3 355.19781494140625 578.574951171875 377.00286865234375 610.7587890625
2 446.32720947265625 452.3943176269531 473.20343017578125 496.6063537597656
5 546.069580078125 0.125 640.0 46.992408752441406
0 353.372802734375 526.8851318359375 381.2535400390625 551.8472900390625
2 476.27703857421875 390.90869140625 503.05877685546875 434.863525390625
3 419.78759765625 613.7017822265625 440.5885009765625 639.2423095703125