2 0.66015625 0.4078125 0.09375 0.1109375
2 0.4828125 0.45 0.06328125 0.0828125
2 0.52890625 0.40078125 0.0453125 0.071875
4 0.48125 0.45234375 0.05078125 0.0203125
0 0.53671875 0.6828125 0.04375 0.1453125
3 0.76328125 0.69609375 0.03203125 0.0484375
2 0.4140625 0.4390625 0.0265625 0.05078125
3 0.38359375 0.6265625 0.0375 0.0484375
1 0.66171875 0.4140625 0.06875 0.034375
10 361.30950927734375 299.71466064453125 97.57177734375 145.90155029296875
2 392.327392578125 221.46243286132812 61.4432373046875 43.91851806640625
11 321.12835693359375 217.6427001953125 184.47607421875 422.3572998046875
9 406.6466064453125 275.1094970703125 31.909423828125 19.779296875
2 255.24404907226562 264.8349609375 19.51275634765625 19.7010498046875
2 322.6302490234375 232.40512084960938 27.2608642578125 24.875030517578125
2 287.2026672363281 260.8863525390625 35.29931640625 26.2442626953125
11 228.92156982421875 263.12469482421875 49.43109130859375 156.15594482421875
9 295.47222900390625 295.81903076171875 21.3701171875 15.315673828125
11 238.06121826171875 258.37939453125 116.46832275390625 381.62060546875
10 268.4625549316406 308.9446716308594 64.031494140625 123.563232421875
9 325.03070068359375 265.0116882324219 19.708251953125 17.314453125
11 314.01385498046875 230.94216918945312 52.888427734375 103.22344970703125
12 465.23138427734375 607.0770263671875 39.48193359375 32.9229736328125
10 235.68301391601562 302.7209167480469 36.206298828125 105.85064697265625
11 306.9332580566406 230.8753662109375 61.550048828125 295.2109375
9 253.41554260253906 292.09014892578125 16.925277709960938 15.6671142578125
9 254.44525146484375 289.431396484375 15.810791015625 15.36114501953125
10 320.07757568359375 283.4407958984375 36.9638671875 31.44189453125