2 0.48125 0.3015625 0.15546875 0.2109375
4 0.4984375 0.31484375 0.09921875 0.06796875
4 0.62421875 0.37421875 0.0859375 0.06015625
5 0.634375 0.3625 0.13046875 0.17734375
3 0.440625 0.7875 0.0984375 0.07109375
3 0.73125 0.8015625 0.078125 0.084375
0 0.446875 0.6578125 0.065625 0.09453125
3 0.934375 0.79765625 0.0796875 0.09453125
2 251.12881469726562 117.34519958496094 104.0433349609375 109.41815185546875
11 227.5006103515625 110.41741943359375 350.19189453125 434.68231201171875
10 535.6168212890625 268.630859375 104.3831787109375 266.40240478515625
11 506.7859191894531 153.6126708984375 133.21408081054688 384.48406982421875
10 271.6119384765625 227.1931610107422 163.3367919921875 183.94374084472656
9 306.5984191894531 214.5076446533203 48.6453857421875 40.201141357421875
5 594.3955078125 172.21234130859375 45.6044921875 97.7537841796875
9 598.8118896484375 276.37591552734375 38.135986328125 56.7535400390625
9 378.0594482421875 243.84085083007812 55.4151611328125 48.07574462890625