0 0.42265625 0.6765625 0.06640625 0.06328125
2 0.58828125 0.41640625 0.0984375 0.12578125
0 0.68984375 0.70859375 0.05234375 0.0765625
2 0.30390625 0.3421875 0.0375 0.03359375
2 0.415625 0.359375 0.03203125 0.028125
2 0.51015625 0.35859375 0.025 0.0265625
2 344.59869384765625 218.571044921875 414.797119140625 287.72332763671875
11 238.29278564453125 213.52197265625 423.21771240234375 475.66900634765625
11 182.0093231201172 206.19229125976562 215.70689392089844 271.14984130859375
10 273.79901123046875 277.38128662109375 394.76263427734375 431.29986572265625
11 303.8650817871094 218.92288208007812 344.1156311035156 276.5943298339844
10 307.649169921875 235.02902221679688 340.98876953125 275.3594970703125
11 517.5906982421875 224.82870483398438 545.1746826171875 294.2177429199219
2 185.37905883789062 207.7119903564453 203.82925415039062 219.52064514160156
13 185.97499084472656 229.19482421875 210.7891082763672 270.45416259765625
10 186.43365478515625 228.91946411132812 209.8819580078125 269.7439270019531
9 352.6221008300781 286.0575256347656 384.0922546386719 306.1752624511719
10 521.79931640625 236.34820556640625 539.3165283203125 264.57562255859375
2 318.28070068359375 219.2762908935547 333.6590576171875 232.90260314941406
11 251.29623413085938 218.8648681640625 277.5730895996094 277.4176025390625