12 0.42890625 0.14453125 0.3609375 0.2890625
2 0.9390625 0.2296875 0.121875 0.184375
13 0.71953125 0.29453125 0.2203125 0.4296875
9 0.6977370214700223 0.04385109201940818 0.08325792759490121 0.07752611067790856
9 0.9603899949318343 0.42349532805536116 0.07859769867214013 0.0821590666772721
11 0.88359375 0.32265625 0.2328125 0.3734375
11 0.73984375 0.2546875 0.2609375 0.509375
11 0.2 0.85546875 0.209375 0.2890625
11 0.37578125 0.8484375 0.2359375 0.303125
11 0.53671875 0.81640625 0.1453125 0.3671875
9 0.5084109010567135 0.7872236627545869 0.033176114363184794 0.06288180800445424
9 0.3628120547457055 0.8347515487348606 0.051844301131468026 0.04903748400699968
9 0.19643762100248408 0.8273464867122706 0.05184430113146821 0.04903748400699968
9 0.03013591013189969 0.8074414246896808 0.0440136204133089 0.04582157733927241
5 0.01953125 0.71484375 0.0390625 0.0796875
5 0.19146884075186307 0.7413453520448615 0.06121930113146812 0.049146572008272396
5 0.3571302021881815 0.7370225734006788 0.07692611436318479 0.06339088534372675
5 0.537944385833207 0.6797475174251776 0.08641019867214013 0.08224997334499946
10 0.5546875 0.90234375 0.109375 0.1953125
10 0.36796875 0.92578125 0.1671875 0.1484375
10 0.19765625 0.925 0.1328125 0.15
10 0.03359375 0.9140625 0.0671875 0.171875
5 204.864990234375 456.7261962890625 256.2013854980469 548.397216796875
5 103.78483581542969 462.44573974609375 145.4557647705078 542.7510986328125
2 566.827392578125 95.47128295898438 639.345703125 295.63616943359375
5 310.576416015625 409.1253662109375 370.2496337890625 523.00439453125
5 0.0 431.08453369140625 36.48860168457031 544.9542846679688
4 0.28692150115966797 485.96337890625 31.897075653076172 510.2974853515625
4 586.146484375 200.40753173828125 639.880615234375 249.35699462890625
4 208.8896484375 494.17938232421875 253.6143798828125 518.5485229492188
4 107.53547668457031 494.07635498046875 143.45191955566406 511.81610107421875
4 0.0 488.59906005859375 23.55629539489746 510.35980224609375
1 209.46096801757812 493.1507568359375 253.08453369140625 518.80224609375
2 409.15692138671875 0.47393798828125 477.2705078125 53.78778839111328