4 0.3421875 0.45234375 0.04765625 0.025
2 0.515625 0.415625 0.0640625 0.065625
7 0.496875 0.61796875 0.075 0.0640625
2 0.3453125 0.4546875 0.0640625 0.06796875
4 0.515625 0.4203125 0.0453125 0.0296875
7 0.525 0.71171875 0.05390625 0.05859375
0 0.403125 0.59609375 0.04140625 0.028125
0 0.2796875 0.4390625 0.0453125 0.1078125
7 0.5234375 0.90625 0.06015625 0.0546875
10 183.01779174804688 305.0938720703125 57.844573974609375 88.5535888671875
11 298.70037841796875 235.0020751953125 124.078369140625 227.47235107421875
2 304.806884765625 240.33583068847656 41.1700439453125 35.11045837402344
5 199.98944091796875 269.3272705078125 39.495330810546875 26.4215087890625
9 324.7469482421875 271.39349365234375 18.42041015625 19.35894775390625
10 342.43145751953125 266.9671630859375 53.13494873046875 65.4161376953125
11 163.97769165039062 262.71453857421875 125.31719970703125 242.95849609375
9 213.04995727539062 295.6483154296875 18.916015625 13.46923828125
11 162.42599487304688 234.81536865234375 127.57818603515625 398.35650634765625
11 165.4482421875 238.58123779296875 221.153076171875 401.41876220703125