2 0.39375 0.6171875 0.06640625 0.08515625
2 0.5078125 0.62109375 0.05859375 0.08828125
2 0.6078125 0.6375 0.0640625 0.08125
0 0.40234375 0.75 0.0375 0.0359375
4 0.60546875 0.64375 0.0484375 0.0265625
4 0.50625 0.6265625 0.04609375 0.0125
4 0.390625 0.62109375 0.05078125 0.0203125
2 305.94573974609375 367.7274169921875 39.1378173828125 36.2166748046875
11 264.4110107421875 365.69140625 109.975341796875 274.30859375
2 233.1575927734375 366.2337951660156 40.909027099609375 31.66583251953125
2 366.383544921875 379.81768798828125 47.9161376953125 32.304931640625
11 190.45242309570312 362.23193359375 88.78884887695312 277.76806640625
13 282.8641357421875 418.3048095703125 75.572998046875 97.041748046875
11 365.1031494140625 374.78173828125 89.802001953125 138.90435791015625
9 378.44586181640625 417.3022155761719 20.83740234375 16.4825439453125
9 237.70120239257812 400.32061767578125 18.99407958984375 17.140625
9 313.16351318359375 406.91302490234375 22.480224609375 13.1719970703125
10 377.28143310546875 423.74102783203125 64.0855712890625 100.8919677734375
13 378.12841796875 424.24005126953125 61.4371337890625 101.311767578125
10 207.90554809570312 408.7646484375 55.91729736328125 114.7733154296875
10 207.7225341796875 410.82611083984375 54.10125732421875 78.179931640625