2 0.48359375 0.378125 0.11171875 0.165625
2 0.371875 0.365625 0.1046875 0.1203125
4 0.48125 0.39921875 0.09375 0.0296875
4 0.37421875 0.36796875 0.07734375 0.04140625
3 0.46328125 0.74921875 0.05 0.06953125
3 0.43359375 0.65078125 0.04453125 0.0625
3 0.390625 0.62265625 0.05625 0.05078125
3 0.33125 0.72265625 0.0484375 0.07734375
3 0.32890625 0.83671875 0.05859375 0.0921875
3 0.43828125 0.9078125 0.05390625 0.0734375
3 0.38203125 0.93515625 0.07421875 0.06015625
2 0.478125 0.07109375 0.1125 0.1421875
2 0.36640625 0.0640625 0.1078125 0.12734375
4 0.3734375 0.07109375 0.084375 0.0296875
4 0.4828125 0.0515625 0.0953125 0.0390625
10 267.83209228515625 284.75927734375 387.53363037109375 449.09619140625
2 267.37896728515625 184.50790405273438 351.28790283203125 247.92672729492188
10 195.35302734375 268.37640380859375 285.16510009765625 440.4031982421875
2 200.83084106445312 197.82168579101562 268.5591125488281 240.44326782226562
11 230.695556640625 180.16046142578125 433.45269775390625 639.8297119140625
9 287.8035888671875 261.2007751464844 333.7310791015625 290.0743103027344
9 217.8297119140625 243.48440551757812 260.84295654296875 269.0219421386719
11 167.38186645507812 194.44517517089844 315.3023986816406 639.3017578125