5 0.05078125 0.49609375 0.1015625 0.0828125
5 0.3035828173933609 0.3835547841594459 0.1249283693507266 0.1288431383672899
5 0.25983008068109026 0.04784908831597616 0.08811816534054522 0.05363406010845857
5 0.0914527980187719 0.08086209709657485 0.06925907733927232 0.04414997579950315
9 0.08587550735995331 0.13871095853289334 0.03789998933799978 0.03459316861791084
9 0.2668800593570898 0.11656272687965767 0.05359771467218159 0.04093407220870704
9 0.34518960940481486 0.46769343482337583 0.06931362133990895 0.04883747579950324
9 0.03815945408972317 0.6038637807416004 0.07229317067154514 0.03635565651766228
10 0.06796875 0.65390625 0.1359375 0.1921875
10 0.36640625 0.5375 0.1671875 0.2875
10 0.2814703653723618 0.22898545882748095 0.17703630935708983 0.17601812021691723
10 0.09496979137490716 0.2488217567374952 0.1211135733609078 0.20381586729005097
11 0.096875 0.64921875 0.19375 0.2015625
11 0.1078125 0.59140625 0.215625 0.3171875
11 0.321875 0.5328125 0.25625 0.434375
11 0.09693228071290694 0.28318766637841564 0.18034531206236082 0.46039312021691725
11 0.2880294480426344 0.25551159739116247 0.23063621339908788 0.48568401170746495
13 0.86067770206077 0.21695309143923414 0.041134077339272324 0.04398634933607006
11 0.861395317393361 0.21147979625969437 0.07102157200827222 0.06134656615858276
13 0.6138390647278609 0.22151436817381373 0.05061816534054522 0.05341589149054773
11 0.6160282733927245 0.20821948263519427 0.05094542934436319 0.08154089149054791
8 0.63203125 0.93984375 0.1078125 0.1203125
10 0.6 0.875 0.228125 0.25
11 0.6171875 0.875 0.334375 0.25
5 35.40692901611328 39.822723388671875 80.95989227294922 98.84222412109375
5 138.8504638671875 17.30443572998047 194.5323486328125 87.48492431640625
4 144.644287109375 46.03044891357422 185.41375732421875 67.10493469238281
4 36.773338317871094 62.21998596191406 77.8860855102539 82.06549072265625
3 179.0816650390625 249.95216369628906 263.15728759765625 313.7508544921875