4 0.44609375 0.4125 0.1015625 0.0296875
4 0.7859375 0.38125 0.09453125 0.04921875
0 0.76171875 0.68203125 0.10703125 0.08125
4 0.21484375 0.434375 0.08984375 0.04296875
3 0.35078125 0.78359375 0.0515625 0.08046875
3 0.38671875 0.49765625 0.0703125 0.0625
2 0.21796875 0.4296875 0.11484375 0.15390625
2 0.45390625 0.39921875 0.11640625 0.16328125
2 0.7953125 0.37890625 0.12265625 0.16953125
3 0.55703125 0.49140625 0.0671875 0.0484375
3 0.11953125 0.78828125 0.0421875 0.0578125
3 0.35390625 0.8734375 0.0515625 0.0640625
3 0.1125 0.86796875 0.06640625 0.075
3 0.603125 0.8015625 0.06015625 0.0640625
3 0.60234375 0.86640625 0.0640625 0.06015625
0 0.76328125 0.96953125 0.103125 0.0609375
2 248.79905700683594 207.15121459960938 329.957275390625 258.8611755371094
10 70.494140625 321.7088623046875 194.235107421875 478.9620361328125
2 101.98832702636719 221.78329467773438 181.11631774902344 277.6888122558594
11 41.733489990234375 216.27874755859375 230.46337890625 639.8682861328125
11 375.114013671875 188.393310546875 608.0469360351562 640.0
9 480.1419677734375 257.97955322265625 527.8184814453125 291.87933349609375
10 460.0362548828125 293.04608154296875 575.7481689453125 454.46148681640625
2 468.66455078125 191.72723388671875 551.803955078125 244.4482421875
11 211.38121032714844 204.144287109375 421.6253662109375 640.0
9 266.8729248046875 272.3765869140625 314.08123779296875 302.71533203125
9 120.55567932128906 290.59014892578125 159.6874542236328 318.92974853515625
10 244.94473266601562 304.96380615234375 370.4872131347656 505.05255126953125