5 0.33046875 0.3828125 0.07734375 0.07578125
5 0.684375 0.40078125 0.05859375 0.0828125
3 0.67734375 0.54453125 0.06875 0.0453125
3 0.30859375 0.49921875 0.046875 0.04296875
3 0.3484375 0.5171875 0.0390625 0.0375
4 0.33515625 0.38359375 0.0578125 0.028125
4 0.68515625 0.39609375 0.06015625 0.028125
7 0.178125 0.71796875 0.05859375 0.0625
7 0.3 0.6671875 0.0546875 0.0625
7 0.73671875 0.7234375 0.0625 0.06640625
7 0.81171875 0.72890625 0.0515625 0.05859375
11 383.18463134765625 222.64854431152344 130.26422119140625 270.09046936035156
11 127.37278747558594 217.31114196777344 117.22320556640625 224.26136779785156
5 194.98202514648438 219.13987731933594 41.58306884765625 20.597015380859375
9 423.298583984375 256.66937255859375 24.53955078125 18.05963134765625
10 158.56768798828125 264.3179931640625 78.672607421875 75.04083251953125
10 409.9073791503906 273.56219482421875 75.79547119140625 84.4425048828125
5 420.6031188964844 228.16677856445312 35.12005615234375 18.77587890625
9 202.66578674316406 249.27154541015625 21.75146484375 18.29327392578125