4 0.275 0.27109375 0.05703125 0.0296875
0 0.253125 0.5140625 0.0453125 0.06640625
7 0.1890625 0.72890625 0.07578125 0.08828125
7 0.69453125 0.6765625 0.07265625 0.08984375
3 0.7125 0.52734375 0.04921875 0.075
2 0.2671875 0.253125 0.0828125 0.1109375
0 0.28359375 0.5078125 0.03515625 0.065625
7 0.246875 0.7171875 0.0703125 0.0828125
4 0.271875 0.06796875 0.0578125 0.034375
2 0.2671875 0.0796875 0.09296875 0.11328125
2 0.690625 0.03515625 0.10625 0.0703125
2 0.6828125 0.3109375 0.0984375 0.09375
11 95.09832763671875 122.51544189453125 105.2171630859375 367.14752197265625
2 141.34317016601562 124.85972595214844 62.21270751953125 48.21612548828125
10 330.0963134765625 205.192626953125 124.7054443359375 104.98907470703125
2 406.57421875 170.09909057617188 64.01025390625 54.53204345703125
10 112.09623718261719 188.6119384765625 56.877593994140625 129.70208740234375
11 275.75128173828125 165.89990234375 218.733642578125 474.10009765625
11 0.5649871826171875 0.0 210.39462280273438 106.48088073730469
9 153.91677856445312 178.13650512695312 21.8851318359375 26.088134765625