2 0.01484375 0.24765625 0.0296875 0.0390625
10 0.01796875 0.3375 0.0359375 0.096875
11 0.02109375 0.346875 0.0421875 0.24375
10 0.88515625 0.115625 0.2109375 0.23125
10 0.315625 0.13515625 0.053125 0.2359375
11 0.33125 0.234375 0.084375 0.46875
11 0.85859375 0.234375 0.2828125 0.46875
11 0.8811181897933456 0.49140625 0.04239657825883114 0.0359375
3 606.9159545898438 42.68372344970703 640.0 89.02082061767578
3 555.3382568359375 9.836116790771484 629.92822265625 50.87245178222656
2 0.02709197998046875 145.14688110351562 18.831260681152344 184.34555053710938
0 606.619384765625 40.58854293823242 639.937744140625 89.28431701660156
3 391.1234130859375 0.164031982421875 410.5289306640625 21.48434829711914
0 555.6471557617188 10.55141830444336 628.2173461914062 50.91146469116211