10 0.328125 0.08046875 0.2 0.1609375
11 0.084375 0.225 0.16875 0.45
11 0.27265625 0.225 0.4671875 0.45
12 0.9509196889095828 0.3292013159214127 0.034647710772388506 0.047274989337999784
11 0.95234375 0.225 0.0953125 0.45
9 0.39012711377400955 0.5995581745703681 0.058094301131468205 0.04911020934118149
2 0.41953125 0.50625 0.1734375 0.1125
10 0.09140625 0.728125 0.1828125 0.54375
10 0.35390625 0.790625 0.2796875 0.41875
11 0.3265625 0.725 0.44375 0.55
11 0.13515625 0.725 0.2703125 0.55
11 0.921875 0.725 0.15625 0.55
2 225.2671356201172 289.22320556640625 313.12261962890625 395.13140869140625
3 120.24813079833984 457.49615478515625 170.61373901367188 515.4326171875
4 227.6773223876953 342.67718505859375 295.74664306640625 366.65545654296875
3 0.0 60.48855972290039 37.5151481628418 117.17877197265625
5 204.2905731201172 353.0426940917969 223.44554138183594 376.8724670410156
3 111.32017517089844 417.1486511230469 159.6363983154297 468.8092956542969
3 146.33114624023438 108.15021514892578 193.02017211914062 178.23773193359375
3 10.889610290527344 133.5065460205078 51.37372970581055 189.4486846923828