2 0.55 0.415625 0.04140625 0.05234375
2 0.44140625 0.39375 0.046875 0.05625
2 0.29921875 0.39296875 0.053125 0.0765625
2 0.12890625 0.36328125 0.10703125 0.10546875
3 0.4765625 0.48359375 0.028125 0.028125
3 0.1765625 0.64453125 0.03984375 0.06015625
6 0.3 0.7359375 0.0625 0.04453125
2 0.01640625 0.41640625 0.0296875 0.07265625
3 0.0265625 0.63671875 0.0390625 0.04453125
3 0.2609375 0.52578125 0.021875 0.03359375
7 0.4125 0.6890625 0.046875 0.04921875
7 0.4625 0.675 0.05625 0.0375
3 0.5 0.5359375 0.021875 0.028125
3 0.578125 0.54296875 0.02578125 0.03359375
4 0.30625 0.40234375 0.0421875 0.0171875
4 0.44453125 0.396875 0.03359375 0.0203125
4 0.54453125 0.4203125 0.0359375 0.01875
4 0.01171875 0.4125 0.0234375 0.01875
4 0.13828125 0.37578125 0.06015625 0.0265625
6 0.31875 0.7046875 0.04375 0.03359375
6 0.3046875 0.92265625 0.06953125 0.046875
6 0.3125 0.95546875 0.08046875 0.0375
7 0.40859375 0.971875 0.0359375 0.0375
7 0.46015625 0.98515625 0.06015625 0.02890625
7 0.01328125 0.71015625 0.02578125 0.03359375
7 0.0515625 0.67890625 0.046875 0.04296875