7 0.56953125 0.61640625 0.03984375 0.04921875
7 0.50078125 0.6109375 0.0359375 0.06015625
2 0.3453125 0.38046875 0.0546875 0.06171875
2 0.43671875 0.36796875 0.0421875 0.05078125
2 0.5140625 0.36640625 0.03828125 0.05625
4 0.43515625 0.36875 0.03203125 0.01171875
4 0.50859375 0.36796875 0.02578125 0.0109375
4 0.3546875 0.384375 0.0296875 0.00859375
3 0.49375 0.4609375 0.025 0.03125
13 252.8878173828125 248.00323486328125 47.332763671875 69.46722412109375
13 199.85040283203125 255.0282440185547 39.746978759765625 71.09547424316406
13 309.11962890625 251.40289306640625 46.90478515625 67.66766357421875
11 248.83090209960938 216.66676330566406 55.56231689453125 193.52378845214844
2 266.8972473144531 217.96810913085938 24.69537353515625 18.083831787109375
11 197.91944885253906 224.26596069335938 52.356903076171875 178.7032470703125
2 206.22573852539062 225.51583862304688 32.669036865234375 19.836212158203125
2 314.83087158203125 216.09068298339844 25.2589111328125 20.02850341796875
11 302.8837890625 214.9600830078125 54.7801513671875 193.8861083984375
9 320.12237548828125 240.1002197265625 11.854248046875 10.1065673828125
9 271.32989501953125 241.22543334960938 14.238525390625 11.222564697265625