2 0.5734375 0.38671875 0.25390625 0.33984375
3 0.50078125 0.68671875 0.115625 0.14453125
4 0.58046875 0.43984375 0.13515625 0.08203125
2 0.44609375 0.37265625 0.10703125 0.20234375
2 271.10369873046875 127.84561157226562 166.8345947265625 176.14205932617188
11 481.3807373046875 0.57525634765625 158.6192626953125 639.4247436523438
11 222.65911865234375 0.0 254.1243896484375 185.38677978515625
10 306.2176513671875 231.1495361328125 237.4615478515625 240.12054443359375
11 234.76055908203125 103.6085205078125 352.71234130859375 536.3914794921875
2 266.81866455078125 0.0 185.130859375 83.85527038574219
13 266.963623046875 0.1028900146484375 186.375732421875 83.14599609375
10 524.7340698242188 217.47808837890625 115.26593017578125 344.42572021484375