10 0.12587461524694749 0.15546875 0.12302038524403187 0.196875
10 0.27998085314669907 0.12109375 0.1403169695529872 0.215625
10 0.54296875 0.096875 0.0921875 0.19375
9 0.11402003074160039 0.04453125 0.05499657220870695 0.053125
9 0.31171875 0.01015625 0.0390625 0.0203125
11 0.45703125 0.17734375 0.2640625 0.3546875
11 0.30234375 0.23203125 0.2359375 0.4640625
11 0.13515625 0.24296875 0.2703125 0.4859375
11 0.034375 0.31015625 0.06875 0.5390625
2 0.6538728711006799 0.25390625 0.0628454336450254 0.059375
9 0.6613717537124332 0.3078125 0.028306807181592397 0.03125
13 0.6982626996540988 0.4125 0.1324771984757483 0.2109375
13 0.61015625 0.409375 0.0421875 0.196875
11 0.625 0.39609375 0.071875 0.3671875
11 0.69609375 0.396875 0.1859375 0.365625
11 0.77578125 0.78984375 0.3734375 0.4203125
6 173.07276916503906 215.31915283203125 75.24456787109375 72.65997314453125
2 402.64947509765625 146.2713623046875 36.37139892578125 60.89385986328125
3 88.82308959960938 148.45687866210938 31.9971923828125 57.451812744140625
5 46.22605514526367 0.2146148681640625 48.167972564697266 45.674644470214844
2 403.0324401855469 146.0863037109375 36.178955078125 35.0728759765625
4 407.0985412597656 173.55642700195312 27.3809814453125 15.24072265625
1 406.567138671875 173.66098022460938 28.3631591796875 16.1199951171875
4 46.721858978271484 0.0 47.40182876586914 9.647308349609375
7 110.36280059814453 210.67831420898438 57.72356414794922 81.45440673828125