2 0.09453125 0.01640625 0.0890625 0.0328125
9 0.0921875 0.01015625 0.046875 0.0203125
9 0.2171875 0.05438389075426873 0.05625 0.06784202800763595
10 0.2328125 0.23815945408972308 0.184375 0.3318328973583625
13 0.06171875 0.19609375 0.1234375 0.3515625
11 0.08203125 0.3 0.1640625 0.6
11 0.2484375 0.3 0.346875 0.6
10 0.3734375 0.8834906827657228 0.059375 0.07100339067472702
5 0.3703125 0.8240793200986317 0.0296875 0.020657945337363516
9 0.36796875 0.8451457980983136 0.025 0.019040901336727246
11 0.36875 0.9046875 0.096875 0.190625
8 0.69375 0.9109375 0.3875 0.178125
5 0.70703125 0.7328125 0.4140625 0.25625
11 0.75 0.8 0.5 0.4
4 121.90177917480469 0.2138652801513672 51.618011474609375 31.505403518676758