2 0.37259924618937096 0.45859375 0.17559087334017515 0.1015625
2 0.3675430657657993 0.2609375 0.1381363251355733 0.109375
2 0.594064659149941 0.25390625 0.07211134933607007 0.040625
9 0.3638095325883121 0.290625 0.05021816861791066 0.0375
9 0.35268217680933434 0.5265625 0.03459316861791084 0.0375
10 0.609375 0.321875 0.059375 0.084375
10 0.4665987101832133 0.3671875 0.23725560206654456 0.2265625
10 0.4421875 0.5515625 0.2625 0.096875
11 0.596875 0.3078125 0.084375 0.146875
11 0.44328393003078814 0.38828125 0.29611349336070064 0.40625
11 0.3984375 0.5015625 0.421875 0.196875
11 0.769778252337691 0.0953125 0.028497704722264317 0.0640625
13 0.3221265475172309 0.88515625 0.04555793969514958 0.0421875
11 0.3221310926967707 0.8859375 0.058257927594901206 0.0765625
10 0.9703125 0.89296875 0.059375 0.2140625
2 0.9440197282353902 0.88515625 0.03478406615858276 0.0703125
2 0.9240344811622563 0.94140625 0.047129530054229464 0.04375
2 0.8902861950579029 0.91484375 0.025263620413308985 0.0453125
2 0.8093220204880638 0.8296875 0.12236587939029926 0.084375
2 0.7708594841873184 0.9328125 0.08633747579950324 0.06875
2 0.73828125 0.98046875 0.0515625 0.0390625
2 0.6796875 0.9578125 0.08125 0.084375
11 0.80390625 0.69921875 0.2734375 0.1984375
9 0.8419577793668582 0.93359375 0.0706761143631848 0.0625
11 0.9395094902374426 0.915625 0.04607609016268803 0.13125
11 0.9201509570599553 0.9453125 0.03786361436318479 0.0625
11 0.890625 0.8890625 0.21875 0.221875
11 0.775 0.94921875 0.08125 0.1015625
11 0.7640625 0.98046875 0.090625 0.0390625
11 0.80390625 0.94140625 0.3296875 0.1171875
2 205.60003662109375 268.866455078125 292.1755676269531 351.287841796875
2 491.743896484375 509.8139953613281 562.50537109375 620.18896484375
2 466.958984375 578.9984741210938 520.3712158203125 639.8923950195312
2 407.465576171875 594.8590087890625 457.3369140625 639.7166748046875
4 506.11517333984375 551.501953125 564.3123168945312 578.1033935546875
4 477.578369140625 611.9039306640625 520.8818359375 633.6685791015625
2 200.496826171875 134.6480712890625 280.08734130859375 202.755859375