9 0.1254116705628184 0.4992944554096354 0.1760544816532356 0.18226812021691713
10 0.07421875 0.55234375 0.1484375 0.0953125
5 0.41171875 0.39921875 0.3359375 0.3265625
11 0.28984375 0.3140625 0.5796875 0.571875
2 0.81484375 0.06875 0.1828125 0.1375
5 0.99453125 0.3 0.0109375 0.009375
10 0.9921875 0.3390625 0.015625 0.0375
10 0.990625 0.3515625 0.01875 0.11875
13 0.85 0.409375 0.3 0.38125
9 0.8179748578220811 0.2230905037124332 0.10368860226293633 0.09747496369925486
11 0.78984375 0.3 0.4203125 0.6
11 0.68671875 0.70546875 0.2140625 0.2109375
11 0.815625 0.8 0.36875 0.4
11 0.93671875 0.7359375 0.1265625 0.271875
2 464.29058837890625 0.6255035400390625 120.5145263671875 175.2440185546875
1 474.697265625 64.37676239013672 96.3885498046875 46.70249938964844
4 471.5791015625 63.635826110839844 97.86669921875 42.346343994140625