2 0.7515625 0.32421875 0.1609375 0.184375
2 0.31640625 0.34453125 0.2015625 0.2640625
2 0.1796875 0.35546875 0.06796875 0.103125
1 0.74609375 0.3375 0.1375 0.05078125
3 0.94921875 0.675 0.07578125 0.175
3 0.16953125 0.74140625 0.10234375 0.146875
1 0.34140625 0.35234375 0.1375 0.06171875
1 0.18046875 0.353125 0.06171875 0.02578125
2 0.0640625 0.38515625 0.06015625 0.07890625
3 0.178125 0.90625 0.11484375 0.128125
11 0.0 135.2706298828125 296.69482421875 504.7293701171875
11 378.7108154296875 140.03009033203125 249.483154296875 499.96990966796875
2 125.72787475585938 131.12982177734375 141.7159423828125 96.85595703125
2 430.8026123046875 139.926513671875 100.3909912109375 69.18646240234375
10 404.399658203125 269.8480224609375 163.155029296875 243.9930419921875
9 447.98858642578125 227.1220703125 48.0906982421875 36.10638427734375
2 90.952880859375 190.18670654296875 44.74072265625 37.86407470703125
9 103.09468078613281 232.02618408203125 28.259384155273438 21.080169677734375
9 196.46368408203125 237.40248107910156 53.169403076171875 47.53367614746094
2 21.30059814453125 222.16598510742188 35.442962646484375 28.815887451171875
10 72.3270263671875 272.3125 192.4024658203125 366.73577880859375
11 86.47247314453125 187.45880126953125 69.93450927734375 98.57965087890625
10 0.03144073486328125 248.11231994628906 97.07671356201172 173.01158142089844
11 0.0 215.9429931640625 93.54023742675781 206.5120849609375
9 32.39860534667969 253.46957397460938 19.542739868164062 16.30743408203125
11 2.9553070068359375 217.95751953125 84.94400024414062 92.099853515625