4 0.665625 0.3734375 0.17109375 0.0640625
2 0.67578125 0.33671875 0.2515625 0.26640625
2 0.2859375 0.41796875 0.1234375 0.1578125
4 0.28359375 0.434375 0.09921875 0.0390625
2 0.49921875 0.50234375 0.11875 0.12578125
4 0.496875 0.51328125 0.07734375 0.03046875
2 351.5665283203125 118.58355712890625 524.763916015625 232.566162109375
2 142.96426391601562 215.01596069335938 226.16412353515625 275.2646179199219
9 383.41162109375 256.72686767578125 454.46173095703125 308.9976806640625
2 280.25982666015625 277.6221008300781 357.98089599609375 330.1445617675781
10 352.397705078125 300.51763916015625 532.4400634765625 567.5867919921875
11 186.24412536621094 109.5784912109375 554.013916015625 640.0
11 11.819091796875 104.64569091796875 563.8179931640625 639.9821166992188
9 302.6288146972656 324.69195556640625 337.1675720214844 345.99072265625