2 0.10625 0.03515625 0.1375 0.0703125
9 0.12326374141579302 0.08388300930936472 0.056495439695149675 0.042842028007635945
10 0.15527174463724683 0.2217824513049104 0.22363852966144576 0.3057067493634532
11 0.1640625 0.225 0.328125 0.45
12 0.65703125 0.0171875 0.0359375 0.034375
12 0.82890625 0.0171875 0.0328125 0.034375
12 0.9625 0.0234375 0.025 0.046875
10 0.904576332167656 0.6130956052673666 0.18568401170746468 0.22714539735836253
9 0.87265625 0.478125 0.0828125 0.05625
11 0.83515625 0.71640625 0.3296875 0.5328125
0 41.34364318847656 97.4022216796875 76.13369750976562 42.455780029296875
2 28.94794464111328 0.0 86.74812316894531 70.02238464355469
4 48.23463439941406 14.570418357849121 57.39762878417969 30.21596622467041
3 11.612062454223633 123.55500793457031 54.59005546569824 48.846435546875
0 185.72857666015625 13.779098510742188 53.414642333984375 85.86611938476562
0 11.632072448730469 124.34852600097656 55.37843322753906 48.243927001953125
3 456.25018310546875 292.33251953125 50.0638427734375 69.8907470703125