2 0.859375 0.3234375 0.10078125 0.11640625
2 0.5453125 0.38203125 0.0609375 0.07890625
2 0.71171875 0.37578125 0.0625 0.084375
2 0.325 0.36796875 0.05625 0.07265625
2 0.1984375 0.37578125 0.071875 0.08828125
2 0.25703125 0.37890625 0.0453125 0.0671875
5 0.4421875 0.3953125 0.04765625 0.0546875
3 0.5875 0.48828125 0.04140625 0.0296875
3 0.4609375 0.53984375 0.02421875 0.0296875
3 0.38359375 0.55390625 0.0234375 0.0265625
5 0.3546875 0.3765625 0.0296875 0.04921875
5 0.67578125 0.3703125 0.03203125 0.046875
5 0.6484375 0.371875 0.028125 0.046875
3 0.659375 0.509375 0.03359375 0.03359375
3 0.2765625 0.5609375 0.03125 0.0265625
3 0.12734375 0.6203125 0.03984375 0.04453125
7 0.5796875 0.76015625 0.0578125 0.05859375
7 0.490625 0.690625 0.04296875 0.03203125
7 0.43046875 0.6984375 0.04296875 0.0390625
7 0.71328125 0.7375 0.06171875 0.0484375
7 0.6859375 0.7125 0.06015625 0.04453125
7 0.3546875 0.72265625 0.040625 0.0484375
7 0.31640625 0.71796875 0.04140625 0.04921875
7 0.228125 0.7578125 0.06796875 0.05078125
7 0.1765625 0.8 0.0421875 0.0578125
7 0.18046875 0.86953125 0.0453125 0.0578125
7 0.23046875 0.90859375 0.075 0.06171875
7 0.8046875 0.80859375 0.0703125 0.05859375
7 0.80859375 0.865625 0.090625 0.0546875
7 0.7078125 0.92265625 0.0453125 0.04453125
7 0.68203125 0.95078125 0.05703125 0.03515625
7 0.58359375 0.90625 0.06171875 0.05078125
7 0.546875 0.93046875 0.06484375 0.05078125
7 0.42734375 0.96171875 0.04375 0.0359375
7 0.48828125 0.96875 0.04921875 0.0390625
7 0.3546875 0.94296875 0.04140625 0.04453125
7 0.3140625 0.9453125 0.034375 0.0453125
7 0.64375 0.6515625 0.04375 0.03359375
4 0.84375 0.334375 0.06328125 0.03203125
4 0.7046875 0.3796875 0.05 0.02578125
1 0.55 0.384375 0.04140625 0.03203125
1 0.44453125 0.3953125 0.046875 0.0203125
4 0.203125 0.384375 0.046875 0.01875
4 0.25546875 0.3828125 0.0375 0.01640625
4 0.32421875 0.37578125 0.046875 0.0203125
11 326.1605529785156 211.93048095703125 86.23193359375 289.66766357421875
2 512.412353515625 167.30593872070312 72.169677734375 47.726715087890625
2 101.14790344238281 209.4588623046875 50.97645568847656 33.131591796875
11 162.23306274414062 208.587646484375 97.29672241210938 267.22998046875
11 249.0150146484375 230.2487335205078 80.026123046875 229.10313415527344
11 50.76455307006836 207.89605712890625 121.61877822875977 320.17388916015625
11 488.817138671875 165.200927734375 124.553466796875 474.799072265625
10 501.7456970214844 237.9807586669922 93.13015747070312 208.04786682128906
11 416.669921875 206.3291473388672 82.1292724609375 281.11219787597656
10 335.28302001953125 258.9762878417969 65.8919677734375 104.2119140625
2 327.1265563964844 215.31704711914062 40.55767822265625 31.686859130859375
2 186.65826416015625 211.07144165039062 46.571502685546875 27.13861083984375
2 433.698486328125 212.39630126953125 46.9007568359375 31.232696533203125
11 389.30194091796875 215.64605712890625 55.6551513671875 212.64495849609375
11 135.0533447265625 217.6317596435547 50.0172119140625 227.48487854003906
9 520.8182373046875 219.1919403076172 22.5733642578125 22.237823486328125
10 426.986572265625 263.04449462890625 61.6126708984375 98.6719970703125
2 147.08181762695312 220.4605712890625 34.93914794921875 23.061737060546875
9 278.0572509765625 257.2168884277344 19.11053466796875 14.4368896484375
9 343.6949768066406 249.10516357421875 21.03466796875 15.5126953125
12 506.73309326171875 0.08150863647460938 84.4967041015625 41.198570251464844
10 81.44717407226562 266.392578125 77.96258544921875 129.771484375
10 396.38812255859375 254.00872802734375 43.2591552734375 76.60943603515625
9 436.649169921875 248.14926147460938 20.9039306640625 14.29150390625
9 202.04510498046875 244.62197875976562 20.9952392578125 13.49407958984375
9 160.08334350585938 248.09799194335938 14.23956298828125 13.81072998046875
11 311.8238220214844 214.66033935546875 41.9962158203125 202.14288330078125
10 167.1148681640625 257.1085205078125 74.844482421875 95.4288330078125
9 126.19280242919922 251.70956420898438 17.13837432861328 15.27117919921875
10 141.63076782226562 262.0030517578125 31.439788818359375 93.94732666015625
5 265.5648193359375 232.67434692382812 32.261474609375 19.134429931640625
9 412.58892822265625 239.23260498046875 18.7052001953125 14.580322265625
10 261.78375244140625 271.2525634765625 56.25152587890625 68.314697265625
9 418.5712890625 241.85403442382812 17.6724853515625 14.23565673828125
9 415.29071044921875 239.80421447753906 18.91387939453125 15.41912841796875
2 408.98638916015625 218.18653869628906 31.369873046875 15.997528076171875