2 0.33212319535249046 0.267435401351301 0.0896897347764936 0.10833065046753818
2 0.67109375 0.3171875 0.1578125 0.21875
2 0.46913738202257804 0.31742124493183443 0.09277837334017516 0.10209883118569749
2 0.05390625 0.0875 0.1078125 0.1625
5 0.20399819535249045 0.26818081079582967 0.08948065651766246 0.07239315046753828
5 0.5840447645361353 0.32769060353948254 0.06924996974937905 0.08633747579950324
9 0.02734375 0.22578125 0.0546875 0.1046875
9 0.1803294120768073 0.3628529613615637 0.04728406615858276 0.07058521077238851
9 0.32325271028140923 0.3542086935057787 0.04556703005422946 0.0440136204133089
9 0.46419587284919583 0.4080780611886131 0.04873748184962743 0.05184430113146821
9 0.5901816559284873 0.44250253728270383 0.0519261143631848 0.06279998184962743
9 0.6620702914671067 0.44442813076504145 0.06445338544042371 0.06756020472226432
10 0.6609375 0.49140625 0.178125 0.1953125
10 0.584375 0.5265625 0.1 0.125
10 0.4546875 0.50078125 0.15 0.1765625
10 0.2953125 0.47578125 0.159375 0.2265625
10 0.10390625 0.47578125 0.1640625 0.2265625
11 0.0609375 0.29453125 0.121875 0.5890625
11 0.14765625 0.4015625 0.2953125 0.375
11 0.28125 0.39453125 0.296875 0.3890625
11 0.4515625 0.42421875 0.271875 0.3296875
11 0.5671875 0.43515625 0.240625 0.3078125
11 0.62578125 0.3984375 0.2484375 0.38125
2 0.575465691836449 0.8813559590238726 0.03300339754067192 0.033003397540672094
2 0.2907952551663614 0.8322291543763631 0.048710210772388504 0.04715680113146803
2 0.2516463967551051 0.8176126633533535 0.03460225897699054 0.03926248789975162
2 0.218620273316734 0.7810848108940255 0.048728391490547904 0.050281801131468205
2 0.10852765583029136 0.7926631812091386 0.03145907825883123 0.0361193071815924
2 0.0950146016737611 0.7528966992613153 0.03459316861791084 0.03769998789975162
2 0.03601685157556522 0.8180858829063407 0.034547716822512696 0.029887487899751618
9 0.20085151121648562 0.8155643500234412 0.014153403590796287 0.01570681323171641
9 0.2518327491162372 0.8496439133533535 0.020430674668035033 0.02043067466803521
9 0.2761833093228917 0.8721592627876195 0.02200226502711473 0.02200226502711473
8 0.5678304538385015 0.9118701608192709 0.023555674668035032 0.020448855386194252
13 0.56171875 0.96015625 0.0703125 0.0796875
13 0.30234375 0.93046875 0.0890625 0.1390625
13 0.2459190924021831 0.9074927747896719 0.06320904800821019 0.1222386143631848
13 0.19971171291368783 0.8882296903825206 0.08359427088084707 0.13485678903121964
13 0.10542135742929774 0.9301859071068377 0.04110678903121982 0.08304884933607007
13 0.07930830932289168 0.8733046480316513 0.0790340359079618 0.156704517953981
13 0.02421875 0.90625 0.0484375 0.14375
11 0.03046875 0.8984375 0.0609375 0.203125
11 0.06875 0.8625 0.1375 0.275
11 0.09453125 0.8859375 0.1171875 0.228125
11 0.18515625 0.875 0.1421875 0.25
11 0.23515625 0.896875 0.1078125 0.20625
11 0.284375 0.903125 0.15 0.19375
11 0.54375 0.92734375 0.134375 0.1453125
2 0.7875 0.73671875 0.075 0.0578125
2 0.9056566650036736 0.7913587146812134 0.0849931444174139 0.10674087939029935
9 0.9026316589535494 0.8085643953993727 0.04401362041330899 0.04556703005422937
9 0.7734375 0.82109375 0.046875 0.0640625
13 0.903125 0.92265625 0.19375 0.1546875
11 0.87890625 0.86328125 0.2421875 0.2734375
11 0.8078125 0.79453125 0.115625 0.4109375
2 375.89581298828125 138.54296875 478.70684814453125 318.23626708984375
5 93.68312072753906 153.01495361328125 151.81333923339844 247.0650634765625
2 188.7354736328125 142.87277221679688 235.927490234375 236.79592895507812
2 0.0 9.122116088867188 55.515018463134766 179.64251708984375
2 273.57861328125 174.85137939453125 325.5863037109375 273.260498046875
2 354.83306884765625 555.0733642578125 378.05047607421875 591.8804931640625
2 172.43173217773438 518.7264404296875 201.17269897460938 556.7679443359375
2 49.15966796875 472.218017578125 72.15740966796875 509.16351318359375
2 150.3135986328125 511.86578369140625 172.30194091796875 540.2681274414062
2 479.640625 454.121337890625 522.0775146484375 548.0740966796875
4 0.5243606567382812 81.84561157226562 45.30902862548828 135.54754638671875
4 100.08241271972656 186.2144775390625 147.8184356689453 212.66900634765625
4 190.03057861328125 194.53945922851562 230.5758056640625 213.83633422851562
3 13.954901695251465 596.2018432617188 29.395301818847656 620.6589965820312
4 276.23211669921875 223.91949462890625 319.9351806640625 244.59112548828125
4 480.67755126953125 484.3656311035156 518.56787109375 510.1056823730469
4 386.1684875488281 231.00119018554688 450.6413269042969 312.7049255371094