2 0.375 0.29140625 0.14609375 0.19140625
0 0.43203125 0.65625 0.0921875 0.065625
3 0.8078125 0.5625 0.06875 0.0375
4 0.36171875 0.3203125 0.10546875 0.0640625
4 0.8546875 0.33671875 0.07109375 0.03046875
2 0.85859375 0.32265625 0.11328125 0.128125
2 0.36953125 0.09609375 0.1484375 0.184375
2 0.86796875 0.0640625 0.11640625 0.128125
0 0.33828125 0.58046875 0.08046875 0.07890625
7 0.06796875 0.66875 0.103125 0.12734375
7 0.26875 0.61484375 0.0796875 0.08046875
3 0.821875 0.51875 0.059375 0.046875
4 0.3671875 0.04921875 0.10546875 0.065625
4 0.8546875 0.03984375 0.075 0.03046875
2 203.02340698242188 124.70355987548828 286.68511962890625 210.857421875
2 513.9925537109375 163.8754425048828 587.8870849609375 208.7141571044922
10 120.82278442382812 204.373779296875 249.45529174804688 389.9171142578125
11 477.51324462890625 160.1398162841797 640.0 414.43182373046875
10 559.9259033203125 215.91160583496094 639.9105224609375 393.352294921875
9 536.888916015625 218.06771850585938 570.606201171875 242.01864624023438
11 98.35867309570312 122.5107421875 290.90960693359375 430.354736328125
9 202.9859619140625 214.48126220703125 240.6151123046875 247.7457275390625
2 201.95364379882812 28.907867431640625 286.87579345703125 122.40461730957031
11 57.57506561279297 0.12541961669921875 286.10443115234375 120.88875579833984