2 0.528125 0.13359375 0.04140625 0.053125
2 0.44765625 0.1859375 0.03515625 0.04296875
2 0.19140625 0.13984375 0.046875 0.05859375
2 0.2546875 0.1578125 0.03515625 0.04296875
2 0.3640625 0.35625 0.04453125 0.04140625
2 0.7515625 0.2109375 0.02734375 0.01875
5 0.346875 0.1390625 0.04296875 0.05078125
3 0.37890625 0.29296875 0.02109375 0.025
2 0.00859375 0.1375 0.0171875 0.053125
2 0.4265625 0.1921875 0.025 0.0265625
7 0.21640625 0.42578125 0.03359375 0.04296875
7 0.1859375 0.43203125 0.04140625 0.03359375
7 0.28515625 0.4125 0.03671875 0.03984375
7 0.3546875 0.42421875 0.05234375 0.0390625
7 0.55625 0.41171875 0.0375 0.04375
7 0.51875 0.41796875 0.03046875 0.03984375
7 0.45390625 0.3984375 0.03125 0.0359375
2 0.6765625 0.23203125 0.01875 0.02265625
7 0.42578125 0.39140625 0.02578125 0.03203125
7 0.7375 0.35703125 0.0203125 0.0234375
7 0.759375 0.35078125 0.01953125 0.0203125
0 0.72578125 0.29609375 0.01171875 0.0203125
0 0.7828125 0.2890625 0.01484375 0.01796875
3 0.1375 0.29921875 0.02890625 0.02734375