0 0.3359375 0.66875 0.1015625 0.08515625
0 0.6734375 0.5703125 0.09296875 0.0890625
0 0.4578125 0.4453125 0.09453125 0.11328125
2 0.27734375 0.3578125 0.17265625 0.21171875
2 0.79140625 0.3703125 0.16953125 0.203125
4 0.7828125 0.396875 0.125 0.0421875
4 0.27890625 0.38828125 0.10703125 0.05703125
0 0.75 0.60078125 0.06875 0.09140625
2 130.01449584960938 163.67715454101562 231.81619262695312 250.24026489257812
11 409.57470703125 162.9125213623047 633.3316650390625 640.0
2 450.80242919921875 168.81031799316406 570.4765625 247.14610290527344
11 43.84185791015625 137.62896728515625 297.970947265625 640.0
9 160.21881103515625 261.829833984375 197.5765380859375 294.4886474609375
9 474.46234130859375 254.7452392578125 518.0501708984375 300.1295166015625
10 434.24603271484375 286.70013427734375 618.5686645507812 639.7186279296875
10 81.56311798095703 293.38470458984375 201.42987060546875 483.13690185546875
10 442.87078857421875 285.9780578613281 609.8784790039062 483.7409973144531