12 0.26171875 0.00546875 0.0078125 0.0109375
12 0.31430235275391566 0.013546953936697382 0.007957945745273776 0.025045451795398143
12 0.31868078054520865 0.06669922501393626 0.015897710772388506 0.0469659035907962
12 0.36185860880403986 0.031011709888625737 0.009547716822512698 0.029742042154477667
12 0.38277509680198724 0.06160317973620062 0.01272725897699054 0.03913522287263689
12 0.38989270521324365 0.046800336352058915 0.009574987899751619 0.03442954215447767
12 0.18670861787922616 0.055774839671708556 0.01751475292686635 0.05634999394987581
12 0.02578125 0.0265625 0.0171875 0.053125
12 0.23792568423420066 0.11544982152133594 0.027026108313060425 0.07984203610435348
12 0.4597779583365016 0.12064690251064167 0.022256795081343837 0.06575226502711465
12 0.5224052233636163 0.09913551687382638 0.014326120413308985 0.04539431323171659
12 0.5006893046475096 0.07166450184671173 0.011155668617910841 0.03756363251355736
12 0.4430404311109427 0.04320315856076586 0.009547716822512698 0.029742042154477667
12 0.369739286497137 0.019338411684023837 0.007948855386194253 0.023482951795398055
12 0.3 0.0046875 0.00625 0.009375
8 0.846875 0.22109375 0.30625 0.2796875
10 0.809375 0.353125 0.38125 0.1125
11 0.809375 0.2046875 0.38125 0.409375
13 0.91484375 0.5421875 0.1703125 0.265625
11 0.896875 0.7046875 0.20625 0.590625
3 603.64453125 260.7677001953125 639.86865234375 296.66162109375
1 580.4373779296875 295.9662170410156 639.1802978515625 362.5776062011719