4 0.30703125 0.31015625 0.06015625 0.0265625
4 0.6640625 0.2875 0.07265625 0.025
4 0.4375 0.340625 0.05234375 0.02421875
4 0.7765625 0.33125 0.06171875 0.0265625
1 0.9578125 0.31953125 0.07734375 0.0375
3 0.21875 0.60078125 0.04140625 0.06171875
3 0.41015625 0.590625 0.0375 0.053125
3 0.5046875 0.50234375 0.03046875 0.0453125
3 0.575 0.62265625 0.04765625 0.08515625
3 0.84375 0.63203125 0.04140625 0.07578125
2 0.0546875 0.23125 0.103125 0.14921875
2 0.309375 0.3 0.09765625 0.13203125
2 0.665625 0.28125 0.1015625 0.1484375
2 0.9546875 0.30546875 0.08984375 0.15078125
2 0.77421875 0.3296875 0.08984375 0.109375
2 0.4375 0.30078125 0.0765625 0.053125
2 0.24921875 0.31796875 0.0625 0.10390625
2 0.3546875 0.32421875 0.05234375 0.06640625
3 0.57890625 0.3609375 0.05078125 0.04453125
3 0.76171875 0.57890625 0.04921875 0.04765625
7 0.22265625 0.76953125 0.07265625 0.07421875
7 0.41484375 0.7421875 0.06484375 0.059375
7 0.4734375 0.7046875 0.03828125 0.05703125
10 374.32080078125 221.93539428710938 111.7978515625 136.89007568359375
2 579.96044921875 148.66458129882812 60.03955078125 46.055999755859375
10 554.8427734375 235.30572509765625 85.1572265625 117.361083984375
2 469.48553466796875 177.72576904296875 50.7869873046875 36.91949462890625
11 534.1008911132812 145.63031005859375 105.85791015625 494.36968994140625
2 391.476806640625 131.6702880859375 63.64288330078125 47.846923828125
11 344.42333984375 130.17437744140625 160.83740234375 509.82562255859375
2 142.7100830078125 168.5287628173828 34.00091552734375 48.876312255859375
11 240.72073364257812 171.41403198242188 89.59136962890625 311.896240234375
2 0.0 98.74952697753906 65.03257751464844 51.45133972167969
10 146.79434204101562 233.6903533935547 97.37188720703125 117.84352111816406
2 168.0213623046875 148.95260620117188 56.10662841796875 46.348876953125
10 249.61166381835938 224.94821166992188 64.84478759765625 137.41693115234375
9 594.7276000976562 209.44589233398438 41.906494140625 24.018798828125
10 493.5921325683594 245.26974487304688 49.606231689453125 101.18426513671875
11 110.70297241210938 150.37066650390625 151.0404052734375 391.42022705078125
2 258.65814208984375 172.96377563476562 40.4244384765625 39.8438720703125
11 468.923095703125 174.3699951171875 81.58544921875 323.59368896484375
9 179.59707641601562 206.47666931152344 32.474609375 24.98187255859375
9 402.7249450683594 195.9554443359375 41.45916748046875 27.043182373046875
9 486.1978759765625 223.02197265625 23.7764892578125 18.64208984375
11 0.0 95.28204345703125 76.06228637695312 544.7179565429688
2 448.0019836425781 173.1053466796875 31.07513427734375 29.80029296875
2 215.03469848632812 188.38824462890625 25.6597900390625 22.030914306640625
13 0.0 186.55364990234375 37.81101608276367 151.5706787109375
10 0.2278594970703125 187.01507568359375 49.73915100097656 151.520263671875
9 223.59544372558594 215.7989501953125 13.218658447265625 14.92388916015625
9 10.616069793701172 159.12118530273438 28.06664276123047 32.34625244140625
11 214.26370239257812 188.28253173828125 28.0572509765625 48.2000732421875
9 269.30010986328125 220.71249389648438 21.4947509765625 14.4312744140625