2 0.6359375 0.48046875 0.0640625 0.07734375
2 0.5390625 0.5828125 0.06484375 0.06015625
3 0.04296875 0.5953125 0.0859375 0.1171875
2 0.73515625 0.48984375 0.06171875 0.04296875
2 0.67578125 0.41328125 0.04453125 0.05234375
3 0.046875 0.4140625 0.05390625 0.06484375
11 0.0 0.0 223.41888427734375 640.0
2 327.51983642578125 356.7908020019531 362.72259521484375 384.1554260253906
11 341.66937255859375 225.6510772705078 392.2545166015625 355.76312255859375
11 321.66571044921875 350.8018798828125 439.58746337890625 633.1961669921875
2 455.842041015625 300.04241943359375 479.3187255859375 318.529052734375
10 351.1856689453125 253.10784912109375 386.370849609375 292.53411865234375
11 308.85009765625 243.9062042236328 639.9376220703125 639.7835083007812
13 420.09197998046875 311.1414794921875 495.89678955078125 424.17236328125