2 0.35703125 0.40234375 0.128125 0.16328125
2 0.66640625 0.3921875 0.1546875 0.1828125
0 0.45078125 0.69296875 0.09609375 0.05859375
4 0.65390625 0.4109375 0.0921875 0.05625
2 0.35 0.4203125 0.1 0.0546875
0 0.5109375 0.6828125 0.084375 0.06640625
0 0.453125 0.96953125 0.078125 0.0609375
2 375.65618896484375 185.54461669921875 473.78558349609375 269.4245910644531
11 20.6968994140625 195.0863800048828 287.514892578125 640.0
2 181.270751953125 199.68597412109375 271.361328125 273.3674011230469
9 201.06903076171875 278.1568603515625 237.2774658203125 307.2906494140625
10 90.42799377441406 291.34063720703125 252.1564178466797 497.03973388671875
11 250.4642333984375 180.0142822265625 598.9089965820312 639.9788208007812
11 376.0623779296875 178.92706298828125 603.0324096679688 640.0
9 408.7713317871094 269.39324951171875 438.9898986816406 298.58917236328125
10 412.38330078125 270.87939453125 567.185302734375 526.2784423828125