2 0.22421875 0.30078125 0.08125 0.11953125
2 0.36328125 0.34453125 0.08671875 0.12734375
2 0.5640625 0.2875 0.0796875 0.11796875
2 0.50390625 0.365625 0.0796875 0.1125
2 0.67265625 0.3578125 0.08359375 0.11640625
2 0.81875 0.3015625 0.09609375 0.128125
4 0.23046875 0.3046875 0.06640625 0.0203125
4 0.3640625 0.34609375 0.06796875 0.0203125
4 0.5046875 0.37265625 0.0703125 0.02578125
4 0.67265625 0.3640625 0.06484375 0.02421875
4 0.81875 0.31015625 0.07734375 0.02265625
4 0.56796875 0.29375 0.0640625 0.02265625
3 0.87265625 0.67890625 0.07421875 0.075
3 0.32109375 0.5546875 0.05625 0.046875
3 0.87265625 0.975 0.08046875 0.04921875
2 0.8234375 0.04765625 0.103125 0.0953125
2 0.565625 0.0515625 0.08828125 0.103125
2 0.22578125 0.04921875 0.0859375 0.0953125
4 0.8234375 0.0203125 0.07890625 0.03515625
4 0.5609375 0.03515625 0.075 0.03359375
4 0.2265625 0.03046875 0.08125 0.03046875
13 473.9154052734375 231.04489135742188 111.453857421875 185.75244140625