2 0.51328125 0.3390625 0.1421875 0.203125
2 0.2875 0.334375 0.1875 0.23046875
4 0.50390625 0.35859375 0.109375 0.02421875
3 0.51328125 0.56796875 0.1015625 0.0828125
3 0.5828125 0.58984375 0.11015625 0.07890625
3 0.41328125 0.8078125 0.0609375 0.06328125
4 0.33359375 0.36640625 0.08984375 0.046875
2 122.90020751953125 138.6621856689453 123.470703125 85.29501342773438
2 280.1814270019531 149.37078857421875 97.957763671875 77.3670654296875
11 201.94760131835938 147.9193115234375 235.118896484375 492.0806884765625
11 66.39181518554688 135.30572509765625 190.02899169921875 504.69427490234375
10 83.0843505859375 276.1767578125 135.24801635742188 299.625244140625
10 244.50469970703125 269.63726806640625 145.34979248046875 128.70941162109375
9 290.03466796875 239.03759765625 47.1934814453125 31.75714111328125