2 0.57421875 0.2234375 0.0734375 0.09296875
2 0.73671875 0.37109375 0.06953125 0.0890625
2 0.9328125 0.371875 0.07421875 0.0875
0 0.5359375 0.325 0.0375 0.05234375
0 0.61640625 0.440625 0.0328125 0.0375
0 0.7515625 0.47734375 0.0546875 0.04375
0 0.9171875 0.47890625 0.0578125 0.0359375
4 0.575 0.23671875 0.059375 0.0296875
7 0.55 0.5203125 0.0546875 0.0625
2 342.73907470703125 109.68207550048828 56.57470703125 42.68291473388672
2 448.2061462402344 206.6757354736328 48.38153076171875 42.192138671875
2 571.8111572265625 207.29945373535156 47.2427978515625 42.45208740234375
11 542.0511474609375 203.99725341796875 97.773681640625 183.2208251953125
10 421.1832275390625 258.00714111328125 74.511474609375 75.530517578125
9 349.25274658203125 151.2435302734375 31.343994140625 21.483184814453125
10 255.3441162109375 172.87200927734375 109.77923583984375 100.53701782226562
10 576.86376953125 259.8014221191406 63.13623046875 112.5992431640625
11 544.6363525390625 202.298095703125 95.1400146484375 307.16943359375
11 368.06298828125 204.07278442382812 154.6839599609375 182.9122314453125
9 455.45611572265625 251.15374755859375 23.49072265625 16.38128662109375
10 575.7513427734375 259.1636962890625 64.2486572265625 75.531005859375