2 0.275 0.3671875 0.08125 0.09609375
2 0.4640625 0.4 0.0609375 0.0828125
2 0.67734375 0.4140625 0.06875 0.08984375
2 0.8578125 0.41171875 0.10078125 0.1140625
1 0.66875 0.42578125 0.0625 0.01875
4 0.46796875 0.40390625 0.053125 0.0203125
4 0.85078125 0.41875 0.08828125 0.02109375
4 0.2828125 0.37265625 0.08125 0.02578125
3 0.21875 0.65546875 0.04140625 0.04921875
3 0.34453125 0.6421875 0.03359375 0.04921875
3 0.40859375 0.62890625 0.03359375 0.04296875
3 0.6078125 0.6421875 0.02890625 0.0359375
3 0.73515625 0.64765625 0.03671875 0.03203125
3 0.55 0.5828125 0.03359375 0.0390625
3 0.80390625 0.66796875 0.028125 0.03203125
3 0.8546875 0.71484375 0.05078125 0.03515625
7 0.51953125 0.81171875 0.05078125 0.04921875
7 0.44609375 0.81328125 0.0484375 0.0546875
11 497.00146484375 225.49256896972656 122.1602783203125 414.50743103027344
2 146.86297607421875 201.164306640625 55.8245849609375 40.024017333984375
10 132.9708251953125 270.194091796875 79.5445556640625 145.429443359375
11 374.7648010253906 232.5340576171875 117.46533203125 407.4659423828125
2 518.567138671875 226.267578125 64.020751953125 44.8736572265625
10 395.34375 296.5701904296875 78.3001708984375 108.6884765625
11 105.09934997558594 198.74090576171875 128.21002197265625 441.15826416015625
11 237.941650390625 223.27911376953125 131.175537109375 416.65777587890625
2 411.33245849609375 233.36740112304688 44.7056884765625 39.27984619140625
2 275.31640625 226.06558227539062 40.1131591796875 32.42254638671875
10 512.646484375 305.07135009765625 96.785888671875 155.510986328125
9 288.90521240234375 264.84832763671875 22.8148193359375 16.7064208984375
9 171.52932739257812 244.755859375 27.21649169921875 16.50494384765625
9 413.49530029296875 276.059326171875 21.5640869140625 15.014892578125
10 260.54833984375 284.92669677734375 86.2833251953125 103.2899169921875
9 523.0790405273438 273.338623046875 25.9798583984375 16.0018310546875