2 0.46015625 0.4484375 0.0625 0.08515625
1 0.46171875 0.45078125 0.05546875 0.0203125
2 0.72421875 0.3859375 0.0671875 0.0703125
2 0.7265625 0.3328125 0.03671875 0.03359375
2 0.9453125 0.3640625 0.04609375 0.04921875
3 0.38828125 0.64375 0.0390625 0.04296875
3 0.67734375 0.53203125 0.04296875 0.03046875
3 0.77109375 0.5296875 0.040625 0.03046875
3 0.975 0.4171875 0.0265625 0.028125
3 0.9234375 0.41484375 0.02578125 0.028125
7 0.78125 0.7765625 0.06796875 0.0578125
7 0.6953125 0.76015625 0.06328125 0.0484375
2 272.56658935546875 258.6519775390625 312.68218994140625 288.13531494140625
11 231.64300537109375 256.08172607421875 346.75537109375 639.88623046875
2 440.591796875 218.435546875 487.27587890625 253.67608642578125
11 394.36956787109375 212.0208740234375 536.131103515625 586.8348388671875
11 555.335693359375 215.6986083984375 626.9599609375 341.224853515625
2 595.0842895507812 219.35690307617188 618.1549682617188 241.89700317382812
10 564.224609375 232.824462890625 600.830078125 271.26995849609375
10 432.19891357421875 259.01336669921875 502.16998291015625 347.61834716796875
10 253.76365661621094 313.67803955078125 313.301025390625 394.27154541015625
13 253.3370361328125 314.4716491699219 313.2633056640625 393.7223205566406
9 280.81585693359375 294.4718322753906 302.73248291015625 315.4730529785156