11 0.11640625 0.234375 0.2328125 0.46875
11 0.0703125 0.234375 0.140625 0.46875
11 0.30703125 0.234375 0.2765625 0.46875
11 0.47578125 0.234375 0.2859375 0.46875
9 0.5213967143866258 0.04149277792809421 0.05499657220870695 0.053761346674090583
9 0.35546875 0.01640625 0.0546875 0.0328125
10 0.4866212177062755 0.24500867659932127 0.1991112283335859 0.38666584802672616
10 0.3253206242239379 0.17501544462127488 0.15801352966144577 0.3049431333545446
10 0.11796875 0.178125 0.1765625 0.35625
10 0.04609375 0.23046875 0.0921875 0.4609375
3 181.5616455078125 164.7431640625 212.24981689453125 206.28289794921875
2 304.0322570800781 0.0 361.8882141113281 37.54229736328125
5 305.33123779296875 0.0 361.2757568359375 37.789039611816406
4 312.9632263183594 0.0 354.3905944824219 14.5574951171875
4 306.9989013671875 0.0 358.1966552734375 8.979013442993164
2 198.5638427734375 0.0 259.7560729980469 19.298473358154297