2 0.403125 0.52578125 0.04921875 0.05
2 0.58984375 0.55234375 0.04609375 0.0515625
0 0.41875 0.57109375 0.03203125 0.02578125
7 0.34609375 0.74296875 0.03828125 0.03984375
7 0.43828125 0.740625 0.05546875 0.03203125
7 0.3453125 0.91796875 0.0359375 0.04140625
7 0.43671875 0.91796875 0.06953125 0.03515625
11 206.84231567382812 315.59759521484375 283.3016052246094 482.73406982421875
10 219.87127685546875 344.877197265625 261.15972900390625 409.95465087890625
5 244.0598907470703 317.56439208984375 274.05609130859375 341.10577392578125
9 246.81729125976562 342.72735595703125 257.6314392089844 351.99224853515625