2 0.48359375 0.33671875 0.06484375 0.1265625
1 0.48125 0.36875 0.02578125 0.05390625
0 0.453125 0.55859375 0.08046875 0.0984375
7 0.7578125 0.79375 0.10859375 0.20859375
0 0.45234375 0.62421875 0.059375 0.06640625
7 0.76171875 0.74375 0.1140625 0.13515625
2 286.81866455078125 177.58731079101562 332.94549560546875 248.03341674804688
11 283.965576171875 171.54733276367188 481.892822265625 359.3592834472656
10 321.86932373046875 205.62774658203125 454.97015380859375 356.41632080078125
11 414.6497802734375 389.38543701171875 524.5728759765625 578.2592163085938
9 311.32623291015625 233.42489624023438 326.48638916015625 263.02130126953125