2 0.40078125 0.38203125 0.146875 0.16328125
0 0.321875 0.60390625 0.1265625 0.08046875
7 0.1953125 0.7328125 0.14375 0.13125
0 0.37109375 0.71171875 0.08671875 0.06953125
4 0.3875 0.39375 0.05078125 0.08515625
2 0.5953125 0.58359375 0.02265625 0.02421875
11 23.670196533203125 193.02734375 309.8863525390625 639.7353515625
10 55.29791259765625 229.1000518798828 223.84124755859375 434.20465087890625
2 374.0051574707031 367.636474609375 384.8663024902344 376.621826171875
9 209.3416748046875 246.00686645507812 252.79412841796875 288.5728454589844
11 369.366455078125 367.43463134765625 393.036865234375 423.53900146484375
10 377.6718444824219 380.75042724609375 391.4394836425781 408.2799072265625
2 222.13919067382812 196.23214721679688 308.6625061035156 287.6820373535156