9 0.8705467658126815 0.29514679001317834 0.10369769262201593 0.09903746369925485
9 0.6777143711988758 0.27283194935951116 0.12577268052176754 0.1335397287263694
5 0.6837239975641131 0.17983138310273256 0.10813066256778665 0.0553147347764936
5 0.8391882023845734 0.17970814237431054 0.11764201795398073 0.07880677693097135
10 0.71171875 0.359375 0.3546875 0.140625
10 0.90546875 0.36875 0.1890625 0.121875
11 0.88359375 0.25859375 0.2328125 0.3421875
11 0.709375 0.2703125 0.58125 0.31875
5 391.15716552734375 99.22138214111328 476.93353271484375 218.83880615234375
4 519.36083984375 133.31417846679688 588.353759765625 184.24984741210938
4 404.0185241699219 119.53173828125 473.8735656738281 175.90493774414062
4 404.11749267578125 147.191162109375 469.75677490234375 193.3331298828125
4 401.54498291015625 139.31640625 471.62969970703125 183.85833740234375
4 519.041259765625 132.6300048828125 588.792236328125 210.2235107421875