2 0.4453125 0.27109375 0.06875 0.07578125
2 0.62890625 0.234375 0.07421875 0.09609375
2 0.8125 0.25078125 0.0484375 0.0640625
0 0.84921875 0.52265625 0.03203125 0.08828125
0 0.675 0.6171875 0.0515625 0.12734375
0 0.42421875 0.53125 0.046875 0.06484375
7 0.43984375 0.7671875 0.07109375 0.16171875
7 0.63203125 0.8421875 0.09296875 0.225
7 0.80390625 0.784375 0.08828125 0.13828125
1 0.61484375 0.28359375 0.0328125 0.03671875
1 0.80859375 0.28671875 0.0421875 0.0234375
7 0.8015625 0.771875 0.0625 0.0671875
7 0.84921875 0.77265625 0.028125 0.03828125
2 499.35760498046875 140.5728302001953 537.5342407226562 180.38853454589844
2 373.61181640625 114.11105346679688 429.715087890625 181.8868408203125
11 388.91876220703125 115.59983825683594 543.8471069335938 611.6685791015625
13 410.70013427734375 184.65774536132812 513.43017578125 374.2659606933594
11 493.7872314453125 138.94786071777344 574.0775146484375 506.037353515625
11 260.58941650390625 135.1387939453125 342.63916015625 557.3284912109375
2 264.8531494140625 146.16201782226562 308.926513671875 203.20541381835938
9 510.21478271484375 189.59359741210938 527.2224731445312 206.17205810546875
10 275.84130859375 197.69277954101562 341.8720703125 306.5716552734375
9 393.8857727050781 178.49160766601562 411.7358093261719 208.56723022460938
9 278.5456237792969 202.983154296875 302.2454528808594 226.885498046875
11 497.286376953125 198.73553466796875 563.5357666015625 507.10333251953125
13 499.5703430175781 204.49880981445312 565.7763671875 318.0973205566406
13 498.08837890625 202.36537170410156 564.528564453125 427.75634765625
10 281.596923828125 197.99720764160156 342.3587646484375 366.4566650390625