2 0.27578125 0.30234375 0.1546875 0.1640625
2 0.76640625 0.346875 0.134375 0.165625
4 0.296875 0.30078125 0.09609375 0.025
4 0.75234375 0.3453125 0.1046875 0.04140625
3 0.5328125 0.63359375 0.078125 0.08984375
3 0.86875 0.81875 0.0625 0.08046875
3 0.86875 0.9265625 0.071875 0.10390625
2 444.18817138671875 159.66156005859375 540.4038696289062 231.17889404296875
2 124.17282104492188 133.94357299804688 230.30014038085938 205.6297607421875
10 439.11004638671875 274.53070068359375 586.1254272460938 543.3020629882812
10 106.67877197265625 244.5203094482422 235.94381713867188 513.9453735351562
9 162.2413787841797 202.43167114257812 216.8437957763672 247.53781127929688
11 326.54443359375 152.88584899902344 610.8153686523438 640.0
9 455.33074951171875 229.70404052734375 505.08770751953125 275.7589111328125
11 78.40878295898438 129.437255859375 326.5047607421875 640.0
11 93.07421875 127.77984619140625 250.20413208007812 640.0