2 0.5109375 0.41796875 0.0515625 0.075
2 0.67578125 0.41171875 0.06640625 0.06796875
2 0.31484375 0.54453125 0.0921875 0.084375
7 0.540625 0.73828125 0.03984375 0.04921875
7 0.45390625 0.73046875 0.040625 0.046875
1 0.309375 0.5484375 0.065625 0.046875
4 0.5109375 0.41875 0.046875 0.01875
4 0.6765625 0.4140625 0.05 0.0203125
0 0.625 0.50703125 0.05078125 0.0375
0 0.75859375 0.4921875 0.04375 0.028125
0 0.753125 0.4828125 0.04375 0.0203125
7 0.5375 0.9234375 0.04765625 0.05078125
7 0.45390625 0.92890625 0.046875 0.05390625
7 0.68515625 0.92109375 0.05859375 0.04296875
7 0.3953125 0.5046875 0.05234375 0.03203125
3 0.23125 0.65859375 0.0609375 0.06953125
7 0.690625 0.75 0.05078125 0.0546875
7 0.740625 0.74140625 0.0515625 0.0484375
10 294.13787841796875 285.95159912109375 354.42034912109375 376.09637451171875
11 262.28704833984375 236.40606689453125 414.86016845703125 485.9398193359375
2 308.63836669921875 239.633544921875 344.6639404296875 267.8375549316406
11 387.49462890625 234.82223510742188 504.9420166015625 510.1689758300781
2 412.8077087402344 238.203125 454.1850280761719 267.50958251953125
10 401.3506774902344 282.7076110839844 460.3703918457031 376.1527404785156
11 89.21002197265625 308.79693603515625 244.42935180664062 640.0
2 176.07992553710938 317.879638671875 230.23275756835938 361.6358642578125
9 176.46646118164062 352.37738037109375 204.39193725585938 373.15447998046875
10 115.19061279296875 366.5548095703125 221.33956909179688 475.70806884765625
9 314.9240417480469 275.52117919921875 334.2108459472656 290.18994140625
9 428.95147705078125 268.9036865234375 442.48431396484375 282.3211669921875
9 316.7899169921875 274.0161437988281 335.81787109375 287.6639709472656