2 0.2078125 0.56875 0.05078125 0.05625
2 0.1171875 0.534375 0.0546875 0.06171875
2 0.3109375 0.5953125 0.04140625 0.04296875
2 0.359375 0.609375 0.0296875 0.03359375
2 0.16171875 0.56328125 0.02265625 0.0265625
2 0.453125 0.58828125 0.03203125 0.04140625
2 0.5546875 0.60859375 0.034375 0.0359375
2 0.6109375 0.4125 0.040625 0.0375
0 0.296875 0.70703125 0.0265625 0.025
0 0.35546875 0.696875 0.02421875 0.02421875
0 0.384375 0.68515625 0.02265625 0.01640625
0 0.53515625 0.68828125 0.0203125 0.0171875
0 0.5796875 0.6875 0.02421875 0.01640625
3 0.078125 0.6875 0.03515625 0.0296875
7 0.34140625 0.80390625 0.0359375 0.0375
7 0.29921875 0.8109375 0.0265625 0.03984375
2 0.2578125 0.61640625 0.03515625 0.03046875
7 0.7453125 0.42265625 0.03203125 0.02265625
7 0.71640625 0.43203125 0.02890625 0.025
13 104.7657470703125 373.6790771484375 160.38070678710938 449.3465576171875
2 58.46372604370117 321.6791687011719 93.17466735839844 349.3908996582031
13 182.70452880859375 392.30804443359375 219.1578369140625 458.38812255859375
2 115.36746978759766 344.1600341796875 147.11770629882812 368.2734375
11 21.30966567993164 318.01458740234375 113.10598754882812 516.5599975585938
11 172.28173828125 367.050048828125 232.62542724609375 526.8065795898438
11 217.39517211914062 378.4051513671875 254.52725219726562 469.609375
2 219.587890625 380.43212890625 236.53314208984375 392.972900390625
2 185.54550170898438 367.76837158203125 210.35665893554688 385.23211669921875
10 35.71941375732422 361.4512939453125 92.09819793701172 450.940673828125
10 220.95582580566406 398.9326477050781 244.89344787597656 440.3313293457031
13 35.84526062011719 361.2767639160156 92.42622375488281 451.6966247558594
11 83.54647064208984 341.009765625 175.25344848632812 631.4631958007812
13 209.88819885253906 395.7861328125 228.59605407714844 450.606201171875
11 145.5477294921875 362.493896484375 178.81869506835938 507.038330078125
9 70.67647552490234 349.351318359375 88.25428009033203 362.510498046875
2 95.1712646484375 347.9159240722656 110.84942626953125 363.2781066894531
11 90.984375 341.40447998046875 168.42861938476562 544.6817016601562
11 153.00686645507812 382.43603515625 175.19699096679688 437.97698974609375
13 88.56480407714844 368.4244079589844 109.49266052246094 422.6394958496094
9 200.53880310058594 387.89801025390625 210.4302215576172 398.03448486328125
2 280.2158203125 361.44549560546875 300.1412353515625 377.23687744140625
2 347.01605224609375 379.227783203125 363.07122802734375 391.028564453125
11 274.1483459472656 359.47613525390625 313.5201110839844 479.44488525390625