5 0.3859375 0.4828125 0.06015625 0.07890625
5 0.21640625 0.4859375 0.0546875 0.075
3 0.321875 0.54296875 0.03046875 0.046875
3 0.3828125 0.63203125 0.0546875 0.0375
4 0.38203125 0.48359375 0.05625 0.03203125
4 0.2171875 0.4859375 0.04921875 0.02421875
6 0.85546875 0.60234375 0.02578125 0.02421875
10 109.37796783447266 335.993896484375 64.36772918701172 144.433349609375
11 194.961181640625 282.92816162109375 102.56564331054688 357.07183837890625
10 212.2880859375 334.49249267578125 67.34210205078125 103.1419677734375
11 88.347412109375 285.89288330078125 95.24856567382812 354.10711669921875
5 230.19342041015625 284.4790954589844 36.77899169921875 18.39459228515625
5 123.47023010253906 287.3433837890625 31.563201904296875 16.5015869140625
9 236.4427490234375 316.5409240722656 22.2451171875 23.90179443359375
9 129.18736267089844 316.20794677734375 20.332427978515625 16.9940185546875
5 121.25094604492188 207.92098999023438 180.22470092773438 69.9810791015625