10 0.3502742734149299 0.3421875 0.212555583916172 0.278125
5 0.11015625 0.321875 0.2203125 0.3
9 0.23813334259857477 0.40390625 0.06160109621281222 0.1140625
11 0.29453125 0.30859375 0.5890625 0.3609375
2 0.921875 0.86875 0.15625 0.103125
2 0.95546875 0.67421875 0.0890625 0.1109375
9 0.9704322373105765 0.703125 0.05021816861791066 0.0375
9 0.8943929538385016 0.92734375 0.03459316861791102 0.0375
10 0.9640625 0.80625 0.071875 0.228125
10 0.91015625 0.9625 0.1796875 0.075
11 0.93515625 0.8078125 0.1296875 0.384375
11 0.8453125 0.90546875 0.309375 0.1890625
2 556.4375 533.9447021484375 82.8359375 83.393798828125
2 591.098388671875 403.15234375 48.901611328125 74.9259033203125
4 561.018310546875 567.521240234375 65.554443359375 28.8310546875
4 604.781005859375 426.368896484375 32.367431640625 29.3453369140625