0 0.40234375 0.75 0.03203125 0.04296875
0 0.21171875 0.73515625 0.04921875 0.03984375
2 0.15 0.46484375 0.06171875 0.07265625
2 0.32890625 0.62734375 0.06171875 0.07890625
6 0.14375 0.796875 0.06328125 0.05625
6 0.0796875 0.796875 0.05703125 0.0546875
6 0.14296875 0.86953125 0.06328125 0.05234375
6 0.078125 0.871875 0.05625 0.06015625
0 0.40078125 0.915625 0.040625 0.05078125
3 0.16953125 0.6375 0.0359375 0.04296875
2 0.0828125 0.48046875 0.03203125 0.03671875
2 0.19140625 0.484375 0.02890625 0.03359375
4 0.3328125 0.6375 0.040625 0.01875
7 0.32265625 0.74140625 0.0390625 0.04765625
7 0.38359375 0.75078125 0.03203125 0.03828125
7 0.3234375 0.92734375 0.04765625 0.0484375
2 80.08035278320312 274.7276916503906 35.76568603515625 31.96514892578125
10 41.518898010253906 308.9619140625 61.08424377441406 95.318603515625
11 28.175674438476562 268.279052734375 114.22929382324219 254.9969482421875
11 140.60552978515625 370.47503662109375 118.32342529296875 123.662109375
5 194.35433959960938 373.6044921875 31.481201171875 31.784423828125
9 206.74090576171875 408.03973388671875 14.05462646484375 13.1673583984375
11 102.57986450195312 286.37469482421875 31.269317626953125 100.49261474609375
9 89.556884765625 305.0845947265625 16.1981201171875 15.14471435546875
2 44.273990631103516 297.2882080078125 15.422157287597656 17.5235595703125
11 131.81539916992188 369.06036376953125 131.69085693359375 270.93963623046875
2 194.94073486328125 375.26171875 30.46533203125 30.3702392578125
11 28.050888061523438 272.6661376953125 139.5450897216797 367.3338623046875