11 0.16484375 0.13984375 0.3296875 0.2796875
8 0.8402771046988231 0.6812473955957644 0.12104881908544911 0.12726245764913066
8 0.5280033219141194 0.45336887705260837 0.14950107201231527 0.18367608411256367
5 0.5453125 0.31875 0.159375 0.078125
5 0.8112016412941561 0.38375022687965765 0.08474770472226431 0.06455337939029934
9 0.7710857014026147 0.47148657621572776 0.04557612041330898 0.04557612041330898
9 0.6685384600850174 0.7056848350945224 0.07858860831306061 0.0801420179539809
5 0.6775584152000652 0.5103132477605048 0.18679199375348396 0.1479567527304745
5 0.8368788730455876 0.5000110311343838 0.13363063231716552 0.14139768052176754
10 0.5875 0.84765625 0.325 0.3046875
10 0.46953125 0.70078125 0.2796875 0.5984375
10 0.809375 0.85859375 0.284375 0.2828125
11 0.940625 0.63984375 0.11875 0.7203125
11 0.8005823038619427 0.43850135939321505 0.11353630093507654 0.17877950585373253
11 0.8171875 0.70859375 0.365625 0.5828125
11 0.6421875 0.68828125 0.484375 0.6234375
11 0.48515625 0.63984375 0.3109375 0.7203125
5 367.11639404296875 286.80194091796875 119.6104736328125 191.794921875
5 302.2177429199219 181.52401733398438 94.9166259765625 100.84881591796875
3 0.8480491638183594 20.53166961669922 41.293548583984375 44.12952423095703
5 486.5838623046875 226.71343994140625 59.8162841796875 84.62237548828125
4 394.04010009765625 372.3056640625 76.9990234375 60.3797607421875
3 254.06802368164062 460.6380615234375 60.41949462890625 68.965576171875
4 396.0035400390625 393.2648620605469 74.281005859375 34.11053466796875
3 518.14404296875 562.2191162109375 121.85595703125 77.6322021484375