9 0.28898731547121176 0.38359375 0.09898292154477702 0.09375
9 0.4817424420328408 0.346875 0.11948631908544911 0.1265625
5 0.46791577048806365 0.253125 0.10496930113146821 0.0484375
5 0.3125151981811608 0.26484375 0.11447156615858275 0.0703125
10 0.4421875 0.43828125 0.29375 0.1234375
10 0.20703125 0.45703125 0.2890625 0.0859375
11 0.18984375 0.353125 0.3796875 0.29375
11 0.3453125 0.35546875 0.4875 0.2890625
5 0.25502943022717994 0.51796875 0.012636355386194254 0.0234375
5 0.2630737343837102 0.5578125 0.01887726502711464 0.021875
9 0.26289647238165764 0.52734375 0.012618174668035031 0.0203125
9 0.25766861689726744 0.56875 0.007867042154477666 0.009375
10 0.049565225406719725 0.51875 0.014235216822512742 0.0296875
10 0.06674818022717992 0.51796875 0.014217036104353476 0.0265625
10 0.26404588192438216 0.590625 0.025236349336070062 0.040625
10 0.2879237434588965 0.53203125 0.04411361436318471 0.0625
11 0.28046875 0.5875 0.0765625 0.175
11 0.2610299662333375 0.609375 0.042932909444528634 0.128125
11 0.0671875 0.5171875 0.01875 0.034375
11 0.04921875 0.51796875 0.0171875 0.0359375
10 0.8642913216195318 0.809375 0.08998062626704133 0.1578125
10 0.95 0.95703125 0.1 0.0859375
9 0.8514413427949666 0.74921875 0.026798849336070064 0.040625
9 0.9327191347530525 0.88828125 0.01585225897699054 0.0390625
5 0.9596310926967707 0.8140625 0.07244769262201593 0.0984375
5 0.8549703428931623 0.684375 0.04407725292686635 0.05625
11 0.8578125 0.82734375 0.10625 0.3453125
11 0.93046875 0.88046875 0.1390625 0.2390625
5 264.7017822265625 146.5050048828125 352.5391845703125 269.2243347167969
2 575.0256958007812 491.37127685546875 639.4979858398438 590.0320434570312
3 60.86741638183594 229.0819549560547 130.4932098388672 303.72528076171875
4 156.73342895507812 187.59957885742188 223.29891967773438 231.93020629882812
5 144.50341796875 145.25802612304688 235.62673950195312 291.2500915527344
3 547.81494140625 536.130859375 574.3594970703125 571.0653076171875
4 273.5326232910156 183.27113342285156 349.0389099121094 238.08509826660156