2 0.2171875 0.4359375 0.10234375 0.09765625
2 0.53984375 0.3796875 0.08515625 0.0953125
2 0.38515625 0.41171875 0.0609375 0.0734375
4 0.38671875 0.41171875 0.0375 0.02265625
7 0.35390625 0.790625 0.0515625 0.07109375
7 0.43203125 0.8 0.04765625 0.0765625
0 0.52421875 0.67109375 0.0578125 0.06328125
3 0.44140625 0.6140625 0.0453125 0.06015625
3 0.33125 0.62265625 0.03828125 0.05390625
4 0.234375 0.44296875 0.0484375 0.02421875
4 0.52265625 0.390625 0.05078125 0.0296875
10 323.86663818359375 276.8021240234375 385.20599365234375 418.1727294921875
11 304.8653869628906 210.36614990234375 412.3517150878906 639.6080322265625
2 107.94743347167969 245.11241149902344 170.60243225097656 282.9598388671875
11 101.93610382080078 242.4936065673828 182.77618408203125 639.7526245117188
10 113.21166229248047 308.97265625 169.92327880859375 445.64208984375
11 199.97467041015625 236.63568115234375 307.1021728515625 639.4898071289062
2 317.5610046386719 212.28384399414062 370.1930847167969 246.76715087890625
2 226.88116455078125 237.33334350585938 263.52490234375 264.1438293457031
9 323.2205505371094 253.84475708007812 339.3169250488281 270.7807922363281
9 145.2439727783203 289.6332092285156 160.1831512451172 306.3089904785156
10 214.34893798828125 289.95855712890625 279.1024169921875 387.80059814453125
9 236.35897827148438 269.226806640625 259.2897644042969 282.72125244140625