0 0.56171875 0.21171875 0.04609375 0.06796875
7 0.3390625 0.71640625 0.0765625 0.1015625
7 0.2546875 0.703125 0.07421875 0.0921875
7 0.7546875 0.84921875 0.08359375 0.12265625
2 0.434375 0.2171875 0.07578125 0.09140625
2 0.05 0.08359375 0.1 0.153125
1 0.05859375 0.09140625 0.046875 0.05078125
0 0.4078125 0.440625 0.04921875 0.05703125
7 0.71953125 0.84765625 0.059375 0.1234375
2 0.73828125 0.09921875 0.1046875 0.09140625
0 0.85390625 0.08671875 0.04453125 0.0640625
0 0.9828125 0.01953125 0.03125 0.03359375