12 0.23984375 0.184375 0.4796875 0.36875
10 0.45390625 0.2671875 0.0515625 0.203125
9 0.403125 0.07846290592848729 0.1171875 0.14911927693097127
11 0.36015625 0.184375 0.2390625 0.36875
13 0.62421875 0.32556009884509074 0.0296875 0.0392352168225127
11 0.62578125 0.3247879392041703 0.0359375 0.04864657825883114
5 0.021875 0.8916158491396782 0.034375 0.029887487899751618
9 0.02578125 0.9174198250373774 0.01875 0.014171584308955331
10 0.021875 0.95625 0.04375 0.0875
11 0.05546875 0.93359375 0.1109375 0.1328125
11 0.68203125 0.65234375 0.4046875 0.5671875