5 0.153125 0.04921875 0.053125 0.0703125
10 0.1046875 0.33671875 0.15 0.3328125
11 0.08984375 0.315625 0.1796875 0.628125
13 0.38203125 0.3609375 0.0171875 0.03125
2 0.378125 0.3375 0.00625 0.009375
11 0.38203125 0.3765625 0.0296875 0.090625
11 0.7546875 0.1796875 0.009375 0.0265625
13 0.74375 0.22265625 0.009375 0.0203125
11 0.7453125 0.23203125 0.0140625 0.05625
11 0.48125 0.590625 0.053125 0.078125
13 0.43046875 0.8484375 0.0171875 0.03125
2 0.4265625 0.825 0.00625 0.009375
11 0.43046875 0.8640625 0.0296875 0.090625
11 0.803125 0.6671875 0.009375 0.0265625
13 0.7921875 0.71015625 0.009375 0.0203125
11 0.79375 0.71953125 0.0140625 0.05625