5 0.21171875 0.47421875 0.06640625 0.06796875
5 0.27578125 0.5078125 0.07265625 0.0953125
5 0.41953125 0.53046875 0.0828125 0.09140625
5 0.5734375 0.4765625 0.05078125 0.07265625
5 0.5234375 0.47109375 0.0515625 0.05390625
5 0.9140625 0.56328125 0.090625 0.0859375
5 0.4078125 0.465625 0.0453125 0.05078125
3 0.5234375 0.61015625 0.046875 0.04453125
5 0.703125 0.5125 0.0734375 0.0671875
5 0.73046875 0.57265625 0.1015625 0.08984375
4 0.5703125 0.4765625 0.046875 0.01875
4 0.41015625 0.4671875 0.03515625 0.01328125
4 0.51953125 0.47734375 0.03203125 0.01484375
3 0.87734375 0.67421875 0.0484375 0.046875