5 0.30546875 0.37578125 0.07890625 0.1
5 0.4984375 0.36640625 0.0421875 0.04921875
5 0.39453125 0.39921875 0.04765625 0.0640625
5 0.66796875 0.3421875 0.06640625 0.08125
5 0.7203125 0.36875 0.05 0.0578125
7 0.52734375 0.6546875 0.03046875 0.04375
7 0.48984375 0.66484375 0.02265625 0.034375
7 0.30546875 0.9359375 0.115625 0.090625
7 0.2234375 0.90625 0.05390625 0.078125
3 0.9578125 0.54375 0.0390625 0.05703125
3 0.45234375 0.56484375 0.02578125 0.04375
3 0.51484375 0.49921875 0.02421875 0.03203125
3 0.534375 0.51640625 0.02578125 0.034375
3 0.7875 0.5375 0.046875 0.04609375
3 0.24375 0.66953125 0.06171875 0.0578125
3 0.2 0.65 0.04921875 0.05078125
3 0.01953125 0.6734375 0.03828125 0.0578125
3 0.6296875 0.87578125 0.0609375 0.0734375