10 0.11484375 0.47265625 0.2296875 0.2078125
11 0.12578125 0.684375 0.2515625 0.63125
11 0.5578125 0.684375 0.2375 0.63125
11 0.79921875 0.684375 0.3265625 0.63125
11 0.9390625 0.684375 0.121875 0.63125
10 0.5296875 0.803125 0.18125 0.39375
10 0.7796875 0.82265625 0.234375 0.3546875
10 0.953125 0.675 0.09375 0.6125
8 0.7315992767345423 0.5480036244203297 0.14020901869827132 0.2336124515990063
8 0.4859375 0.49375 0.09375 0.19375
2 71.17007446289062 276.447021484375 80.42665100097656 105.91357421875