11 0.1780222659532294 0.16458259124284239 0.31035788669636233 0.2205408007386847
9 0.16659386994750242 0.20683372375639975 0.21369996801399935 0.10436128883482798
10 0.14609375 0.50625 0.2921875 0.4875
11 0.275 0.375 0.55 0.75
2 0.60859375 0.05625 0.0921875 0.1125
9 0.6257886986394103 0.1411597685431561 0.036519302673454136 0.05020907825883123
13 0.62421875 0.31015625 0.1484375 0.3421875
11 0.6546875 0.31875 0.209375 0.6375
2 0.06640625 0.8421875 0.1328125 0.134375
2 0.34999781063018354 0.8463729467272326 0.11230110001590851 0.11783291549465283
9 0.36505864194782056 0.9619024979568966 0.0632454346753633 0.0644261143631848
9 0.084375 0.97109375 0.084375 0.0578125
11 0.1921875 0.875 0.384375 0.25
11 0.4015625 0.8796875 0.296875 0.240625
11 0.775 0.875 0.45 0.25
8 0.7515625 0.915625 0.403125 0.16875
5 0.73671875 0.7859375 0.3734375 0.071875
2 2.0639801025390625 503.37890625 78.48988342285156 136.0159912109375
2 197.59857177734375 505.5730285644531 63.1763916015625 127.74020385742188
1 12.177398681640625 564.6830444335938 64.9388427734375 44.5675048828125
2 366.67919921875 1.999267578125 52.765869140625 102.25048828125
2 16.639266967773438 0.0 189.06138610839844 166.4512481689453
4 377.33624267578125 51.39056396484375 34.8870849609375 26.28509521484375
4 202.45626831054688 567.0634765625 54.590057373046875 30.044189453125
1 203.56292724609375 568.6622314453125 53.937255859375 28.277587890625
3 426.16552734375 291.73870849609375 47.1595458984375 71.181884765625