2 0.59921875 0.53046875 0.04921875 0.0578125
2 0.16171875 0.55390625 0.05078125 0.053125
2 0.0390625 0.503125 0.0484375 0.0578125
2 0.7859375 0.5359375 0.04375 0.05234375
2 0.3890625 0.41171875 0.04296875 0.0546875
2 0.3453125 0.29453125 0.03203125 0.03359375
2 0.31640625 0.2703125 0.028125 0.04140625
2 0.5640625 0.42265625 0.04765625 0.06015625
2 0.62265625 0.4265625 0.0453125 0.05234375
2 0.790625 0.42890625 0.05078125 0.05859375
2 0.83984375 0.41953125 0.0390625 0.04296875
2 0.77421875 0.40625 0.0359375 0.03984375
2 0.34140625 0.04140625 0.028125 0.03203125
2 0.3171875 0.06796875 0.03203125 0.034375
7 0.73515625 0.80234375 0.0546875 0.03984375
7 0.59921875 0.81484375 0.065625 0.034375
7 0.7984375 0.80078125 0.04453125 0.0359375
7 0.79453125 0.85703125 0.0390625 0.04375
7 0.7375 0.85859375 0.059375 0.03984375
7 0.3265625 0.48203125 0.02890625 0.0265625
7 0.27890625 0.4703125 0.0328125 0.0296875
3 0.76875 0.4953125 0.0390625 0.0296875
3 0.4 0.46640625 0.028125 0.03046875
3 0.090625 0.65 0.02578125 0.028125
11 179.200439453125 171.8614501953125 68.61337280273438 140.28900146484375
11 76.47381591796875 336.1339111328125 68.11331176757812 262.44879150390625
10 85.05534362792969 368.39556884765625 45.48506164550781 94.168212890625
2 381.9735412597656 255.32485961914062 27.84136962890625 21.37646484375
10 188.93826293945312 197.289306640625 33.7503662109375 47.877685546875
11 212.99951171875 242.9117889404297 56.10906982421875 180.91615295410156
10 173.18304443359375 182.98159790039062 27.669769287109375 47.800628662109375
2 346.59228515625 252.75225830078125 28.88037109375 20.9805908203125
10 218.79248046875 278.2609558105469 41.673828125 63.2767333984375
2 8.673880577087402 306.6143798828125 29.44880771636963 20.26708984375
11 1.4861812591552734 304.60546875 62.03166389465332 116.67694091796875
11 168.57252502441406 159.18646240234375 43.950225830078125 148.11337280273438
5 237.7578125 245.00643920898438 25.64910888671875 24.05584716796875
2 192.81558227539062 160.0849151611328 22.02264404296875 16.77008056640625
10 0.29911041259765625 338.18743896484375 42.38810729980469 110.93792724609375
11 373.750732421875 254.87574768066406 50.401611328125 170.48252868652344
2 501.37396240234375 250.09475708007812 43.829833984375 23.92279052734375
11 0.31352996826171875 304.4869384765625 57.8581657409668 199.417724609375
11 459.86383056640625 248.1544189453125 101.3558349609375 278.74298095703125
10 368.57623291015625 287.5645751953125 40.79541015625 65.878173828125
11 481.41839599609375 248.2506103515625 80.259521484375 167.48388671875
11 343.9019775390625 251.6826171875 66.6314697265625 388.3173828125
2 208.0571746826172 175.10292053222656 21.531341552734375 18.75201416015625
9 393.1718444824219 279.868408203125 10.49224853515625 10.2720947265625
9 238.64996337890625 270.90997314453125 14.73284912109375 12.579833984375
2 486.8176574707031 247.4058837890625 58.863739013671875 27.41925048828125