2 0.3125 0.36484375 0.08671875 0.1015625
0 0.35859375 0.546875 0.090625 0.0625
2 0.4328125 0.415625 0.0453125 0.0546875
3 0.49296875 0.56796875 0.0375 0.0359375
4 0.30859375 0.371875 0.0734375 0.0203125
4 0.43125 0.4203125 0.0359375 0.01640625
2 172.68783569335938 198.78150939941406 227.84701538085938 237.97315979003906
11 130.47402954101562 197.23223876953125 261.22076416015625 639.8262939453125
11 236.46356201171875 246.01950073242188 323.2286376953125 437.1086120605469
10 249.2613525390625 287.08526611328125 314.59661865234375 364.0943603515625
2 262.6751708984375 248.57666015625 292.08135986328125 267.360107421875
10 137.30177307128906 265.5313720703125 222.8561248779297 488.7054443359375
9 267.3973388671875 274.0404968261719 289.48028564453125 289.1518859863281
9 189.30996704101562 246.36788940429688 219.40426635742188 273.5263366699219
8 187.62661743164062 245.85122680664062 219.48281860351562 273.7687683105469