5 0.39609375 0.59609375 0.0703125 0.084375
5 0.653125 0.56328125 0.0625 0.08515625
5 0.90546875 0.5640625 0.059375 0.0734375
5 0.16328125 0.73203125 0.16796875 0.16796875
3 0.37109375 0.71953125 0.04140625 0.04140625
3 0.73046875 0.68515625 0.0359375 0.0453125
3 0.90546875 0.66484375 0.03671875 0.0375
3 0.475 0.703125 0.0359375 0.046875
4 0.4 0.6 0.06015625 0.03046875
4 0.653125 0.56484375 0.065625 0.0265625
4 0.90546875 0.5671875 0.05390625 0.02109375
5 0.1625 0.61875 0.0890625 0.07109375
4 0.20625 0.74140625 0.0828125 0.053125
5 40.733028411865234 388.11077880859375 148.40243530273438 490.24468994140625
10 373.82696533203125 379.7333679199219 464.97735595703125 475.2724304199219
10 535.1734008789062 377.12908935546875 603.3602905273438 497.085693359375
5 228.94427490234375 351.9832458496094 275.87054443359375 377.6128234863281
5 392.9776611328125 330.23779296875 439.2779541015625 356.72802734375
5 560.895751953125 336.6834411621094 597.492431640625 356.3217468261719
9 406.169189453125 366.89471435546875 431.8236083984375 385.5777587890625
10 220.0363006591797 388.45941162109375 293.88580322265625 502.63665771484375
9 122.94304656982422 469.206298828125 159.11260986328125 525.698486328125
11 189.55630493164062 348.98626708984375 319.6812438964844 479.07977294921875
9 564.1387939453125 367.79541015625 589.4439697265625 384.3209228515625
9 244.49884033203125 389.0738220214844 273.82586669921875 409.2961120605469
11 367.57403564453125 326.58697509765625 477.49639892578125 517.9788208007812
11 4.8836517333984375 523.2513427734375 186.882080078125 640.0
11 9.844390869140625 365.447265625 229.79994201660156 640.0
11 189.40228271484375 348.35791015625 319.71112060546875 550.3531494140625
11 526.3613891601562 333.59954833984375 607.3893432617188 569.9349365234375
10 219.67295837402344 388.6153564453125 293.28564453125 455.39501953125