13 0.16875 0.2890625 0.3375 0.48125
9 0.2521998668972675 0.0796875 0.08325792759490121 0.0765625
11 0.21015625 0.26484375 0.4203125 0.5296875
12 0.64765625 0.04296875 0.2328125 0.0859375
12 0.8484375 0.2734375 0.303125 0.5125
8 0.375 0.8984375 0.128125 0.121875
8 0.078125 0.77734375 0.15625 0.0828125
5 0.075 0.90234375 0.15 0.0546875
5 0.128125 0.68203125 0.25625 0.1265625
5 0.39375 0.784375 0.090625 0.13125
11 0.30078125 0.84765625 0.2765625 0.3046875
11 0.12734375 0.709375 0.2546875 0.203125
11 0.20546875 0.78125 0.4109375 0.4375
10 0.59140625 0.5375 0.0234375 0.015625
11 0.56875 0.56328125 0.071875 0.0671875