5 0.41875 0.41015625 0.08359375 0.10546875
2 0.71796875 0.421875 0.08203125 0.09140625
2 0.31953125 0.44140625 0.071875 0.09375
2 0.10234375 0.29453125 0.06015625 0.06171875
2 0.3453125 0.53515625 0.12734375 0.1203125
3 0.1453125 0.31015625 0.04921875 0.028125
3 0.77578125 0.63359375 0.04140625 0.0390625
2 0.3734375 0.734375 0.1140625 0.11640625
2 0.1046875 0.03671875 0.071875 0.06796875
4 0.41875 0.41953125 0.05234375 0.04140625
4 0.71640625 0.434375 0.046875 0.03125
6 0.72578125 0.6984375 0.08359375 0.11640625
3 0.4078125 0.90234375 0.05390625 0.05625
3 0.15078125 0.01640625 0.0390625 0.0328125
3 0.42734375 0.6625 0.06171875 0.05859375
3 0.7171875 0.54765625 0.03671875 0.05078125
2 180.2811279296875 249.4262237548828 48.468170166015625 43.82383728027344
11 421.237548828125 232.21763610839844 130.1578369140625 239.65736389160156
11 19.50257110595703 249.43865966796875 240.97594451904297 284.72918701171875
2 431.25030517578125 236.9603271484375 50.743896484375 41.5263671875
11 20.554752349853516 161.0946502685547 92.76113510131836 191.40016174316406
2 42.667938232421875 166.610107421875 43.508270263671875 28.71044921875
2 183.12765502929688 300.881103515625 83.50616455078125 80.27337646484375
11 215.66925048828125 215.508056640625 335.7589111328125 335.1123046875
5 236.1993408203125 223.75607299804688 51.6341552734375 37.517913818359375
10 42.42436218261719 315.642822265625 164.76388549804688 147.62066650390625
9 255.87530517578125 266.8092956542969 26.87542724609375 23.91473388671875
10 437.26080322265625 287.70013427734375 80.002197265625 128.66143798828125
10 29.883819580078125 196.87152099609375 67.75062561035156 86.4700927734375
9 188.009033203125 363.32342529296875 21.7254638671875 18.715087890625
9 446.6022033691406 283.02593994140625 23.73931884765625 20.9747314453125
13 39.773590087890625 316.11773681640625 170.17587280273438 148.6658935546875
11 0.0 536.3759155273438 446.7066345214844 103.5338134765625
11 139.32763671875 246.68283081054688 93.12603759765625 90.1927490234375
10 269.406005859375 262.28717041015625 171.3082275390625 153.30303955078125
9 60.615966796875 191.2635955810547 21.260940551757812 15.545623779296875