2 0.1581780551384889 0.6108518526018666 0.1350022347764936 0.10937609468490823
9 0.17080025410521663 0.7239785612667303 0.07373748184962743 0.05241702267663584
13 0.13512130845813858 0.8142313912715029 0.26212833703943 0.2077237827020891
11 0.1484375 0.75546875 0.296875 0.4015625
2 0.56328125 0.75 0.1484375 0.5
11 0.74453125 0.75 0.5109375 0.5
13 0.91953125 0.75 0.1609375 0.5
2 59.2801513671875 359.03582763671875 81.62557983398438 120.8116455078125
3 67.29266357421875 563.89453125 74.14590454101562 46.264404296875
5 509.1304626464844 499.0026550292969 59.802764892578125 81.86135864257812
4 71.98008728027344 417.8114929199219 62.864227294921875 22.6378173828125