2 0.17217280263368337 0.12671964050858914 0.13424882535008997 0.12421018052176747
13 0.1109375 0.36484375 0.221875 0.2890625
9 0.14723534261618418 0.25548953512239486 0.0773988413430903 0.0723204275949012
11 0.1515625 0.2734375 0.303125 0.471875
10 0.6020222926082299 0.26171628834384875 0.19907603604390722 0.3245737948849522
9 0.604503497294729 0.11562708352338849 0.04122498400699968 0.05179884933607006
5 0.62578125 0.04765625 0.1265625 0.0953125
11 0.6203125 0.2546875 0.3625 0.509375
9 0.545529033975183 0.6823191589535493 0.03037839067472703 0.0595477168225127
9 0.6791040552991834 0.7518509298343965 0.0365738466740904 0.05489657825883114
2 0.6861903966422739 0.6800122912707149 0.07294769867918127 0.09260565651766246
2 0.5549500346515007 0.6112754059284873 0.08406701201463562 0.10829428903121965
13 0.503125 0.83125 0.128125 0.321875
13 0.6785671586171387 0.8651367250139362 0.14518742003499838 0.25863972267624513
11 0.65546875 0.8171875 0.2484375 0.365625
11 0.5234375 0.77421875 0.16875 0.4515625
2 71.05972290039062 49.8624267578125 70.98440551757812 143.574951171875
2 364.2451171875 0.0 70.5068359375 91.70913696289062
1 71.63389587402344 107.45436096191406 60.93803405761719 44.416595458984375
2 416.20928955078125 412.07464599609375 43.3841552734375 84.4603271484375
2 325.9653015136719 361.025146484375 50.544677734375 89.46484375
2 362.49127197265625 0.026947021484375 71.63262939453125 50.171974182128906
3 0.09630012512207031 164.6566162109375 30.84868812561035 115.35894775390625
4 370.3050537109375 39.57695770263672 48.16143798828125 28.558494567871094
4 343.753662109375 403.71881103515625 21.330322265625 31.47314453125
0 288.7032165527344 166.66354370117188 28.6820068359375 49.1533203125
3 430.16192626953125 584.0616455078125 29.383544921875 49.2579345703125
1 418.8334045410156 454.59747314453125 31.27392578125 20.9017333984375
4 419.4319763183594 454.4471740722656 30.0228271484375 20.062744140625