5 0.434375 0.44375 0.1015625 0.11875
2 0.6328125 0.41953125 0.08359375 0.128125
2 0.19375 0.321875 0.18515625 0.22421875
3 0.60546875 0.5984375 0.06640625 0.0453125
3 0.65703125 0.578125 0.05234375 0.034375
4 0.44765625 0.45234375 0.07734375 0.034375
4 0.628125 0.43828125 0.071875 0.03203125
1 0.23515625 0.35 0.1015625 0.0453125
2 0.2703125 0.38671875 0.08046875 0.13203125
2 70.9488525390625 132.45135498046875 124.84820556640625 103.16424560546875
2 377.46759033203125 228.1070556640625 57.9173583984375 51.741943359375
10 0.0259552001953125 260.2110595703125 180.46456909179688 267.9971923828125
10 201.77029418945312 306.740966796875 103.07208251953125 152.0919189453125
5 247.127685546875 241.86622619628906 65.9395751953125 39.11582946777344
11 0.0 129.57421875 207.32505798339844 510.42578125
11 193.72756958007812 237.995361328125 194.2503662109375 239.88604736328125
9 389.9427185058594 288.5755920410156 27.17474365234375 17.93060302734375
9 127.84424591064453 240.9049072265625 43.51714324951172 42.95892333984375
9 270.02484130859375 296.03631591796875 28.53460693359375 26.0687255859375
11 335.06884765625 226.8419189453125 111.1414794921875 161.3636474609375
10 354.997802734375 305.3252868652344 81.6939697265625 91.39178466796875