5 0.5703125 0.3984375 0.09765625 0.11640625
5 0.4484375 0.4265625 0.06328125 0.0921875
5 0.3125 0.403125 0.06015625 0.0859375
3 0.47890625 0.56875 0.07890625 0.05390625
5 0.7390625 0.39609375 0.05859375 0.07265625
5 0.86875 0.365625 0.06171875 0.07734375
5 0.9625 0.35078125 0.0703125 0.0828125
3 0.9453125 0.50546875 0.05234375 0.04453125
4 0.4453125 0.42734375 0.05625 0.0390625
4 0.54921875 0.39921875 0.06171875 0.03203125
1 0.74609375 0.39921875 0.04453125 0.0171875
1 0.8609375 0.37109375 0.0453125 0.021875
3 0.76328125 0.43359375 0.02890625 0.03515625
3 0.240625 0.52890625 0.03828125 0.0359375
5 0.05 0.409375 0.0296875 0.0296875
5 0.165625 0.40703125 0.02265625 0.028125
5 0.25859375 0.40546875 0.0234375 0.02890625
5 0.221875 0.4234375 0.02421875 0.02421875
4 0.3125 0.4125 0.06796875 0.0296875
11 515.8427734375 202.79010009765625 610.464599609375 498.19488525390625
10 433.7278137207031 273.4802551269531 497.9627990722656 346.5576477050781
11 429.737548828125 227.58132934570312 508.6884765625 491.9354553222656
10 258.9141845703125 295.12542724609375 335.0164794921875 431.18414306640625
10 366.4788513183594 274.03973388671875 457.6546936035156 407.32025146484375
10 531.876708984375 256.2694091796875 593.41455078125 333.718017578125
5 594.9256591796875 194.06314086914062 640.0 228.49935913085938
11 560.4454345703125 186.57257080078125 640.0 519.7867431640625
11 287.9241943359375 208.1152801513672 466.6837158203125 640.0
11 12.400062561035156 248.65003967285156 45.42376708984375 354.1436767578125
5 178.44866943359375 229.15280151367188 218.2801513671875 258.9706115722656
10 20.223426818847656 269.9140625 41.39421844482422 299.3836669921875
5 533.2891235351562 207.64453125 571.4829711914062 233.72625732421875
11 237.22412109375 236.40704345703125 348.53424072265625 639.0048828125
11 146.26824951171875 245.9054718017578 181.197265625 330.55316162109375
10 129.70547485351562 274.05303955078125 151.86734008789062 302.10546875
9 543.423583984375 239.19772338867188 566.4093017578125 258.1437683105469
5 159.45916748046875 246.78546142578125 170.1744384765625 255.94989013671875
5 329.4627685546875 213.32528686523438 390.146484375 244.68667602539062
10 97.52719116210938 267.8457336425781 113.20169067382812 297.9391784667969
9 347.88201904296875 259.47503662109375 373.1795654296875 289.1590576171875
11 137.89096069335938 226.05712890625 252.44406127929688 612.2579956054688
10 154.74639892578125 265.84136962890625 176.53131103515625 292.2662353515625
9 187.40847778320312 268.29010009765625 210.46682739257812 291.08746337890625
10 164.68304443359375 286.8309020996094 232.88677978515625 458.2943420410156
11 92.97575378417969 252.01290893554688 118.75090026855469 335.8584289550781
9 278.336181640625 278.48309326171875 303.4747314453125 305.08343505859375
5 266.4603271484375 241.18264770507812 301.71221923828125 264.0137634277344
11 112.48809814453125 252.61752319335938 134.42459106445312 346.9712829589844
10 587.85498046875 244.6529083251953 639.81787109375 347.46600341796875
10 115.36557006835938 267.8158264160156 129.59222412109375 301.1496887207031
11 127.22383880615234 263.990234375 152.19058227539062 346.087890625
9 599.8404541015625 230.43841552734375 619.2308349609375 249.392333984375
11 137.93875122070312 226.8138885498047 252.76815795898438 491.96527099609375
5 454.43402099609375 229.55142211914062 489.29595947265625 249.57290649414062
5 21.448108673095703 248.91366577148438 34.146854400634766 259.1097717285156
9 26.084083557128906 263.5343322753906 33.72393035888672 270.7065124511719
2 533.2877197265625 207.43130493164062 571.4129638671875 233.20315551757812
9 466.3798828125 257.4810791015625 484.563232421875 274.6025390625
9 602.4715576171875 232.09805297851562 623.2330322265625 251.61849975585938
11 146.60195922851562 246.2867431640625 182.43130493164062 299.0938720703125