3 0.6359375 0.5921875 0.059375 0.06796875
3 0.4265625 0.67421875 0.06953125 0.08203125
0 0.89140625 0.51171875 0.06015625 0.05078125
0 0.7125 0.45078125 0.03828125 0.04296875
0 0.8296875 0.47265625 0.04296875 0.0640625
2 0.50546875 0.425 0.13125 0.1328125
2 0.878125 0.2921875 0.0796875 0.109375
2 0.57109375 0.25390625 0.0703125 0.08203125
2 0.97421875 0.27734375 0.0515625 0.07734375
0 0.3421875 0.6296875 0.05859375 0.0546875
4 0.56796875 0.2671875 0.0484375 0.02265625
2 0.21953125 0.38828125 0.05625 0.07265625
2 0.55859375 0.3375 0.05859375 0.05625
2 0.71796875 0.2890625 0.04375 0.04296875
2 0.71796875 0.04375 0.028125 0.04453125
2 0.57265625 0.08203125 0.08203125 0.065625
2 0.96953125 0.053125 0.0609375 0.07890625
2 0.875 0.04921875 0.06953125 0.09765625
2 0.81953125 0.04609375 0.0734375 0.0765625
2 0.8125 0.28671875 0.06640625 0.075
2 0.4421875 0.475 0.071875 0.1125
7 0.7234375 0.621875 0.0515625 0.065625
7 0.73515625 0.60546875 0.05078125 0.05234375
7 0.3609375 0.77578125 0.08515625 0.121875
2 533.2556762695312 144.34054565429688 583.3628540039062 204.74923706054688
11 283.12908935546875 131.63050842285156 447.86407470703125 458.3624267578125
2 604.3590698242188 151.34359741210938 639.5740356445312 184.97845458984375
11 443.5716552734375 158.42337036132812 529.5352783203125 397.4111022949219
11 574.885498046875 149.1456756591797 639.89892578125 474.14898681640625
2 341.02069091796875 134.70703125 386.551025390625 171.7760009765625
2 121.50285339355469 228.3389892578125 154.86045837402344 255.97198486328125
10 104.94085693359375 259.9884033203125 211.325439453125 378.1834716796875
2 450.361083984375 169.80056762695312 469.78814697265625 186.83615112304688
10 545.103759765625 214.10324096679688 596.419921875 315.4712829589844
2 504.2930908203125 156.30340576171875 541.515869140625 196.5933837890625
10 456.8294677734375 192.82928466796875 519.432861328125 286.03302001953125
11 523.0096435546875 146.7833251953125 617.7125244140625 466.64776611328125
11 503.801513671875 153.90371704101562 549.2076416015625 327.2433166503906
9 455.066162109375 189.23675537109375 466.08074951171875 199.1812744140625
9 359.4253234863281 173.34567260742188 372.9028015136719 190.67657470703125
10 314.58074951171875 185.69252014160156 425.05096435546875 359.92919921875
11 74.7363510131836 226.22430419921875 302.5156555175781 640.0
10 445.9537658691406 197.748779296875 471.4502868652344 244.76751708984375
10 352.4734191894531 184.40615844726562 422.1669006347656 359.1133117675781
9 617.4852294921875 186.09280395507812 635.830322265625 201.07156372070312
9 507.31634521484375 189.7784423828125 521.2794799804688 205.71173095703125
11 441.587890625 168.39785766601562 475.7989501953125 245.216064453125
10 618.6063842773438 219.83265686035156 640.0 407.443603515625
11 494.83428955078125 0.02983856201171875 640.0 65.46725463867188
10 302.912353515625 224.70025634765625 440.5306396484375 358.74871826171875
11 438.3292236328125 166.89842224121094 478.841064453125 377.8699951171875