0 0.5734375 0.290625 0.10625 0.13203125
0 0.76640625 0.2875 0.0921875 0.11640625
5 0.23984375 0.56796875 0.08515625 0.11875
4 0.6 0.43203125 0.09375 0.065625
4 0.24453125 0.56328125 0.08046875 0.04140625
2 0.6015625 0.4390625 0.11171875 0.13125
11 64.8875732421875 317.53607177734375 214.144287109375 639.8653564453125
13 296.75115966796875 309.83978271484375 459.04888916015625 506.50372314453125
10 90.62374877929688 394.8144226074219 196.999755859375 639.196533203125
9 140.54190063476562 366.16497802734375 174.58163452148438 390.31414794921875
11 259.25146484375 137.80230712890625 512.427490234375 640.0
5 139.67694091796875 317.6397399902344 183.86407470703125 347.3422546386719
10 296.7891845703125 310.97100830078125 460.2340087890625 506.23486328125