5 0.77578125 0.3625 0.11328125 0.14609375
5 0.6828125 0.37578125 0.071875 0.103125
5 0.9234375 0.42265625 0.0828125 0.10859375
5 0.5796875 0.40625 0.0515625 0.0578125
5 0.628125 0.38671875 0.0453125 0.07265625
4 0.9203125 0.41640625 0.078125 0.0265625
4 0.76328125 0.365625 0.0875 0.03984375
4 0.68203125 0.37734375 0.06015625 0.0265625
4 0.625 0.38984375 0.0484375 0.02109375
3 0.546875 0.59609375 0.08828125 0.09765625
7 0.5328125 0.94453125 0.03046875 0.0359375
2 0.51015625 0.38125 0.0234375 0.02265625
2 0.4296875 0.41640625 0.0390625 0.04296875