3 0.21484375 0.5625 0.06015625 0.0484375
4 0.75390625 0.48515625 0.09375 0.02578125
4 0.2125 0.43515625 0.03203125 0.01796875
4 0.13828125 0.45 0.0734375 0.0203125
2 0.6328125 0.44765625 0.06328125 0.09296875
2 0.55625 0.48203125 0.059375 0.0734375
2 0.4875 0.46484375 0.046875 0.05859375
2 0.4375 0.47109375 0.0375 0.05234375
2 0.134375 0.4453125 0.0765625 0.10078125
2 0.21328125 0.4296875 0.0515625 0.0609375
2 0.76640625 0.47109375 0.1140625 0.13046875
7 0.2296875 0.703125 0.040625 0.05078125
7 0.28046875 0.69140625 0.04453125 0.05
3 0.1921875 0.48828125 0.04453125 0.04453125
4 0.55 0.4859375 0.0390625 0.02109375
4 0.478125 0.46796875 0.03359375 0.0171875