3 0.66640625 0.66640625 0.1 0.12265625
3 0.31171875 0.7328125 0.13046875 0.10703125
3 0.56328125 0.55234375 0.115625 0.103125
4 0.3890625 0.28125 0.11796875 0.04140625
4 0.69453125 0.2796875 0.1125 0.0359375
2 0.37265625 0.25234375 0.20859375 0.20859375
2 0.70234375 0.240625 0.16484375 0.1953125
3 0.5625 0.47890625 0.07734375 0.08671875
2 399.732421875 87.4138412475586 104.6103515625 88.78199005126953
2 168.6898193359375 91.7528076171875 133.03240966796875 82.55032348632812
11 5.7314453125 85.8994140625 348.2348327636719 554.1005859375
9 221.02703857421875 188.73342895507812 51.2254638671875 45.30023193359375
10 357.7384033203125 184.27899169921875 141.82635498046875 163.4072265625
9 411.6703186035156 187.57339477539062 50.44696044921875 28.55523681640625
11 280.53948974609375 82.07879638671875 266.0133056640625 381.9942626953125
2 167.8013916015625 0.0 122.11322021484375 71.56474304199219
10 82.54766845703125 198.69952392578125 181.56893920898438 296.28704833984375
2 392.939208984375 0.07649993896484375 113.8731689453125 73.8294906616211
10 87.4103012084961 197.36221313476562 175.72400665283203 161.75079345703125
10 357.4630126953125 184.97317504882812 144.553955078125 248.44305419921875