5 0.40625 0.30234375 0.0375 0.04375
5 0.4984375 0.315625 0.0375 0.04140625
5 0.565625 0.3078125 0.0359375 0.0359375
5 0.60234375 0.3296875 0.0390625 0.0375
5 0.68984375 0.3078125 0.04375 0.05234375
3 0.721875 0.4703125 0.03046875 0.03203125
5 0.6265625 0.30234375 0.03515625 0.0390625
5 0.8 0.29453125 0.04140625 0.04921875
5 0.83046875 0.3109375 0.028125 0.0296875
5 0.77421875 0.31015625 0.025 0.034375
0 0.6546875 0.46171875 0.0203125 0.03671875
7 0.39375 0.53828125 0.03359375 0.03203125
7 0.4359375 0.53671875 0.0265625 0.02890625
7 0.52265625 0.54609375 0.03203125 0.028125
7 0.496875 0.5265625 0.025 0.02890625
7 0.56328125 0.54140625 0.02734375 0.02421875
7 0.5890625 0.56875 0.0375 0.03125
7 0.64609375 0.56875 0.02734375 0.034375
7 0.66171875 0.5875 0.04921875 0.03125
7 0.69609375 0.60703125 0.04921875 0.0328125
7 0.7859375 0.584375 0.0421875 0.03125
7 0.7609375 0.53828125 0.04375 0.025
4 0.5625 0.30546875 0.03515625 0.009375
4 0.49765625 0.31484375 0.028125 0.00859375
4 0.40859375 0.3015625 0.03046875 0.009375
4 0.68515625 0.3078125 0.034375 0.01875
4 0.6015625 0.32890625 0.034375 0.01328125
4 0.628125 0.3015625 0.0234375 0.01015625
11 227.5943603515625 180.49505615234375 291.86932373046875 352.09600830078125
11 326.6285400390625 182.26812744140625 377.868896484375 356.50164794921875
11 359.5994873046875 177.64576721191406 432.2281494140625 380.8826904296875
10 338.138671875 211.45523071289062 373.49365234375 271.2366638183594
11 419.68280029296875 175.78387451171875 483.46722412109375 396.12835693359375
11 480.92706298828125 172.9528350830078 547.5217895507812 382.76226806640625
10 304.41583251953125 212.19708251953125 337.40679931640625 263.8875427246094
11 296.8958740234375 185.1212158203125 341.119384765625 349.98388671875
10 238.581298828125 207.0902099609375 284.29522705078125 263.26190185546875
5 424.20941162109375 177.2884979248047 455.08917236328125 194.80177307128906
9 253.86865234375 196.59246826171875 268.18011474609375 209.7628173828125
10 486.7193603515625 198.39688110351562 546.0584716796875 283.4898681640625
5 486.53839111328125 174.0145263671875 524.39990234375 196.97061157226562
11 517.8804931640625 186.91372680664062 557.8861083984375 266.9355163574219
5 308.3333740234375 186.92092895507812 328.3365478515625 201.29916381835938
9 313.3839416503906 204.9988555908203 324.8813171386719 214.8889617919922
10 391.6031494140625 208.88229370117188 421.0179443359375 274.0257873535156
5 248.75146484375 180.4874725341797 270.49603271484375 190.65821838378906
11 468.798583984375 179.4977264404297 504.245361328125 351.16033935546875
2 392.9993896484375 178.49542236328125 409.26025390625 196.73858642578125
9 396.39373779296875 197.411376953125 407.0262451171875 206.62628173828125
10 431.0697326660156 212.36065673828125 466.2223205566406 303.46343994140625
2 349.2787170410156 183.5471649169922 368.5690612792969 196.22914123535156
5 524.4900512695312 188.88165283203125 538.0039672851562 200.58978271484375
2 486.26043701171875 174.50320434570312 524.6071166992188 197.45016479492188
9 353.10791015625 199.5423126220703 365.3138427734375 208.6910858154297
10 365.000244140625 213.89178466796875 420.0294189453125 281.4251708984375
9 434.0894775390625 201.82066345214844 448.9129638671875 214.49021911621094