2 0.6171875 0.44609375 0.234375 0.25625
4 0.56640625 0.46328125 0.11953125 0.06640625
4 0.80625 0.44453125 0.13828125 0.06484375
5 0.82890625 0.43671875 0.18046875 0.20625
3 0.2796875 0.5640625 0.08671875 0.12421875
2 0.51484375 0.3875 0.146875 0.2
3 0.23203125 0.521875 0.0734375 0.0921875
4 0.496875 0.40078125 0.08515625 0.053125
3 0.334375 0.28359375 0.11796875 0.1265625
2 322.42376708984375 192.72637939453125 169.71875 126.80328369140625
11 399.3371887207031 191.928955078125 240.58981323242188 448.071044921875
11 130.20428466796875 169.3414764404297 382.04443359375 470.6585235595703
9 466.76611328125 291.57623291015625 75.050048828125 52.81341552734375
10 482.7073974609375 323.8857421875 147.306884765625 234.3441162109375
5 472.7289123535156 202.42788696289062 122.83273315429688 69.09597778320312
9 308.7541809082031 288.0416259765625 82.7608642578125 75.164794921875
2 284.763671875 174.37588500976562 116.618408203125 88.075927734375
13 482.51507568359375 323.1396484375 136.4188232421875 234.85693359375
10 189.39820861816406 372.49560546875 272.09873962402344 267.50439453125