11 0.33984375 0.259375 0.2578125 0.51875
10 0.3671875 0.31328125 0.203125 0.4109375
10 0.13359375 0.259375 0.2671875 0.51875
9 0.15625 0.015625 0.065625 0.03125
11 0.159375 0.259375 0.31875 0.51875
9 0.3737063886060028 0.08009220126513945 0.05374316534054522 0.05374316534054522
8 0.29140625 0.640625 0.2140625 0.24375
10 0.2109375 0.82734375 0.421875 0.3453125
11 0.234375 0.759375 0.46875 0.48125
13 0.64921875 0.7234375 0.3609375 0.409375
11 0.69140625 0.759375 0.4453125 0.48125
2 188.24948120117188 0.0 286.1528015136719 70.20423126220703
4 198.08004760742188 1.7403974533081055 265.5074768066406 33.51729202270508
2 93.53070831298828 334.2718505859375 259.9462890625 510.8779296875
2 73.40935516357422 0.0 127.69251251220703 33.16633987426758