2 0.63203125 0.3 0.071875 0.09609375
3 0.62421875 0.3109375 0.059375 0.02265625
3 0.74296875 0.38125 0.04765625 0.0578125
7 0.50859375 0.70546875 0.096875 0.07734375
7 0.64375 0.7171875 0.0625 0.09140625
3 0.4484375 0.4 0.04453125 0.0484375
7 0.64375 0.93984375 0.0734375 0.05859375
7 0.51171875 0.9375 0.1015625 0.06328125
10 314.9630126953125 217.84605407714844 133.684814453125 100.97767639160156
11 288.97259521484375 159.34107971191406 201.86181640625 226.09483337402344
2 379.8995361328125 162.84567260742188 46.315673828125 31.4813232421875
9 395.10968017578125 205.09246826171875 23.900634765625 19.03857421875