5 0.4078125 0.140625 0.15078125 0.221875
5 0.73359375 0.20390625 0.17734375 0.275
3 0.91875 0.6375 0.1171875 0.17421875
3 0.35546875 0.67890625 0.06171875 0.12109375
3 0.16640625 0.609375 0.07578125 0.1453125
4 0.4046875 0.153125 0.09765625 0.09921875
4 0.74375 0.25703125 0.05859375 0.1375
6 0.2375 0.78671875 0.07421875 0.14296875
6 0.034375 0.915625 0.06875 0.165625
6 0.33671875 0.7265625 0.08984375 0.13203125
3 0.07265625 0.60078125 0.06015625 0.10859375
0 0.02734375 0.57734375 0.0546875 0.14140625
10 150.2177734375 78.04309844970703 125.05410766601562 217.84270477294922
5 227.15737915039062 7.208396911621094 75.93499755859375 81.57395935058594
9 56.43972396850586 9.424430847167969 46.447757720947266 46.12085723876953
11 70.657470703125 0.0 235.484375 640.0
10 0.0 19.2471923828125 88.58895874023438 346.8193359375
11 0.49445343017578125 0.06689453125 93.65165710449219 639.2059326171875
11 405.1011962890625 0.52520751953125 234.8988037109375 639.4747924804688
9 218.34600830078125 96.86419677734375 49.33013916015625 60.54252624511719
13 566.3480224609375 257.1624755859375 73.3056640625 320.158447265625
11 0.32939910888671875 0.0 104.12915802001953 468.8822021484375