10 0.321875 0.1890625 0.275 0.378125
10 0.08125 0.171875 0.1625 0.34375
11 0.2734375 0.2296875 0.371875 0.459375
11 0.096875 0.2296875 0.19375 0.459375
11 0.515625 0.23984375 0.1125 0.4390625
10 0.48828125 0.2125 0.0578125 0.184375
9 0.5173672236582039 0.1162228801758662 0.01893180718159222 0.03135908430895533
2 0.5130342476623089 0.05531265125310512 0.06601588544042354 0.06756929508134384
2 0.09296875 0.7296875 0.1859375 0.540625
13 0.38984375 0.7296875 0.1390625 0.540625
11 0.2296875 0.7296875 0.459375 0.540625
2 307.6905822753906 14.589981079101562 346.5449523925781 80.56564331054688
3 80.14253234863281 0.0 117.55583190917969 32.23798751831055