5 0.15859375 0.14609375 0.3171875 0.2828125
11 0.2296875 0.18984375 0.459375 0.3796875
12 0.5803853741257421 0.07808425859327608 0.028534066158582762 0.07063976400381797
12 0.7225410578689634 0.08189850724064059 0.023764752926866174 0.0565227200031817
12 0.8404461753554061 0.09146331655795947 0.018995439695149587 0.04240567600254543
12 0.9340961814055303 0.10755993654523284 0.015870439695149584 0.04236931333545435
2 0.528125 0.6828125 0.1375 0.15625
9 0.586662645202981 0.7317183359325485 0.08475679508134401 0.06660679201145392
10 0.6109375 0.85625 0.253125 0.2875
11 0.6140625 0.734375 0.309375 0.53125
2 295.742919921875 388.9901123046875 397.24560546875 527.7066650390625
0 402.22418212890625 507.25439453125 472.24072265625 582.7576904296875
4 316.41571044921875 431.3619384765625 396.77410888671875 480.9256591796875
3 402.00927734375 508.87969970703125 472.2115478515625 582.9402465820312