12 0.50234375 0.37734375 0.0328125 0.1453125
12 0.4 0.03743943523236828 0.0234375 0.051835220003181706
12 0.22421875 0.0265625 0.0296875 0.053125
12 0.44765625 0.01657240455923219 0.0125 0.03139545066836362
5 0.8828125 0.4765625 0.090625 0.053125
5 0.725 0.47265625 0.128125 0.0453125
5 0.57890625 0.490625 0.1203125 0.08125
10 0.734375 0.6750672519096405 0.2171875 0.3165897053628168
10 0.8796875 0.5530638878899141 0.1328125 0.06560791335136287
10 0.96875 0.7578125 0.0625 0.2875
10 0.62265625 0.7328125 0.2078125 0.346875
11 0.6421875 0.725 0.246875 0.55
11 0.73984375 0.725 0.3703125 0.55
11 0.8625 0.703125 0.19375 0.50625
11 0.92578125 0.7453125 0.1484375 0.509375
11 0.9796875 0.76015625 0.040625 0.4796875