2 0.2123134747374058 0.16796875 0.09760225334181775 0.0625
2 0.4095242820655424 0.1296875 0.07572725334181776 0.0625
2 0.29097482407699643 0.2140625 0.04271475867281786 0.0453125
9 0.4302549527370877 0.165625 0.03155908267027261 0.0265625
9 0.2827628820814508 0.246875 0.02687158267027261 0.0265625
9 0.215793010741542 0.1984375 0.05352498933799978 0.034375
13 0.16559411075745034 0.315625 0.1986022266868172 0.1484375
10 0.27234355008749594 0.29140625 0.07420111600890866 0.065625
10 0.4513492500795418 0.2328125 0.11878745735199914 0.1375
11 0.19140625 0.28828125 0.3828125 0.3453125
11 0.2665384454169052 0.2625 0.11422722668681722 0.1484375
11 0.4125 0.28359375 0.2125 0.3890625
8 0.37421875 0.6171875 0.2890625 0.25625
10 0.259375 0.8234375 0.51875 0.353125
11 0.259375 0.74453125 0.51875 0.5109375
2 243.8112335205078 67.93719482421875 42.54112243652344 45.8599853515625
2 114.82134246826172 92.8790283203125 47.73944854736328 40.513763427734375
3 253.5583953857422 168.01739501953125 42.03822326660156 27.57977294921875
2 170.51954650878906 122.02017974853516 29.249755859375 41.82604217529297
4 256.3359375 84.12276458740234 28.7054443359375 18.492706298828125
2 250.77084350585938 72.96054077148438 36.91363525390625 38.034698486328125