6 0.7125 0.78046875 0.06875 0.07421875
5 0.30859375 0.365625 0.06171875 0.0921875
5 0.5140625 0.3796875 0.053125 0.08046875
5 0.66953125 0.3640625 0.053125 0.075
4 0.30625 0.37109375 0.0578125 0.03515625
4 0.5125 0.384375 0.04765625 0.02421875
4 0.665625 0.37421875 0.0453125 0.03125
5 0.628125 0.3578125 0.03984375 0.0640625
7 0.503125 0.77421875 0.0734375 0.0578125
7 0.5640625 0.7359375 0.04296875 0.05859375
7 0.38515625 0.76640625 0.0484375 0.08515625
7 0.3046875 0.834375 0.0671875 0.07109375
7 0.303125 0.909375 0.0734375 0.06171875
6 0.71171875 0.96484375 0.0703125 0.0703125
7 0.8453125 0.5484375 0.02734375 0.028125
7 0.8234375 0.55234375 0.02734375 0.025
5 0.825 0.396875 0.03125 0.03984375
5 0.7359375 0.42734375 0.0296875 0.0296875
5 0.58125 0.41796875 0.0265625 0.03203125
5 0.24921875 0.38984375 0.02734375 0.0328125
3 0.23125 0.61953125 0.0328125 0.0546875
3 0.40625 0.6015625 0.0328125 0.0546875
3 0.4484375 0.58125 0.0265625 0.04140625
3 0.603125 0.56953125 0.0296875 0.0390625
3 0.71171875 0.584375 0.0296875 0.0390625
3 0.6296875 0.575 0.021875 0.034375
3 0.765625 0.484375 0.01484375 0.021875
3 0.80390625 0.47890625 0.01796875 0.021875
3 0.8625 0.47578125 0.01640625 0.0203125
6 0.625 0.6984375 0.05859375 0.0640625
4 0.6265625 0.3609375 0.03203125 0.01875
6 0.66796875 0.76640625 0.06875 0.05859375
6 0.6671875 0.978125 0.07578125 0.04375
7 0.496875 0.96953125 0.053125 0.0609375
7 0.38984375 0.959375 0.0546875 0.05234375
11 277.90069580078125 214.2107391357422 109.69720458984375 297.10853576660156