11 0.13984375 0.11953125 0.2390625 0.2390625
11 0.30625 0.11953125 0.246875 0.2390625
10 0.79765625 0.05234375 0.2234375 0.1046875
11 0.565625 0.03359375 0.084375 0.0671875
11 0.80859375 0.11953125 0.3828125 0.2390625
9 0.421875 0.35859375 0.015625 0.0640625
2 0.4171875 0.2828125 0.025 0.0875
13 0.39765625 0.54140625 0.0640625 0.3015625
11 0.334375 0.61953125 0.190625 0.7609375
2 0.6396464920432707 0.358982031036188 0.19128062269254437 0.19172493344863373
9 0.619725985399406 0.5270780460633027 0.10570565467854501 0.08810905405833439
10 0.55234375 0.79140625 0.2421875 0.4171875
11 0.5828125 0.62265625 0.30625 0.7546875
2 352.8404541015625 176.29010009765625 109.99072265625 186.14691162109375
1 358.74560546875 242.0205535888672 82.51910400390625 69.89930725097656
4 358.3393249511719 244.65060424804688 81.69024658203125 67.41925048828125
3 191.54116821289062 331.34100341796875 52.742919921875 51.0023193359375