5 0.4453125 0.33828125 0.04765625 0.06015625
2 0.42890625 0.475 0.06171875 0.06171875
0 0.465625 0.53046875 0.03125 0.05078125
7 0.46875 0.69140625 0.06015625 0.0546875
3 0.409375 0.56328125 0.02265625 0.03984375
4 0.44140625 0.3484375 0.0359375 0.02265625
4 0.43203125 0.48359375 0.0296875 0.03359375
11 264.37371826171875 191.55694580078125 346.13677978515625 454.364501953125
5 265.7615966796875 194.304443359375 302.1416015625 214.56744384765625
10 290.866455078125 220.3680419921875 337.36065673828125 334.48785400390625
9 275.75653076171875 220.68417358398438 292.28668212890625 236.38583374023438