5 0.45390625 0.3453125 0.125 0.1171875
2 0.61640625 0.234375 0.09921875 0.1171875
2 0.73125 0.54375 0.07890625 0.10859375
0 0.49140625 0.4578125 0.0484375 0.0625
0 0.68359375 0.3953125 0.059375 0.05703125
2 0.61796875 0.0890625 0.09453125 0.121875
2 0.48671875 0.26484375 0.11796875 0.08046875
0 0.38671875 0.55078125 0.06484375 0.0734375
0 0.38984375 0.49921875 0.06015625 0.06171875
7 0.30078125 0.721875 0.109375 0.065625
6 0.5453125 0.6421875 0.07265625 0.084375
0 0.746875 0.66953125 0.0421875 0.06171875
0 0.853125 0.64375 0.0625 0.0484375
4 0.453125 0.35859375 0.04765625 0.05625