5 0.51953125 0.0265625 0.1921875 0.053125
9 0.10859375 0.0203125 0.1703125 0.040625
9 0.5043532402374427 0.128125 0.1301056565176623 0.071875
10 0.4578125 0.2734375 0.39375 0.290625
10 0.09375 0.2140625 0.1875 0.409375
11 0.1375 0.209375 0.275 0.41875
11 0.41953125 0.209375 0.4984375 0.41875
8 0.75546875 0.19765625 0.1734375 0.3953125
10 0.834375 0.37265625 0.33125 0.0921875
11 0.834375 0.209375 0.33125 0.41875
11 0.45234375 0.709375 0.4328125 0.58125
9 0.834375 0.6203125 0.33125 0.33125
13 0.834375 0.8265625 0.33125 0.346875
11 0.834375 0.709375 0.33125 0.58125
5 268.33135986328125 0.0 379.62554931640625 114.0573501586914
4 272.79974365234375 34.06793975830078 367.97283935546875 65.44861602783203
3 29.3031005859375 129.859130859375 143.6439208984375 259.6484375