2 0.175 0.409375 0.1 0.13984375
4 0.17109375 0.41875 0.09609375 0.03046875
4 0.5125 0.428125 0.08359375 0.03046875
4 0.86875 0.4046875 0.09375 0.0375
3 0.8 0.746875 0.06328125 0.08046875
3 0.39453125 0.70703125 0.053125 0.065625
3 0.58984375 0.71875 0.0546875 0.0828125
4 0.2546875 0.40078125 0.06796875 0.0265625
2 0.2484375 0.39765625 0.08671875 0.1265625
2 0.0359375 0.42578125 0.07109375 0.1125
4 0.03515625 0.425 0.06171875 0.025
2 0.58828125 0.4390625 0.05625 0.090625
2 0.51484375 0.4203125 0.0984375 0.14296875
4 0.721875 0.41640625 0.06640625 0.034375
2 0.721875 0.41171875 0.07890625 0.09765625
2 0.8703125 0.39453125 0.12734375 0.15078125
3 0.82109375 0.86953125 0.06328125 0.075
3 0.7953125 0.90078125 0.0734375 0.065625
3 0.81796875 0.7734375 0.07109375 0.07734375
4 0.58828125 0.440625 0.05390625 0.0296875
2 0.44140625 0.44375 0.0703125 0.075