3 0.7515625 0.58203125 0.06875 0.0578125
2 0.875 0.45859375 0.12265625 0.1515625
2 0.128125 0.3390625 0.0734375 0.0828125
2 0.5875 0.22578125 0.07578125 0.0953125
0 0.38046875 0.60859375 0.08203125 0.0765625
2 0.3765625 0.32578125 0.115625 0.16171875
2 0.5953125 0.109375 0.0921875 0.08984375
2 0.44375 0.04765625 0.0671875 0.084375
2 0.44765625 0.28359375 0.06171875 0.0859375
3 0.775 0.55859375 0.0640625 0.0359375
0 0.52734375 0.409375 0.0546875 0.0484375
0 0.35234375 0.59921875 0.0546875 0.04921875
4 0.13828125 0.34375 0.0453125 0.02421875
4 0.57578125 0.23359375 0.04296875 0.03359375
4 0.58125 0.0984375 0.05078125 0.03046875
4 0.8546875 0.47578125 0.0765625 0.03359375
4 0.39296875 0.34140625 0.04765625 0.0640625
7 0.13984375 0.70390625 0.05234375 0.07578125