4 0.51484375 0.4359375 0.16015625 0.0578125
4 0.165625 0.44296875 0.165625 0.05859375
2 0.1609375 0.4125 0.21328125 0.26796875
2 0.57578125 0.4375 0.275 0.3375
11 0.0 166.91558837890625 298.5979919433594 640.0
2 285.9319763183594 156.0845947265625 468.5940856933594 298.3904724121094
2 28.187576293945312 173.82266235351562 171.56593322753906 280.5688781738281
11 230.7755584716797 150.80413818359375 633.8956909179688 640.0
10 268.197021484375 367.40972900390625 576.6639404296875 639.96484375
9 67.75750732421875 302.09429931640625 154.27920532226562 366.42547607421875
10 0.408599853515625 360.392822265625 257.82501220703125 639.550537109375
9 292.420654296875 298.359619140625 363.3536376953125 374.77447509765625