4 0.584375 0.390625 0.12421875 0.06796875
4 0.35 0.3421875 0.090625 0.05625
3 0.30390625 0.46953125 0.1203125 0.10546875
3 0.42109375 0.61875 0.09609375 0.0734375
2 0.58984375 0.3734375 0.1484375 0.18828125
2 0.35859375 0.33046875 0.1296875 0.15390625
2 327.29791259765625 174.6563262939453 100.949951171875 75.11846923828125
2 193.2703857421875 161.20286560058594 85.7386474609375 57.726715087890625
9 333.62841796875 253.19873046875 54.694580078125 32.25299072265625
11 141.30615234375 156.72467041015625 177.10015869140625 261.18389892578125
10 287.00738525390625 276.863525390625 155.0408935546875 177.639892578125
9 198.77137756347656 224.81109619140625 52.141143798828125 34.783416748046875
11 192.63363647460938 169.85968017578125 267.9141845703125 374.31170654296875
10 143.56842041015625 212.9768524169922 133.5753173828125 188.95252990722656
11 36.452117919921875 525.9440307617188 394.6236877441406 114.05596923828125