2 0.21875 0.453125 0.04140625 0.05234375
2 0.71640625 0.45703125 0.02890625 0.03359375
2 0.790625 0.453125 0.02734375 0.04140625
2 0.31875 0.45546875 0.03828125 0.0453125
5 0.425 0.46328125 0.03984375 0.04296875
5 0.26484375 0.48046875 0.0453125 0.04140625
5 0.5640625 0.475 0.03203125 0.04140625
5 0.5390625 0.44765625 0.028125 0.034375
3 0.3 0.64609375 0.02265625 0.034375
7 0.74921875 0.7453125 0.03203125 0.04296875
3 0.5671875 0.55390625 0.025 0.02265625
2 0.5953125 0.44375 0.03125 0.0390625
5 0.5015625 0.44921875 0.0359375 0.0359375
5 0.88515625 0.465625 0.0234375 0.03359375
7 0.78125 0.74765625 0.03671875 0.04296875
7 0.4359375 0.72734375 0.0453125 0.03359375
7 0.39609375 0.7296875 0.03828125 0.0390625
7 0.3140625 0.74765625 0.05625 0.0484375
7 0.27421875 0.83046875 0.0671875 0.0484375
7 0.271875 0.91171875 0.0703125 0.04375
7 0.509375 0.7171875 0.040625 0.0375
7 0.5515625 0.71015625 0.05 0.0375
7 0.61328125 0.68828125 0.03203125 0.03359375
7 0.65234375 0.68359375 0.0453125 0.034375
7 0.703125 0.65859375 0.028125 0.0296875
7 0.190625 0.6671875 0.0390625 0.03046875
3 0.3171875 0.5609375 0.0296875 0.0375
3 0.3921875 0.56875 0.02578125 0.03984375
5 0.96171875 0.4734375 0.0328125 0.028125
3 0.184375 0.53359375 0.02265625 0.028125
3 0.76875 0.62265625 0.03046875 0.0265625
7 0.3578125 0.659375 0.0328125 0.034375
4 0.434375 0.4609375 0.028125 0.01328125
4 0.5640625 0.4703125 0.0265625 0.01171875
5 0.6640625 0.47265625 0.0359375 0.04453125
5 0.66328125 0.465625 0.028125 0.0109375
5 0.765625 0.4984375 0.0453125 0.04375
3 0.621875 0.53203125 0.021875 0.02421875
5 0.290625 0.4734375 0.03515625 0.046875
11 384.0501403808594 282.9139404296875 61.87921142578125 167.61541748046875
11 310.2659606933594 277.22967529296875 71.445556640625 189.85040283203125
11 99.17756652832031 270.5028991699219 61.895904541015625 160.7943115234375
11 238.75440979003906 273.93914794921875 62.83616638183594 205.3302001953125
11 190.239990234375 274.727294921875 50.368499755859375 154.5635986328125
11 429.20440673828125 279.87451171875 47.7281494140625 147.75958251953125
11 142.54254150390625 284.26837158203125 76.82562255859375 255.78448486328125
11 462.84429931640625 301.86151123046875 60.5799560546875 182.6553955078125
10 196.523193359375 305.59759521484375 26.613250732421875 52.8187255859375
2 370.45318603515625 270.6246643066406 19.268798828125 14.112060546875
2 191.33624267578125 276.2220153808594 22.56793212890625 16.94140625
11 365.02899169921875 269.1340026855469 35.021728515625 134.19232177734375
10 319.68487548828125 295.728271484375 26.5474853515625 50.0958251953125
2 497.37286376953125 275.78961181640625 17.3482666015625 14.6851806640625
11 544.5504760742188 287.708740234375 32.9921875 50.57958984375
10 119.54196166992188 302.08203125 35.43212890625 42.2913818359375
2 449.30206298828125 280.6094970703125 18.503173828125 11.75860595703125
10 149.71395874023438 320.279052734375 48.48785400390625 80.3214111328125
11 296.9241638183594 277.38922119140625 40.24945068359375 124.61700439453125
13 397.4798889160156 311.16162109375 44.8187255859375 50.6099853515625
2 415.3372802734375 285.003662109375 22.8897705078125 17.4638671875
9 374.1602783203125 289.02618408203125 11.8720703125 9.4285888671875
11 304.2795104980469 274.0887451171875 49.73895263671875 131.79266357421875
10 552.3917236328125 304.99639892578125 22.4365234375 32.1099853515625
2 350.64215087890625 281.1747741699219 22.285888671875 17.2880859375
10 305.1766357421875 295.1947021484375 14.9659423828125 42.1767578125
10 332.1893310546875 313.64459228515625 43.417724609375 50.38824462890625
11 477.44842529296875 275.340576171875 51.35491943359375 155.622802734375
13 438.15570068359375 306.3531494140625 33.6826171875 42.1680908203125
10 282.8399658203125 299.76531982421875 14.49945068359375 29.162841796875
9 501.66387939453125 294.5804443359375 10.47552490234375 9.8731689453125
2 129.1847381591797 272.447998046875 23.8038330078125 19.2982177734375
9 182.9276123046875 302.41497802734375 15.13800048828125 18.80029296875
9 355.9783020019531 305.3758544921875 12.77191162109375 14.3359375
9 200.27151489257812 298.4385986328125 9.351837158203125 9.3001708984375
9 451.739990234375 297.2102355957031 10.8193359375 9.27276611328125
2 352.0172119140625 283.71875 22.3177490234375 16.90478515625
9 417.38726806640625 304.21624755859375 10.68170166015625 9.476318359375
13 367.82623291015625 296.2286376953125 28.59881591796875 63.8426513671875
2 560.5299072265625 288.3074951171875 11.55517578125 9.8167724609375
9 134.206787109375 294.6326904296875 11.4613037109375 8.974365234375
9 352.9118347167969 303.9331359863281 11.78619384765625 11.583984375
5 479.1312255859375 304.58184814453125 24.732421875 22.3204345703125
9 267.20672607421875 297.2630615234375 13.1446533203125 13.426513671875
9 418.7655029296875 304.28472900390625 11.669921875 9.9482421875
2 333.53521728515625 273.3139343261719 19.04437255859375 12.5838623046875
10 306.5009765625 295.29608154296875 17.3216552734375 45.373779296875