2 0.4046875 0.378125 0.12265625 0.15234375
0 0.46484375 0.55859375 0.0671875 0.05625
4 0.4125 0.40390625 0.084375 0.0203125
2 0.1203125 0.35078125 0.071875 0.084375
2 0.0578125 0.34921875 0.05078125 0.0734375
1 0.11484375 0.36328125 0.04453125 0.0265625
2 219.26255798339844 193.84365844726562 295.3673095703125 255.01412963867188
11 0.3592071533203125 200.31625366210938 73.07537841796875 469.1999816894531
2 18.144256591796875 201.58914184570312 49.917579650878906 228.33096313476562
10 4.147636413574219 249.57720947265625 55.975433349609375 338.959716796875
11 68.5382080078125 191.207763671875 301.04022216796875 640.0
11 49.620296478271484 189.61181640625 137.25680541992188 640.0
10 76.77790832519531 243.732421875 131.8725128173828 347.6363525390625
10 121.39614868164062 252.072021484375 268.93597412109375 422.845703125
2 51.48452377319336 199.40762329101562 92.75833129882812 230.64581298828125
9 24.238367080688477 235.97608947753906 44.244911193847656 250.18190002441406
9 246.48802185058594 265.281494140625 277.49951171875 288.06280517578125
9 68.89129638671875 236.87301635742188 83.72640991210938 256.39862060546875
9 239.22909545898438 262.054931640625 277.0076599121094 286.8516845703125
2 51.365028381347656 179.718994140625 96.62162017822266 231.943603515625