2 0.2609375 0.3296875 0.18984375 0.24765625
2 0.428125 0.29140625 0.13984375 0.23671875
4 0.42421875 0.30078125 0.1328125 0.04921875
4 0.2671875 0.3546875 0.13359375 0.05390625
3 0.48046875 0.38125 0.08671875 0.1015625
3 0.5859375 0.77578125 0.08359375 0.0921875
3 0.58828125 0.91328125 0.096875 0.06796875
10 41.34175109863281 286.3204345703125 216.5364532470703 523.3362426757812
2 106.6886215209961 122.80110168457031 238.86367797851562 238.00355529785156
2 216.34933471679688 106.91638946533203 326.1905212402344 193.42095947265625
9 131.12744140625 245.98707580566406 194.98480224609375 294.244384765625
11 1.26123046875 109.85780334472656 418.2839660644531 524.08154296875
11 180.4271240234375 100.84904479980469 481.68048095703125 524.0540161132812
9 236.01687622070312 213.17678833007812 290.2064514160156 256.90667724609375
11 1.326385498046875 566.177978515625 458.8961181640625 640.0
10 232.2760009765625 219.43365478515625 424.6507568359375 520.4675903320312