2 0.30390625 0.2921875 0.090625 0.109375
4 0.30859375 0.31171875 0.07421875 0.028125
4 0.49765625 0.31953125 0.04921875 0.025
3 0.27265625 0.50625 0.071875 0.05078125
3 0.4734375 0.54140625 0.06484375 0.05234375
2 0.49765625 0.31484375 0.07890625 0.09609375
3 0.3703125 0.525 0.0484375 0.053125
3 0.58671875 0.53671875 0.0640625 0.05078125
13 272.39813232421875 236.8949432373047 379.52740478515625 382.43829345703125
13 122.98502349853516 225.24847412109375 231.53475952148438 377.53240966796875
11 252.4979705810547 169.02879333496094 403.47027587890625 640.0
2 161.422119140625 159.51791381835938 223.03790283203125 198.03500366210938
11 101.2123794555664 157.19529724121094 246.92416381835938 640.0
9 179.48532104492188 207.38876342773438 211.960693359375 229.61941528320312