2 0.3546875 0.33125 0.171875 0.2375
4 0.35625 0.353125 0.12421875 0.046875
3 0.21953125 0.7625 0.1125 0.1015625
3 0.16171875 0.7625 0.0828125 0.10390625
3 0.21171875 0.93515625 0.11484375 0.09375
3 0.153125 0.94453125 0.0921875 0.090625
2 170.00775146484375 120.89966583251953 111.51788330078125 91.81444549560547
11 136.9702606201172 115.32708740234375 282.17359924316406 524.6729125976562
9 193.45657348632812 246.18719482421875 67.47354125976562 38.4608154296875
11 1.0745849609375 544.6710205078125 325.7119140625 95.3289794921875
13 172.03404235839844 253.16473388671875 208.54310607910156 265.20269775390625
9 91.01687622070312 606.90771484375 86.35968017578125 32.894775390625