2 0.82421875 0.4328125 0.0546875 0.0609375
2 0.60625 0.42421875 0.04375 0.0609375
2 0.4078125 0.38671875 0.05078125 0.06015625
2 0.2828125 0.39140625 0.06875 0.0734375
2 0.496875 0.41796875 0.03984375 0.05234375
3 0.60390625 0.52890625 0.02578125 0.02578125
4 0.28203125 0.39375 0.05234375 0.02109375
2 0.10625 0.40859375 0.0375 0.0578125
2 0.890625 0.43984375 0.04140625 0.046875
4 0.40625 0.38671875 0.03984375 0.02421875
4 0.49765625 0.41796875 0.0359375 0.02265625
4 0.59921875 0.428125 0.0390625 0.02109375
4 0.1109375 0.40859375 0.02890625 0.01484375
6 0.225 0.7890625 0.05625 0.0546875
6 0.30078125 0.76875 0.06953125 0.03515625
6 0.37578125 0.72578125 0.03203125 0.05390625
6 0.440625 0.70859375 0.0546875 0.04453125
6 0.4796875 0.68671875 0.03203125 0.0375
6 0.5296875 0.68125 0.04140625 0.04296875
6 0.57734375 0.696875 0.03515625 0.04453125
6 0.6234375 0.70078125 0.04140625 0.0390625
6 0.80703125 0.73359375 0.03984375 0.0484375
6 0.8515625 0.73046875 0.05234375 0.04140625
6 0.15234375 0.66015625 0.0453125 0.0296875
6 0.0921875 0.66640625 0.03046875 0.03203125
3 0.08125 0.546875 0.01953125 0.02265625
3 0.6203125 0.53046875 0.028125 0.02578125
4 0.828125 0.43515625 0.05078125 0.02109375
11 116.06953430175781 225.80645751953125 107.0716552734375 318.781005859375