5 0.509375 0.24921875 0.0453125 0.046875
5 0.50703125 0.615625 0.04140625 0.03984375
2 0.61015625 0.41796875 0.04609375 0.05078125
2 0.41328125 0.2734375 0.05078125 0.05859375
2 0.390625 0.4890625 0.03828125 0.04140625
3 0.3453125 0.45703125 0.0234375 0.0453125
3 0.45078125 0.38359375 0.0265625 0.0296875
3 0.4578125 0.346875 0.0171875 0.02421875
3 0.4796875 0.33828125 0.02421875 0.025
5 0.53984375 0.4609375 0.0421875 0.03984375
3 0.45546875 0.46640625 0.028125 0.028125
3 0.740625 0.28046875 0.025 0.03203125
3 0.69609375 0.2640625 0.01875 0.0359375
0 0.61171875 0.63125 0.02578125 0.028125
0 0.46796875 0.54453125 0.0375 0.034375
7 0.415625 0.7328125 0.034375 0.053125
7 0.428125 0.68359375 0.025 0.03984375
5 0.7453125 0.125 0.05390625 0.06796875
7 0.49453125 0.85234375 0.0234375 0.03984375
11 435.01556396484375 21.755096435546875 76.4134521484375 206.78646850585938
11 196.92678833007812 64.03746032714844 43.88580322265625 101.77230834960938
10 201.89373779296875 86.30694580078125 27.9683837890625 42.630340576171875
11 346.0735778808594 245.6614990234375 71.54168701171875 165.29583740234375
10 450.01593017578125 92.57415771484375 53.03759765625 87.32406616210938
9 464.11065673828125 78.23953247070312 19.867431640625 19.541427612304688
13 367.26123046875 276.338134765625 46.238525390625 85.47772216796875
5 460.8262939453125 43.47673797607422 34.0247802734375 26.000350952148438
11 220.62844848632812 51.59898376464844 21.150054931640625 44.3575439453125
10 220.9088897705078 65.70439147949219 17.49908447265625 28.5111083984375
5 206.22988891601562 61.806190490722656 15.327880859375 12.34893798828125
5 205.34048461914062 69.91351318359375 14.874755859375 16.337539672851562