10 0.615625 0.11640625 0.046875 0.2328125
11 0.40234375 0.21953125 0.4328125 0.4390625
11 0.56484375 0.21953125 0.1484375 0.4390625
8 0.81953125 0.07265625 0.3609375 0.1453125
10 0.81953125 0.2578125 0.3609375 0.3625
11 0.81953125 0.21953125 0.3609375 0.4390625
10 0.155625369627742 0.8161089947087709 0.050354524004105096 0.06151930267345414
5 0.1654634570599554 0.7615396733768162 0.02666249394987581 0.01749658267027243
9 0.1655725413689108 0.7802896733768161 0.02040340359079611 0.01586135733609062
11 0.15659751716841397 0.8489305853755436 0.06991356596219109 0.20079997867599958
10 0.7375 0.521875 0.196875 0.146875
11 0.76953125 0.60859375 0.2609375 0.3390625
3 411.70343017578125 387.9713134765625 37.0106201171875 29.12548828125
2 0.35819244384765625 557.4158935546875 81.44246673583984 81.840087890625