3 0.37578125 0.8203125 0.184375 0.09765625
3 0.19296875 0.6859375 0.15234375 0.16953125
4 0.4296875 0.415625 0.1296875 0.05625
4 0.7375 0.39609375 0.146875 0.04375
4 0.925 0.33359375 0.14609375 0.0625
4 0.3171875 0.39296875 0.08515625 0.034375
2 0.925 0.31875 0.15 0.3140625
2 0.74453125 0.38046875 0.1578125 0.221875
2 0.4375 0.38359375 0.16171875 0.246875
2 0.31640625 0.375 0.0921875 0.18125
3 0.1625 0.52734375 0.0765625 0.090625
3 0.37109375 0.90703125 0.175 0.071875
2 220.81919860839844 162.86007690429688 110.75318908691406 89.424072265625
2 417.6094970703125 167.58645629882812 110.6995849609375 77.54669189453125
2 165.18228149414062 184.22177124023438 68.36102294921875 59.88330078125
11 530.926025390625 97.99786376953125 109.073974609375 542.0021362304688
9 241.098876953125 287.2158203125 69.01434326171875 39.745361328125
9 556.0460205078125 235.531982421875 73.34912109375 57.97918701171875
9 436.52838134765625 268.4139404296875 61.0081787109375 40.9964599609375
11 77.42819213867188 162.18605041503906 322.5296630859375 477.81394958496094
11 399.5809326171875 165.98614501953125 167.40130615234375 474.01385498046875
2 529.462158203125 98.80810546875 110.515869140625 109.18087768554688
9 174.33837890625 268.717041015625 49.94683837890625 28.1422119140625
10 545.947509765625 286.33782958984375 93.648681640625 331.83123779296875
10 415.83935546875 280.5867919921875 223.8251953125 359.32373046875
10 422.5833740234375 290.85748291015625 142.6649169921875 347.94146728515625
11 208.0115966796875 0.10033416748046875 431.9884033203125 82.57012939453125
10 172.11839294433594 298.23651123046875 191.39833068847656 331.98602294921875
11 80.58920288085938 177.728759765625 156.35995483398438 462.271240234375