2 0.27421875 0.40703125 0.053125 0.0546875
2 0.39375 0.434375 0.05703125 0.06953125
2 0.54375 0.42578125 0.040625 0.04296875
5 0.4625 0.4046875 0.0375 0.03984375
5 0.62265625 0.41796875 0.03984375 0.03203125
7 0.4234375 0.74765625 0.0734375 0.06171875
0 0.215625 0.5125 0.040625 0.06953125
7 0.2390625 0.646875 0.0421875 0.046875
7 0.27265625 0.63984375 0.0375 0.053125
11 133.6805419921875 236.52987670898438 190.25274658203125 420.2065124511719
11 242.0500946044922 255.23211669921875 317.84796142578125 494.02642822265625
10 258.7794189453125 292.6063232421875 306.232421875 379.1844482421875
10 146.58404541015625 273.83612060546875 183.1336669921875 336.33740234375
9 163.604736328125 263.01812744140625 180.17376708984375 276.47503662109375
2 238.37066650390625 259.54730224609375 271.0845642089844 287.60076904296875