12 0.421875 0.21484375 0.175 0.4296875
10 0.30703125 0.3140625 0.2671875 0.23125
9 0.36953125 0.13339986992232955 0.134375 0.14921927088084708
11 0.3109375 0.21484375 0.396875 0.4296875
13 0.77578125 0.1375 0.2359375 0.275
11 0.73984375 0.21484375 0.3640625 0.4296875
13 0.34609375 0.56953125 0.2046875 0.2796875
11 0.33203125 0.71484375 0.3546875 0.5703125
3 459.22784423828125 101.16513061523438 492.58978271484375 135.39974975585938
0 125.75349426269531 416.3955993652344 152.99232482910156 483.8197937011719
2 130.47848510742188 112.3623046875 163.07351684570312 145.19580078125
3 125.11447143554688 416.1720886230469 153.20864868164062 482.9664001464844