10 0.94609375 0.08828125 0.1078125 0.1765625
11 0.89296875 0.234375 0.2140625 0.46875
9 0.334375 0.6889822494108249 0.54375 0.3375384449597071
10 0.365625 0.76328125 0.628125 0.4734375
11 0.33984375 0.734375 0.6796875 0.53125
2 0.69453125 0.48125 0.0296875 0.025
2 0.775 0.4872758663080923 0.0359375 0.03614657825883114
2 0.859375 0.49636049569839163 0.0375 0.03459316861791084
2 0.73515625 0.5151690621515621 0.0359375 0.03927157825883114
2 0.79921875 0.5381980168738264 0.0375 0.03459316861791084
2 0.87578125 0.5402059444687277 0.04375 0.040879530054229285
9 0.8640625 0.5784190167756306 0.0234375 0.017323855386194253
9 0.85234375 0.5283508390825334 0.021875 0.020439765027114733
9 0.78984375 0.5709559747193487 0.01875 0.015734084308955332
9 0.76953125 0.5200565500513136 0.0234375 0.018886355386194254
9 0.728125 0.5534094055357037 0.0265625 0.020467036104353475
9 0.68984375 0.51015625 0.0203125 0.0203125
13 0.6984375 0.578125 0.0375 0.115625
13 0.76640625 0.5630071193331544 0.0296875 0.0298602168225127
13 0.8375 0.579826980671277 0.05 0.07060339149054791
13 0.859375 0.6596417456983916 0.09375 0.153670421544777
13 0.7890625 0.6436076795398089 0.084375 0.14267837939029934
11 0.8359375 0.6641928903121974 0.125 0.3788522287263693
11 0.84921875 0.7197389083643742 0.13125 0.4054510901626879
11 0.7828125 0.6881025681034905 0.115625 0.3397351865718917
11 0.7484375 0.64609375 0.09375 0.3546875
11 0.7296875 0.67265625 0.1 0.3640625
11 0.70234375 0.640625 0.0453125 0.34375
3 569.0905151367188 108.05410766601562 595.7549438476562 153.46807861328125
2 458.8704833984375 319.43817138671875 480.30517578125 357.9359130859375
2 484.74603271484375 303.94061279296875 505.96783447265625 340.2857666015625
2 435.2093505859375 299.39788818359375 453.61431884765625 335.54559326171875
2 498.43414306640625 334.96832275390625 521.0379638671875 371.64984130859375
2 544.4196166992188 334.7077941894531 571.7133178710938 377.1647644042969
2 538.1363525390625 309.2867431640625 561.0718994140625 344.7921142578125
7 506.61749267578125 537.969482421875 539.3939819335938 568.1103515625
6 506.40521240234375 538.2930297851562 540.2232055664062 568.2100219726562
3 629.423583984375 11.939598083496094 640.0 49.15602493286133
6 525.8309326171875 560.474853515625 550.0679931640625 591.46240234375
0 538.5240478515625 464.216796875 555.1680908203125 485.60943603515625
6 497.0772705078125 521.097900390625 518.6026611328125 541.73291015625
4 546.427001953125 355.85845947265625 567.9259033203125 366.927978515625
4 539.4135131835938 322.65936279296875 558.8209838867188 332.3438720703125