2 0.20546875 0.5042663609453392 0.034375 0.036137487899751616
2 0.121875 0.4873737767345796 0.0375 0.03928066861791084
2 0.03515625 0.46811926180566077 0.0390625 0.03772725897699036
2 0.25078125 0.5365612313586481 0.0375 0.037718168617910844
2 0.46796875 0.5581372912707149 0.0359375 0.037709078258831144
2 0.42265625 0.525842420857406 0.0328125 0.03612839754067192
2 0.15234375 0.5289572887366322 0.0390625 0.04241475897699036
2 0.38125 0.5537265263417961 0.0359375 0.03927157825883114
2 0.290625 0.5281992855151783 0.0328125 0.03769089754067192
2 0.08125 0.5301061773985095 0.040625 0.03773634933607006
2 0.328125 0.5182612041330892 0.0328125 0.0376908975406721
2 0.51171875 0.6115168213249442 0.05 0.0846658914905479
2 0.33828125 0.5597265414671067 0.0375 0.04396816861791084
2 0.0140625 0.50546875 0.028125 0.0453125
9 0.00703125 0.54765625 0.0140625 0.0203125
9 0.03125 0.5024715359079618 0.0234375 0.022011355386194253
9 0.0796875 0.5652533370394299 0.0203125 0.01730567466803503
9 0.1171875 0.5225027556573407 0.0265625 0.020467036104353475
9 0.146875 0.5687692224798535 0.028125 0.022038626463433176
9 0.19921875 0.5393862495090207 0.0234375 0.020448855386194252
9 0.24375 0.5748015747427898 0.0296875 0.0220477168225127
9 0.2859375 0.5617657644379395 0.0234375 0.020448855386194252
9 0.32109375 0.5486890475172308 0.0203125 0.020430674668035033
9 0.3296875 0.5987390444921687 0.0265625 0.025154536104353475
9 0.378125 0.5849583456236369 0.021875 0.023564765027114732
9 0.415625 0.5593952642415477 0.0234375 0.022011355386194253
9 0.41953125 0.6187929901392468 0.0234375 0.022011355386194253
9 0.4609375 0.5979401346548567 0.025 0.022020445745273776
9 0.49296875 0.5918764870159888 0.0171875 0.01728749394987581
9 0.50625 0.6341412550681655 0.021875 0.02200226502711473
9 0.55 0.6265832851223949 0.021875 0.020439765027114552
9 0.5875 0.6228952037403056 0.028125 0.023601126463433174
2 0.59453125 0.579967360356164 0.0390625 0.03928975897699054
2 0.55390625 0.5859810110200939 0.0390625 0.037727258976990544
2 0.51328125 0.5912134116840239 0.0390625 0.037727258976990544
2 0.5 0.5559798936318471 0.0328125 0.03300339754067192
2 0.42421875 0.5797577612164856 0.0390625 0.039289758976990365
13 0.6171875 0.7015625 0.025 0.16875
13 0.603125 0.7640625 0.053125 0.171875
13 0.57421875 0.703286685688129 0.10625 0.1599931444174139
13 0.53515625 0.6897781767111385 0.0640625 0.14256020472226433
13 0.4953125 0.7106401225546083 0.1 0.15683178298109546
13 0.48125 0.6214958093228916 0.03125 0.042369307181592396
13 0.4546875 0.6705600232185382 0.0796875 0.1442136083130606
13 0.4078125 0.6929435624461496 0.09375 0.14898292154477702
13 0.4140625 0.5992299238824681 0.0640625 0.06287270472226432
13 0.3640625 0.6536265323919204 0.0765625 0.1207579275949012
13 0.3125 0.6666078005422931 0.103125 0.14591246369925487
13 0.3078125 0.5775180294650542 0.0265625 0.025154536104353475
13 0.28828125 0.5938106499765589 0.059375 0.0519079336450254
13 0.23671875 0.6403856681269315 0.096875 0.13337610226293622
13 0.18671875 0.6104072766363837 0.08125 0.12234769867214013
13 0.10546875 0.5646220779642437 0.0328125 0.03144089754067192
13 0.02890625 0.5587079003693424 0.0546875 0.07531816256778665
13 0.01640625 0.63046875 0.0328125 0.1640625
13 0.05703125 0.6385590268327755 0.09375 0.15054542154477701
11 0.0375 0.6421875 0.075 0.396875
11 0.0234375 0.69375 0.046875 0.425
11 0.05703125 0.68359375 0.1140625 0.3578125
11 0.09609375 0.6544112858097659 0.1109375 0.3756454154946528
11 0.11875 0.6920430960164203 0.1421875 0.38363972267624513
11 0.1796875 0.6689601200205255 0.1328125 0.37577268052176754
11 0.22109375 0.6996697645361353 0.15625 0.38840903590796183
11 0.2671875 0.685094180128984 0.1203125 0.3616374576491306
11 0.31875 0.5455504119786114 0.0515625 0.09873748184962743
11 0.30703125 0.7259509842855143 0.1578125 0.3931056262670413
11 0.3546875 0.7113844902374427 0.1171875 0.36318177693097126
11 0.41875 0.5648821949597069 0.0765625 0.1207579275949012
11 0.39296875 0.7467634540348932 0.15 0.3899351744716434
11 0.44375 0.7275276407049809 0.1265625 0.3819863190854491
11 0.47890625 0.7191384237842723 0.1109375 0.36627041549465283
11 0.48515625 0.7621435352205908 0.140625 0.3930056323171655
11 0.51484375 0.7498162520431034 0.128125 0.37574540944452856
11 0.55703125 0.76640625 0.1453125 0.4234375
11 0.58203125 0.80078125 0.0953125 0.3984375
11 0.5984375 0.7734375 0.0625 0.45
2 286.056396484375 348.3082580566406 309.523193359375 387.8858337402344
2 119.57099914550781 314.71563720703125 140.69505310058594 352.12054443359375
2 147.7585906982422 333.5002136230469 169.23118591308594 373.0259094238281
6 114.51370239257812 543.901123046875 133.02276611328125 568.487060546875
2 9.001991271972656 289.8997802734375 33.58344268798828 328.6519775390625
2 233.80270385742188 344.6831970214844 252.85647583007812 380.2077941894531
2 65.96368408203125 302.152587890625 88.31585693359375 340.3760986328125
2 366.978271484375 361.07415771484375 392.6009521484375 406.22283935546875
2 40.34447479248047 329.4802551269531 63.20398712158203 367.0289001464844
2 259.7043151855469 328.05322265625 278.9399719238281 362.5244140625
6 65.50981140136719 530.4505615234375 85.37721252441406 560.9586181640625
6 285.79931640625 574.0201416015625 303.18048095703125 613.2113037109375
7 158.3779296875 552.798095703125 179.39178466796875 585.1064453125
6 132.99220275878906 545.5369262695312 151.12156677246094 572.7393188476562
2 176.0033416748047 328.85113525390625 195.2638397216797 364.33282470703125
2 199.8263702392578 323.24713134765625 218.75489807128906 352.7423095703125
2 258.55419921875 361.2563171386719 281.2144775390625 402.8899841308594
2 0.0 312.156494140625 15.86259937286377 360.4478759765625
7 179.58860778808594 554.0386962890625 201.02342224121094 581.0902099609375
2 86.16140747070312 326.670166015625 108.67445373535156 366.266357421875
3 296.9949951171875 482.37652587890625 316.51220703125 503.26239013671875
2 310.60711669921875 346.90045166015625 329.8529052734375 378.90740966796875
6 268.47802734375 570.0616455078125 292.02001953125 608.508544921875
7 223.04287719726562 566.465087890625 248.99978637695312 604.3629150390625
2 204.01727294921875 346.49261474609375 226.349365234375 386.96051025390625
2 316.8720397949219 368.7764892578125 339.2562561035156 414.54241943359375
3 124.73873138427734 441.871337890625 137.57809448242188 457.5869140625
3 52.73957824707031 448.6211853027344 67.44551086425781 471.6542053222656
6 103.80555725097656 518.322265625 120.58372497558594 545.876953125
6 316.9249267578125 592.5361938476562 340.20196533203125 613.7857055664062
6 381.7611083984375 609.472900390625 400.109619140625 638.619873046875
4 66.40144348144531 319.17877197265625 85.46855163574219 328.38177490234375
6 42.554962158203125 529.6865234375 62.309967041015625 561.250244140625
7 85.00460815429688 517.3377685546875 101.95756530761719 543.4691162109375
6 211.25146484375 549.386474609375 225.91748046875 572.9210205078125
7 133.00985717773438 545.502197265625 151.21102905273438 572.6099853515625
6 331.03558349609375 596.6103515625 352.637451171875 624.454345703125
6 351.0955505371094 610.5791015625 380.9787292480469 640.0
6 84.62321472167969 517.7623291015625 101.88731384277344 543.6395263671875
4 9.459070205688477 304.83978271484375 31.6348934173584 315.07940673828125
4 0.0 336.4169921875 14.012832641601562 347.1868896484375
4 120.19900512695312 331.1424560546875 139.2728271484375 342.77557373046875
4 261.29150390625 379.8224792480469 279.1329345703125 390.9402160644531
7 42.58306121826172 529.413330078125 62.72254180908203 560.4072265625
7 103.43274688720703 518.3865966796875 120.30480194091797 546.31591796875
7 308.56085205078125 564.7069091796875 327.23577880859375 599.1788330078125
7 209.5614776611328 549.1707763671875 226.70445251464844 574.0384521484375
4 368.1187438964844 381.22900390625 388.1344299316406 392.5546875
6 223.34219360351562 565.9603271484375 249.14254760742188 603.7337646484375
6 262.8260498046875 561.6907958984375 281.122802734375 589.8155517578125
6 308.7106018066406 565.5711669921875 326.6188049316406 598.4969482421875
2 234.03555297851562 355.24688720703125 251.80996704101562 379.34649658203125