11 0.0484375 0.16484375 0.096875 0.3296875
5 0.7890625 0.06171875 0.14375 0.1234375
10 0.86796875 0.23203125 0.2640625 0.1953125
11 0.84921875 0.16484375 0.3015625 0.3296875
2 0.15546875 0.66484375 0.3109375 0.6703125
11 0.19453125 0.66484375 0.3890625 0.6703125
2 0.9421654872692757 0.6419729412396862 0.0944954346753633 0.06515338001272682
9 0.9792200445974123 0.6798178392345955 0.041243165340545215 0.05359771467218159
9 0.936714371260367 0.7076524852403224 0.051980670671545326 0.036537484006999674
10 0.97109375 0.815625 0.0578125 0.175
10 0.9734375 0.9203125 0.053125 0.159375
11 0.86796875 0.94375 0.2640625 0.1125
11 0.85078125 0.93125 0.2984375 0.1375
11 0.846875 0.7234375 0.30625 0.3
11 0.85234375 0.73671875 0.2953125 0.2546875
2 576.3948974609375 391.04443359375 58.228515625 76.69970703125
0 526.5789794921875 539.8358154296875 67.6973876953125 58.037353515625
4 580.633544921875 426.5268859863281 38.67333984375 18.55560302734375