8 0.8640625 0.22734375 0.271875 0.1828125
5 0.778125 0.07265625 0.44375 0.1453125
11 0.7046875 0.159375 0.590625 0.31875
5 0.28111975243588694 0.5509208940563155 0.039217036104353474 0.027017033338636053
5 0.19199920686356364 0.8084601267106798 0.05803066861791084 0.038172709341181485
9 0.28362258371978016 0.5782919160566337 0.02196590359079629 0.01587953866963616
9 0.1930713483541114 0.8584692173774526 0.01573408430895542 0.01893181333545435
10 0.14876735733110186 0.8970135493714073 0.07249314441741399 0.1070863413430903
10 0.2660219932625047 0.6413640807208612 0.04901928298109546 0.10056362133990877
11 0.27728220100983114 0.6969601000556793 0.15660556576579943 0.33148745202099905
11 0.1859375 0.8921875 0.1875 0.215625
2 0.6345896652000652 0.6271652207192704 0.1996101563212708 0.20387152936027136
9 0.6301753968533009 0.8083515860518613 0.1114738311856975 0.0934783746817267
10 0.6578125 0.9390625 0.24375 0.121875
11 0.678125 0.759375 0.3625 0.48125