12 0.9890625 0.1984375 0.021875 0.08125
12 0.7365953120623608 0.1140625 0.03201361600890884 0.065625
12 0.5575345207272245 0.10078125 0.027362478675999568 0.06875
12 0.4146566773949517 0.10859375 0.022529528007635947 0.05625
12 0.00390625 0.621875 0.0078125 0.08125
12 0.0328125 0.58125 0.01875 0.025
12 0.9046875 0.77109375 0.190625 0.3640625
11 0.74921875 0.70390625 0.2109375 0.2703125
11 0.60078125 0.784375 0.3890625 0.43125
11 0.4640625 0.7375 0.190625 0.3375
2 106.44813537597656 598.287353515625 30.59027099609375 40.813720703125
2 176.18582153320312 576.7717895507812 12.7275390625 18.2384033203125