11 0.328125 0.034375 0.084375 0.06875
8 0.4525245154198981 0.031208051622447462 0.03928975897699054 0.039289758976990455
8 0.89296875 0.01640625 0.0578125 0.0328125
8 0.8016250907518631 0.0494888563681529 0.02198408430895533 0.01887726502711464
8 0.7697074702403583 0.030143958729285058 0.020385222872636888 0.012618174668035031
5 0.771875 0.00546875 0.025 0.0109375
5 0.80546875 0.0078125 0.0328125 0.015625
10 0.7958336330045366 0.10498942262493158 0.060156770880847074 0.13472043364502548
11 0.7703125 0.01953125 0.03125 0.0390625
11 0.796875 0.0875 0.0625 0.175
11 0.878125 0.26484375 0.196875 0.5296875
11 0.665625 0.26484375 0.215625 0.5296875
11 0.55390625 0.26484375 0.1890625 0.5296875
11 0.45625 0.26484375 0.075 0.5296875
10 0.44296875 0.10546875 0.0484375 0.1390625
10 0.58125 0.12109375 0.10625 0.2421875
10 0.693294440284325 0.13917859114464654 0.12802604781181834 0.25229881908544893
10 0.878945593973317 0.187315588414172 0.12827148750696793 0.29448631908544903
11 0.61484375 0.76484375 0.3140625 0.4703125
3 372.9474792480469 209.81661987304688 25.84283447265625 33.973419189453125
3 522.3125 109.18528747558594 27.6666259765625 42.674835205078125
5 502.80548095703125 0.0 25.20849609375 31.26868438720703