12 0.66796875 0.2296875 0.1765625 0.459375
11 0.78984375 0.2296875 0.4203125 0.459375
10 0.81328125 0.39140625 0.2953125 0.1359375
9 0.8064337479568966 0.27578125 0.14298745159900647 0.1375
5 0.8328125 0.02578125 0.18125 0.0515625
5 0.21738696701890453 0.490625 0.10032725292686635 0.05625
10 0.18101312978308287 0.565625 0.1617374515990065 0.1375
9 0.20070800624651594 0.5375 0.06888635538619425 0.0234375
11 0.1640625 0.63671875 0.2625 0.3546875
8 0.7015625 0.896875 0.24375 0.20625
5 0.70625 0.684375 0.253125 0.19375
11 0.78984375 0.78203125 0.4203125 0.4359375
5 104.78759002685547 300.7156982421875 60.53003692626953 54.4957275390625
3 138.98348999023438 436.626708984375 22.908905029296875 34.24365234375
3 37.44514465332031 414.7193603515625 25.378631591796875 29.87567138671875
4 107.96656799316406 324.6302490234375 42.66143798828125 20.5457763671875