13 0.43671875 0.31015625 0.0390625 0.0359375
11 0.4359375 0.3109375 0.0484375 0.06875
13 0.78671875 0.2546875 0.3921875 0.509375
11 0.80546875 0.2546875 0.3890625 0.509375
2 0.475 0.54140625 0.0203125 0.0203125
2 0.41171875 0.53828125 0.0109375 0.015625
2 0.4265625 0.5234375 0.025 0.028125
2 0.42421875 0.55078125 0.04375 0.0375
2 0.3359375 0.5421875 0.0234375 0.0234375
2 0.28359375 0.55078125 0.0453125 0.040625
2 0.2390625 0.56171875 0.015625 0.01875
2 0.22578125 0.5625 0.0171875 0.01875
2 0.19453125 0.55625 0.03125 0.0296875
2 0.1515625 0.53125 0.0234375 0.0234375
2 0.11015625 0.51875 0.0390625 0.01875
2 0.12265625 0.5625 0.065625 0.071875
2 0.06015625 0.5890625 0.01875 0.0234375
2 0.03828125 0.57890625 0.0109375 0.009375
13 0.0421875 0.60234375 0.0140625 0.028125
2 0.021875 0.578125 0.025 0.025
13 0.02265625 0.64921875 0.0453125 0.0953125
13 0.05703125 0.65234375 0.0359375 0.0828125
13 0.159375 0.60625 0.0359375 0.08125
13 0.22734375 0.6265625 0.0390625 0.071875
13 0.240625 0.61875 0.009375 0.0546875
13 0.3125 0.6203125 0.0171875 0.0234375
13 0.33984375 0.61796875 0.0609375 0.09375
13 0.39921875 0.61015625 0.021875 0.0890625
13 0.43046875 0.60234375 0.05625 0.06875
13 0.47265625 0.60546875 0.040625 0.08125
13 0.4328125 0.65859375 0.0765625 0.1453125
13 0.2859375 0.67109375 0.084375 0.1609375
13 0.19140625 0.640625 0.06875 0.103125
13 0.0921875 0.61953125 0.05 0.13125
13 0.1359375 0.7546875 0.0953125 0.2453125
9 0.47421875 0.5671875 0.0125 0.0125
9 0.41953125 0.5875 0.0203125 0.01875
9 0.3359375 0.5703125 0.0140625 0.0140625
9 0.296875 0.59453125 0.0078125 0.0203125
9 0.23984375 0.58125 0.0078125 0.009375
9 0.2265625 0.5828125 0.0109375 0.009375
9 0.19609375 0.5859375 0.0171875 0.015625
2 0.20703125 0.57890625 0.00625 0.0171875
9 0.153125 0.55703125 0.0125 0.0125
9 0.14765625 0.6140625 0.0078125 0.028125
9 0.06171875 0.61015625 0.009375 0.0109375
9 0.02421875 0.60546875 0.0125 0.0125
11 0.0109375 0.696875 0.021875 0.303125
11 0.03828125 0.59453125 0.01875 0.0421875
11 0.0265625 0.68828125 0.053125 0.2484375
11 0.059375 0.68203125 0.0421875 0.2125
11 0.1015625 0.7234375 0.08125 0.428125
11 0.159375 0.59453125 0.040625 0.153125
11 0.19453125 0.70078125 0.0875 0.325
11 0.228125 0.65234375 0.04375 0.2
11 0.23828125 0.6421875 0.0296875 0.1796875
11 0.2875 0.740625 0.0984375 0.425
11 0.34375 0.659375 0.071875 0.2625
11 0.4015625 0.62109375 0.04375 0.1859375
11 0.4234375 0.58125 0.075 0.14375
11 0.4765625 0.62109375 0.0515625 0.1859375
11 0.45234375 0.725 0.1546875 0.39375
11 0.13828125 0.76015625 0.1109375 0.4796875
11 0.6703125 0.5453125 0.065625 0.071875
6 164.7069091796875 578.85302734375 23.66851806640625 22.884033203125
2 114.82595825195312 347.56500244140625 20.48272705078125 35.45751953125
2 207.65713500976562 340.0129089355469 15.25604248046875 27.73944091796875
2 169.62765502929688 340.490478515625 24.32000732421875 46.92462158203125
3 19.907325744628906 427.49334716796875 17.68222427368164 16.4208984375
2 5.430328369140625 363.15081787109375 17.912120819091797 26.420166015625
2 89.93954467773438 334.10302734375 15.82183837890625 25.7645263671875
7 208.84674072265625 489.3427734375 16.57073974609375 17.7647705078125
7 57.56901931762695 561.384033203125 27.89089584350586 41.804931640625
6 193.8797607421875 580.1273193359375 20.248291015625 27.880126953125
7 4.742483139038086 501.469482421875 14.968149185180664 19.422607421875
7 226.4188232421875 489.671630859375 14.48211669921875 17.7347412109375
6 274.333740234375 556.1133422851562 25.4345703125 36.1260986328125
6 245.7982940673828 546.2099609375 29.148300170898438 34.00634765625
6 123.5962142944336 525.545166015625 17.03882598876953 18.411865234375
7 17.92182159423828 500.09295654296875 16.69574737548828 14.59307861328125
7 245.9285125732422 546.7164306640625 29.343643188476562 33.283203125
3 188.3221893310547 378.03704833984375 13.2183837890625 16.7061767578125
7 123.647705078125 525.3472900390625 16.595916748046875 18.8033447265625
2 58.75945281982422 329.29461669921875 17.02490234375 17.89306640625
2 140.17567443847656 353.451416015625 17.028778076171875 26.7672119140625