5 0.5734375 0.2566762051150478 0.153125 0.1821408551898025
2 0.784375 0.09529275663929937 0.1203125 0.15851245764913058
9 0.6234375 0.42591656362450003 0.0578125 0.14721134328594587
9 0.79296875 0.21946150966436145 0.0734375 0.06136474687674198
9 0.99296875 0.234375 0.0140625 0.05
10 0.96484375 0.384375 0.0703125 0.35
10 0.7671875 0.40390625 0.1625 0.3109375
11 0.58984375 0.35859375 0.2015625 0.4015625
11 0.7609375 0.28515625 0.234375 0.5484375
11 0.9453125 0.290625 0.109375 0.5375
2 0.08046875 0.73515625 0.1609375 0.3515625
11 0.17421875 0.7796875 0.3484375 0.440625
2 467.4466552734375 12.718719482421875 71.92333984375 166.61199951171875
3 481.81329345703125 264.53741455078125 48.9012451171875 61.505859375
2 0.0 372.0874938964844 96.08354949951172 267.9125061035156
4 479.16961669921875 101.61701965332031 53.4310302734375 33.377471923828125
2 0.0 414.3992004394531 95.55950927734375 225.60079956054688
5 145.18089294433594 48.38200378417969 50.15875244140625 67.54315185546875
4 0.0 535.3631591796875 60.75065612792969 83.046142578125