2 0.7053939436039746 0.3921875 0.15989315046753827 0.0890625
2 0.7033416059753694 0.2078125 0.12556360226293642 0.096875
2 0.503125 0.20859375 0.046875 0.0359375
9 0.7086512746914762 0.23515625 0.0455033975406721 0.0328125
9 0.725 0.44765625 0.03125 0.0234375
10 0.49296875 0.2734375 0.0265625 0.075
10 0.6152461874556545 0.31015625 0.2152442466803503 0.203125
11 0.50390625 0.259375 0.0484375 0.134375
11 0.63671875 0.3015625 0.2640625 0.315625
11 0.6875 0.40234375 0.378125 0.1140625
2 0.7467189012531051 0.5640625 0.025263620413308985 0.0453125
10 0.7410774344305924 0.59375 0.03779998184962743 0.0515625
11 0.734695624223938 0.61640625 0.06499880698520073 0.1609375