9 0.7192158133752253 0.29609375 0.07874426002545327 0.1875
2 0.72109375 0.0875 0.1984375 0.175
11 0.7625 0.3296875 0.40625 0.659375
13 0.7703125 0.4609375 0.38125 0.396875
9 0.38994648404677057 0.88984375 0.22887152936027144 0.1984375
2 0.31328125 0.82421875 0.2765625 0.3296875
11 0.36171875 0.8296875 0.3953125 0.340625
13 0.79921875 0.73828125 0.1953125 0.1578125
11 0.7796875 0.8296875 0.284375 0.340625
2 394.8800048828125 0.0 536.1451416015625 207.3834686279297
1 417.04193115234375 89.88302612304688 493.38531494140625 151.5706787109375
4 415.88104248046875 88.78045654296875 493.22515869140625 152.00941467285156