2 0.18203125 0.3074999243734474 0.00625 0.009411361436318443
13 0.178125 0.32544594847574837 0.009375 0.021929542154477667
13 0.265625 0.575955008584207 0.01875 0.04073408430895533
11 0.178125 0.3231021984757484 0.0140625 0.03601931323171659
11 0.26484375 0.5720442134046672 0.0265625 0.07046703610435348
2 0.26875 0.5447231893023663 0.0109375 0.012563632513557365
8 0.5375 0.17265625 0.075 0.2265625
10 0.6 0.4609375 0.2 0.315625
11 0.8859375 0.309375 0.228125 0.61875
11 0.71484375 0.309375 0.4296875 0.61875
9 0.2 0.7916259812604522 0.1953125 0.15738629488495234
10 0.209375 0.91953125 0.41875 0.1609375
11 0.25 0.809375 0.5 0.38125
8 0.75 0.69765625 0.5 0.1578125
10 0.75 0.86171875 0.5 0.2765625
11 0.75 0.809375 0.5 0.38125
5 320.2196044921875 0.02215576171875 101.1807861328125 83.68798065185547