2 0.76640625 0.0390625 0.0859375 0.078125
2 0.6252881646244565 0.07070011461650232 0.09022610534690845 0.10103633601209036
5 0.89609375 0.03203125 0.0890625 0.0640625
9 0.9152222739497295 0.1266933865770496 0.044549978675999566 0.0692590773392725
9 0.771654087285184 0.11274106926323046 0.04580339600572714 0.04271475867281786
9 0.6249967159452753 0.1628785239497296 0.04745680267345413 0.05054544000636332
10 0.625613239258458 0.3112887519494114 0.13922832137172544 0.2843942760184538
10 0.790266632598685 0.25859846192713964 0.14998400803627093 0.2688965453532717
10 0.95234375 0.30625 0.0953125 0.35
11 0.90078125 0.3046875 0.1984375 0.609375
11 0.7984375 0.3046875 0.265625 0.609375
11 0.63828125 0.3109375 0.2171875 0.596875
11 0.5703125 0.3203125 0.08125 0.578125
11 0.26484375 0.8046875 0.5296875 0.390625
10 0.28515625 0.85625 0.4171875 0.2875
8 0.271875 0.6796875 0.21875 0.140625
3 387.9945373535156 264.274658203125 31.4864501953125 52.3648681640625
2 374.813232421875 15.291423797607422 51.7371826171875 99.27255630493164
2 465.49627685546875 0.17630767822265625 52.2298583984375 81.3906478881836
5 550.30419921875 1.12200927734375 67.02685546875 101.30879211425781
3 599.6939086914062 179.86802673339844 28.0247802734375 37.80859375
3 455.2316589355469 229.6961669921875 25.0989990234375 36.66619873046875
4 471.2169189453125 38.987491607666016 42.2054443359375 20.21611785888672
4 378.2890319824219 63.97032165527344 44.530517578125 21.769744873046875