10 0.64609375 0.09341119505790285 0.1046875 0.16779655405833438
10 0.71875 0.3266463967551051 0.13125 0.24451359016268787
9 0.6390625 0.030870288442044556 0.03125 0.0454943071815924
9 0.7078125 0.17970776424154772 0.0203125 0.04074317466803503
5 0.74296875 0.10725604732083908 0.08125 0.10672269867214013
11 0.634375 0.19140625 0.14375 0.3828125
11 0.70703125 0.30157821906200794 0.2015625 0.5105476563212707
13 0.25625 0.7113935805965224 0.0390625 0.06897725897699054
9 0.26640625 0.6809839179305397 0.00625 0.010973861436318445
2 0.265625 0.665625 0.025 0.0125
11 0.2734375 0.74921875 0.09375 0.1796875