2 0.9265759694064057 0.22265625 0.0047602253341818114 0.00625
13 0.922115736075724 0.2421875 0.009647720003181703 0.0234375
11 0.9206350520766783 0.24921875 0.021039753341817756 0.0625
13 0.406607820058861 0.62734375 0.1520555853755436 0.3109375
13 0.5509845287237247 0.6140625 0.08977266669318062 0.1953125
2 0.45160050469445334 0.3984375 0.06824201734563573 0.090625
2 0.5585686673694983 0.46015625 0.03025112133990877 0.0484375
11 0.53671875 0.70859375 0.1640625 0.5828125
11 0.43359375 0.66484375 0.3703125 0.6703125
13 0.8046875 0.84140625 0.365625 0.3171875
2 0.7543351533656804 0.53828125 0.21837038136536221 0.2359375
9 0.7166277100572701 0.721875 0.09329656134627218 0.0953125
11 0.809375 0.696875 0.38125 0.60625
2 419.5189208984375 280.57769775390625 538.347900390625 494.9239501953125
4 428.6397705078125 391.70916748046875 524.2047729492188 439.53021240234375