2 0.63046875 0.359375 0.1421875 0.23125
11 0.6546875 0.3703125 0.190625 0.259375
11 0.93203125 0.28671875 0.1359375 0.4265625
2 0.13359375 0.6421382152689574 0.1390625 0.11724313868554467
9 0.1578125 0.7496689045990031 0.075 0.05712270401018138
13 0.13359375 0.83828125 0.2671875 0.2234375
11 0.15 0.784375 0.3 0.415625
8 0.89765625 0.765625 0.2046875 0.46875
10 0.790625 0.9 0.41875 0.2
11 0.7796875 0.75 0.440625 0.5
2 47.546268463134766 381.78289794921875 81.10400009155273 116.4874267578125
3 76.87782287597656 574.7264404296875 70.64639282226562 48.032958984375
4 62.13240051269531 435.54296875 59.808990478515625 24.40869140625
4 65.83557891845703 434.33685302734375 56.48841857910156 20.3558349609375