5 0.81015625 0.2469548724564124 0.0296875 0.020485216822512697
13 0.8171875 0.30949577907227066 0.0640625 0.08006020472226431
9 0.809375 0.27585657727687257 0.0203125 0.020430674668035033
11 0.81796875 0.2915315742518104 0.09375 0.11148292154477701
12 0.10625 0.6328125 0.2125 0.30625
5 0.2078125 0.6251742794650541 0.084375 0.08486587939029935
9 0.184375 0.8039441740788599 0.0703125 0.10665906615858275
10 0.19921875 0.9265625 0.2046875 0.146875
11 0.2078125 0.790625 0.334375 0.41875
5 507.69482421875 151.88467407226562 529.3292236328125 182.29867553710938
3 510.69854736328125 195.56271362304688 528.1403198242188 213.98818969726562
5 232.739013671875 592.98193359375 304.8526611328125 639.964599609375
4 508.24658203125 164.4315185546875 527.27099609375 175.15625