10 0.7416072796614459 0.15787054557232327 0.007921584308955332 0.018795451795398144
10 0.7424203459182245 0.16333475039278347 0.017460210772388508 0.04697499394987581
12 0.46484375 0.50390625 0.1796875 0.1296875
10 0.28359375 0.90546875 0.2015625 0.1890625
9 0.26610939343545537 0.7648740036142373 0.07072156615858276 0.07072156615858276
5 0.25187820091163526 0.601670021666414 0.10840337334017516 0.1021897347764936
11 0.35234375 0.7609375 0.4765625 0.478125
12 0.9296875 0.71953125 0.140625 0.5609375
12 0.76484375 0.78671875 0.2921875 0.4265625
5 127.34169006347656 356.3546142578125 71.13229370117188 163.01171875
4 136.28665161132812 417.3868408203125 61.3350830078125 48.3138427734375