12 0.08104740769601282 0.271875 0.09655787919390768 0.2140625
12 0.37109375 0.2640625 0.1234375 0.23125
13 0.625 0.0265625 0.075 0.053125
13 0.46328125 0.04453125 0.0890625 0.0890625
11 0.4734375 0.13984375 0.121875 0.2796875
11 0.6234375 0.11796875 0.146875 0.2359375
11 0.69609375 0.1578125 0.0859375 0.315625
10 0.5065615338648584 0.48671875 0.033139752926866176 0.05625
5 0.5091689042781672 0.44140625 0.015697722872636887 0.0125
9 0.5098728862259905 0.4546875 0.014126132513557366 0.0109375
11 0.5150280188377436 0.50859375 0.053997674471643366 0.15
11 0.8554121243221339 0.7359375 0.05099084913967822 0.1703125