11 0.3298673664062882 0.5410582821053134 0.08671018052176756 0.13381247334499946
11 0.34099926736480574 0.3060474827736769 0.031586343285945874 0.05817612667090888
13 0.3440833607489474 0.2990525954407678 0.011055674668035032 0.02043976933481808
13 0.31339293871319107 0.5291486281030862 0.03471134328594587 0.05821248933799979
9 0.31709011045435986 0.49325658143694984 0.012563632513557365 0.011082950668363623
5 0.3193565924021831 0.48000260343726797 0.012554542154477844 0.009520450668363623
2 0.35026063787631045 0.2866253207749496 0.009438632513557366 0.011046588001272539
9 0.8469851260706497 0.10807032272436094 0.11209197560311139 0.19972837468172652
11 0.76484375 0.31484375 0.4703125 0.6296875
13 0.75625 0.3265625 0.453125 0.60625
13 0.7496930113146816 0.8271497760979954 0.021974993949875808 0.017442038669636162
11 0.7519913095192834 0.8193645480983136 0.028334078258831143 0.03626476400381797