5 0.984375 0.0125 0.03125 0.025
10 0.9671875 0.0765625 0.065625 0.1125
11 0.94765625 0.1515625 0.1046875 0.303125
2 0.313954978333586 0.7234375 0.01884999394987581 0.0171875
11 0.3034401800307882 0.79609375 0.0681692587805987 0.16875
13 0.01328125 0.7796875 0.0265625 0.0625
2 0.01790213494944424 0.73046875 0.018886355386194254 0.0234375
11 0.01796875 0.809375 0.0359375 0.1875
2 0.8577918576256895 0.59453125 0.015697722872636887 0.0125
9 0.8539628756778661 0.6078125 0.009429542154477843 0.009375
10 0.8524912792686624 0.6234375 0.0220658975406721 0.0328125
11 0.8579918455254412 0.62890625 0.05048178903121965 0.0828125