10 0.521875 0.21953125 0.14375 0.2390625
11 0.46953125 0.16953125 0.2796875 0.3390625
8 0.4876801713080921 0.10274566657480737 0.028706802673454136 0.05016362646343313
2 0.48125 0.03359375 0.090625 0.0671875
8 0.27113482459423055 0.5493757477605048 0.4042897000318167 0.2367112222834617
5 0.29375 0.3828125 0.503125 0.0875
10 0.3046875 0.665625 0.609375 0.225
11 0.3046875 0.5703125 0.609375 0.4625
13 0.94765625 0.51328125 0.1046875 0.2609375
9 0.9410677059595928 0.37017003679172455 0.034884077339272325 0.043949987899751616
11 0.9265625 0.66953125 0.146875 0.6609375
2 285.903076171875 0.0 48.85601806640625 71.56300354003906