2 0.5949477786441829 0.118263482733906 0.11197383601209036 0.09035337468172658
8 0.6080921213001379 0.197333364735815 0.07736247867599957 0.06964088534372684
13 0.64140625 0.2546875 0.1859375 0.06875
11 0.68359375 0.16875 0.4484375 0.240625
8 0.6536836952578217 0.5782293760741328 0.5065612720400892 0.30116688940163316
2 0.60078125 0.36953125 0.5609375 0.1609375
10 0.634375 0.7859375 0.73125 0.428125
11 0.634375 0.64453125 0.73125 0.7109375
0 413.05523681640625 79.78582763671875 460.73712158203125 145.56436157226562
2 356.0390625 53.73868179321289 413.8970947265625 161.682861328125
4 363.242919921875 98.85523986816406 409.34686279296875 121.79789733886719