12 0.28125 0.39921875 0.065625 0.0609375
12 0.41484375 0.3953125 0.0453125 0.06875
12 0.53984375 0.39296875 0.0203125 0.0640625
12 0.22890625 0.3078125 0.021875 0.0375
12 0.11015625 0.30703125 0.0296875 0.053125
12 0.2765625 0.30625 0.0171875 0.034375
12 0.27421875 0.290625 0.015625 0.0328125
12 0.234375 0.2796875 0.015625 0.03125
12 0.19609375 0.26640625 0.009375 0.021875
12 0.0640625 0.26640625 0.0203125 0.0359375
12 0.03671875 0.27265625 0.0171875 0.0359375
12 0.0359375 0.25390625 0.015625 0.0296875
12 0.16640625 0.25390625 0.009375 0.01875
12 0.14453125 0.2484375 0.0109375 0.01875
12 0.1359375 0.2453125 0.0109375 0.01875
12 0.37578125 0.27421875 0.0078125 0.0171875
12 0.3328125 0.26640625 0.0078125 0.015625
12 0.446875 0.2875 0.009375 0.0203125
12 0.52890625 0.3015625 0.0125 0.021875
12 0.48984375 0.28828125 0.009375 0.01875
12 0.4328125 0.28046875 0.009375 0.01875
12 0.3703125 0.26875 0.009375 0.0171875
12 0.32109375 0.26171875 0.0078125 0.01875
10 0.63125 0.19296875 0.01875 0.034375
9 0.63828125 0.1640625 0.009375 0.0125
5 0.63671875 0.14765625 0.0140625 0.015625
11 0.63984375 0.18359375 0.0453125 0.0890625
11 0.04140625 0.8921875 0.0328125 0.0875
13 0.03828125 0.88671875 0.0140625 0.0328125
13 0.95625 0.53125 0.0875 0.203125
11 0.84140625 0.71484375 0.3171875 0.5703125