10 0.2046875 0.4375 0.034375 0.04375
5 0.2046875 0.39921875 0.015625 0.0125
9 0.20703125 0.4125 0.0140625 0.0109375
11 0.21171875 0.425 0.0578125 0.06875
12 0.63359375 0.32578125 0.1265625 0.2640625
13 0.97265625 0.0421875 0.0546875 0.084375
13 0.86875 0.046875 0.078125 0.09375
13 0.7125 0.0671875 0.090625 0.134375
11 0.72578125 0.1609375 0.1296875 0.321875
11 0.8703125 0.13671875 0.153125 0.2734375
11 0.94609375 0.175 0.1078125 0.35
7 462.96514892578125 172.76873779296875 35.950927734375 30.563690185546875
7 597.3472900390625 184.96798706054688 38.1064453125 41.789337158203125
3 472.05462646484375 13.876542091369629 22.524169921875 24.03049373626709
7 573.900634765625 118.03370666503906 29.2822265625 53.59527587890625
3 372.7567138671875 13.040843963623047 19.627197265625 17.022968292236328
3 530.4105224609375 3.0113677978515625 16.0665283203125 16.96048927307129
3 444.6947021484375 37.988800048828125 18.6990966796875 18.199722290039062
5 127.19245147705078 253.51309204101562 10.175102233886719 14.55096435546875