13 0.28714301433974365 0.7757064436039746 0.03160452400410509 0.0611193071815924
9 0.28306404751723085 0.7460416695016736 0.0063136325135573655 0.010973861436318445
2 0.28761973731057644 0.7233581484244347 0.022029536104353653 0.02668976502711473
11 0.2661719841873184 0.7969229134515494 0.07452834308955403 0.1879272468767419
8 0.8418158370394299 0.709100205704223 0.09286927693097127 0.11772383118569749
8 0.5225118460164204 0.7500216841360048 0.10854881908544911 0.1271897347764937
5 0.541456767855785 0.6491268046475096 0.10508747579950324 0.06935905405833438
5 0.8199948583130606 0.5842229255517978 0.1363738372358217 0.07579086123992677
10 0.78203125 0.90703125 0.2921875 0.1859375
10 0.4921875 0.90859375 0.246875 0.1828125
11 0.7703125 0.76484375 0.459375 0.4703125
11 0.50625 0.79296875 0.275 0.4140625