12 0.1821552352800934 0.025 0.009556813335454351 0.015625
12 0.16809273528009339 0.025 0.01111931333545435 0.015625
12 0.15012398528009338 0.025 0.009556813335454351 0.015625
12 0.1337177352800934 0.025 0.009611357336090798 0.0203125
12 0.12199898528009338 0.025 0.009611357336090798 0.0203125
12 0.11263307594686607 0.02421875 0.011155676002545346 0.01875
13 0.27095355860123027 0.74140625 0.014353401336727245 0.025
11 0.27252514926800303 0.740625 0.017551126670908877 0.03125
2 0.2773217372692757 0.73125 0.006359088001272539 0.009375
2 0.1493496365770496 0.91953125 0.012663632001908986 0.0140625
9 0.14687861724223145 0.93046875 0.007903406667727176 0.0078125
13 0.14130986990773148 0.9390625 0.022165901336727068 0.025
11 0.14140986724223142 0.93046875 0.025454533338636055 0.0390625
2 0.3846257072724574 0.7078125 0.006340906667727175 0.0078125
2 0.3744967292727755 0.70546875 0.006322725334181811 0.00625
2 0.3924563886060028 0.70625 0.007885225334181812 0.00625
2 0.4078813939370029 0.7234375 0.007903406667727176 0.0078125
13 0.40619162460218483 0.734375 0.014207950668363622 0.0125
13 0.3922654846037756 0.72265625 0.012736357336090798 0.0203125
13 0.38373536927118473 0.7171875 0.004796588001272539 0.009375
13 0.37360639127150286 0.71484375 0.00950226933481808 0.0109375
11 0.37442400393859376 0.71171875 0.012718176002545434 0.01875
11 0.384571163271821 0.7125 0.008030676002545433 0.01875
11 0.39309218793763917 0.71875 0.014426126670909057 0.03125
11 0.40623707793604835 0.73046875 0.014353401336727245 0.025
3 439.77056884765625 4.626716613769531 492.54779052734375 53.275421142578125