2 0.04463705394654793 0.2421875 0.017405676002545258 0.01875
9 0.04280183394336623 0.265625 0.011119313335454439 0.015625
13 0.04397343527213922 0.29921875 0.036664753341817756 0.0625
11 0.04321036660568463 0.29765625 0.054652232017817326 0.13125
11 0.9398842772517766 0.13203125 0.024092028007635945 0.05625
13 0.9398479145846856 0.13515625 0.019131808004454243 0.0328125
11 0.34765625 0.753125 0.3234375 0.49375
13 0.29609375 0.87265625 0.1265625 0.2546875
9 0.3166222366327288 0.665625 0.039607940006363404 0.046875
5 0.32325459197963735 0.565625 0.07336586935072642 0.128125
8 0.9046875 0.87109375 0.190625 0.2578125
5 0.8375 0.71796875 0.325 0.1609375
11 0.809375 0.8078125 0.38125 0.384375
3 249.57359313964844 618.031494140625 286.6990966796875 640.0
2 151.19271850585938 311.10595703125 240.71371459960938 456.0142822265625
4 183.18014526367188 382.886962890625 226.79495239257812 421.70086669921875