2 0.2562660971947707 0.40603391490547763 0.051853391490547726 0.05029998184962743
2 0.29620984114464655 0.38907821906200796 0.03774543969514958 0.04240566861791084
2 0.32768710012163693 0.35019752624360034 0.05187157220870695 0.05342498184962743
2 0.4425035790443982 0.3555531676359521 0.03460225897699054 0.03926248789975162
2 0.454463223560008 0.3142150953290493 0.03773634933607006 0.040843168617910666
9 0.3485808622218854 0.3846952460911751 0.01571590359079611 0.015715903590796287
9 0.2983626936039746 0.4219043546006274 0.02200226502711473 0.02200226502711473
9 0.27265625 0.4421875 0.0234375 0.015625
13 0.30625 0.43359375 0.071875 0.0328125
13 0.35234375 0.41953125 0.0921875 0.0609375
13 0.4546875 0.40234375 0.05 0.0953125
11 0.3703125 0.38359375 0.165625 0.1328125
11 0.3203125 0.40703125 0.13125 0.0859375
8 0.73984375 0.27890625 0.5203125 0.3421875
5 0.734375 0.08203125 0.509375 0.1640625
10 0.73984375 0.39765625 0.5203125 0.1046875
11 0.73984375 0.225 0.5203125 0.45
13 0.43885185909862745 0.5076736829576545 0.03783634328594587 0.05803066861791066
11 0.42858197961013217 0.5271458456236369 0.08050563231716552 0.1410886083130606
11 0.7766785911446465 0.6487385236113216 0.047402240826617884 0.09089771077238851
2 277.457275390625 190.95375061035156 304.8065185546875 227.3163604736328
2 179.32884216308594 238.16775512695312 200.8359832763672 263.7607727050781
3 219.56097412109375 213.20510864257812 236.56988525390625 229.14389038085938
3 242.31719970703125 207.72601318359375 258.498779296875 221.57122802734375