11 0.79765625 0.08984375 0.3109375 0.1796875
11 0.753125 0.16953125 0.246875 0.3390625
5 0.42265625 0.4109375 0.4140625 0.14375
9 0.37734375 0.64453125 0.5046875 0.2609375
10 0.31484375 0.87421875 0.6296875 0.2515625
11 0.31484375 0.66953125 0.6296875 0.6609375
11 0.9828125 0.73359375 0.034375 0.0578125
5 0.9784361557320956 0.7109672945576413 0.014135222872636887 0.012663632001909165
9 0.9777276286047325 0.7234763852244142 0.007885222872636887 0.012590906667727175
10 0.9840685321955286 0.7390286598902323 0.020530668617910662 0.0377363573360908
2 621.2841186523438 452.08123779296875 12.033203125 13.68798828125