9 0.09140625 0.484375 0.0421875 0.009375
9 0.23433707592114014 0.5114804598886258 0.04402271077238851 0.047129530054229284
9 0.3615626512531051 0.5325338241536146 0.04564884328594587 0.058076120413308986
9 0.43346037715080427 0.529045730671277 0.058167024004104916 0.06127384328594587
10 0.46171875 0.73984375 0.1359375 0.5203125
10 0.3752382901113743 0.733401432564871 0.061474872947391644 0.3612829336450254
10 0.24052746770627548 0.656052616504484 0.12188513212077404 0.2710124576491305
10 0.07748711222188538 0.613696423980664 0.13273172852997775 0.25545109016268785
11 0.08984375 0.73984375 0.1796875 0.5203125
11 0.24375 0.73984375 0.196875 0.5203125
11 0.35859375 0.73984375 0.1640625 0.5203125
11 0.43125 0.73984375 0.196875 0.5203125
11 0.5953280763139237 0.9318191892041703 0.048955650467538095 0.08934430113146803
10 0.5891053473911625 0.9270953277678519 0.02208407825883114 0.03606476502711473
13 0.5866399193052818 0.6794163518701528 0.01428066861791084 0.03758181323171659
2 0.5976955939733168 0.6591674843837102 0.007867042154477666 0.009420451795398143
11 0.5896876512531051 0.6927157825883121 0.025472698672140127 0.08139544574527377
3 136.1778564453125 483.88299560546875 167.421875 534.9365234375
3 241.38363647460938 531.0196533203125 287.2525329589844 594.0831298828125
0 0.0 53.31367492675781 52.74350357055664 145.8203582763672
3 76.40382385253906 459.73583984375 100.59068298339844 488.2598876953125