2 0.04546232940799655 0.2206114400879331 0.028434082670272608 0.026726126463433177
2 0.3196628980744512 0.21745358206946025 0.04107953333863605 0.039298849336070064
2 0.3586344914067238 0.20941382309246973 0.028506808004454244 0.032976126463433175
2 0.38125 0.17890625 0.015625 0.0421875
9 0.35352027741086 0.2399143893492484 0.017387494668999894 0.01728749394987581
9 0.32715777207986 0.2572564254536019 0.018968176002545432 0.01885908430895533
8 0.04815152474536002 0.25028530454931375 0.020512494668999893 0.01730567466803503
13 0.04140625 0.2953125 0.0515625 0.06875
13 0.29296875 0.2875 0.0671875 0.084375
13 0.35 0.28359375 0.046875 0.0921875
13 0.3765625 0.2765625 0.025 0.10625
11 0.34921875 0.25859375 0.0546875 0.1421875
11 0.2984375 0.2625 0.09375 0.134375
11 0.053125 0.265625 0.090625 0.128125
2 0.8458601293761798 0.09097744048071661 0.1503647213558171 0.16648858411256368
2 0.5549265940483614 0.13329779244906534 0.13264996268299925 0.12107609016268786
9 0.5689174633990879 0.26135006957642837 0.0851931600095451 0.07080337939029935
9 0.8274021253978152 0.25047061514875163 0.09469542934436319 0.08179542154477701
11 0.575 0.2 0.30625 0.259375
11 0.8078125 0.16796875 0.2875 0.3234375
9 0.34140625 0.78359375 0.0953125 0.2921875
10 0.234375 0.93515625 0.309375 0.1296875
11 0.19453125 0.66484375 0.3890625 0.6703125
2 318.3201904296875 52.02955627441406 82.3065185546875 141.7627410888672
2 192.6173095703125 126.94108581542969 27.22711181640625 41.236724853515625
2 19.72336196899414 132.09791564941406 22.48548126220703 32.546112060546875
4 326.75030517578125 109.53799438476562 67.9638671875 36.320892333984375
2 221.50393676757812 123.3305435180664 19.048095703125 24.64995574951172
1 503.06524658203125 87.15695190429688 69.3753662109375 62.362152099609375
3 4.863178730010986 165.9306640625 12.926970958709717 13.3319091796875