2 0.61953125 0.2234375 0.0234375 0.0125
9 0.3703125 0.6270100111182898 0.0078125 0.010982951795398144
2 0.37109375 0.6074833062978297 0.01875 0.03292158430895533
11 0.36640625 0.7043310352205907 0.04375 0.22837953005422937
10 0.2265625 0.597267448082965 0.025 0.05795794574527378
2 0.2234375 0.5542805173648058 0.015625 0.020403403590796287
11 0.2265625 0.640236198082965 0.04375 0.19712953005422928
8 0.75078125 0.48359375 0.4984375 0.3296875
2 0.740625 0.28046875 0.45625 0.1015625
10 0.7046875 0.821875 0.590625 0.35625
11 0.7046875 0.61484375 0.590625 0.7703125