9 0.2140625 0.51796875 0.209375 0.2515625
5 0.184375 0.1234375 0.26875 0.246875
11 0.159375 0.34453125 0.31875 0.6890625
11 0.6609375 0.39453125 0.259375 0.5890625
13 0.7182725734006787 0.49296875 0.1020555853755436 0.3109375
9 0.7155090107017712 0.25546875 0.036446577339272326 0.04375
5 0.7159169960216354 0.15625 0.06549882535009015 0.1234375
11 0.05546875 0.84453125 0.1109375 0.3109375
11 0.4203125 0.84453125 0.203125 0.3109375
3 361.57244873046875 348.2440185546875 401.09161376953125 410.35302734375
5 250.7957763671875 441.70147705078125 331.65216064453125 573.6489868164062
1 28.382415771484375 116.09474182128906 217.62722778320312 216.5459747314453
2 18.584548950195312 0.0 206.19007873535156 321.81634521484375