2 0.5546875 0.1125 0.08125 0.1015625
2 0.88125 0.15078125 0.146875 0.203125
2 0.68671875 0.15625 0.084375 0.09375
5 0.79609375 0.16328125 0.0625 0.0796875
9 0.5484375 0.1953125 0.0421875 0.040625
9 0.684375 0.2421875 0.0453125 0.0484375
9 0.80546875 0.271875 0.046875 0.0578125
9 0.87265625 0.271875 0.059375 0.0625
10 0.90234375 0.35703125 0.1953125 0.2640625
10 0.8046875 0.38984375 0.08125 0.1984375
10 0.67890625 0.36953125 0.1328125 0.2390625
10 0.5484375 0.33203125 0.096875 0.2515625
11 0.57109375 0.27109375 0.1421875 0.4359375
11 0.6765625 0.29609375 0.2375 0.3859375
11 0.7859375 0.30546875 0.20625 0.3671875
11 0.86953125 0.26875 0.2609375 0.440625
9 0.096875 0.87421875 0.009375 0.0109375
2 0.09765625 0.85546875 0.0203125 0.0328125
11 0.09375 0.91953125 0.059375 0.1609375
10 0.234375 0.859375 0.0296875 0.05625
2 0.240625 0.81953125 0.015625 0.021875
11 0.23046875 0.9 0.05625 0.1859375