13 0.74609375 0.06015625 0.1296875 0.1203125
13 0.5171875 0.06953125 0.134375 0.1390625
11 0.53828125 0.134375 0.1953125 0.26875
11 0.753125 0.134375 0.196875 0.26875
12 0.23998711222188537 0.7745206726249316 0.03151362041330898 0.04549430718159222
9 0.32981826844496015 0.5076008173369331 0.050654505853732344 0.11279089149054791
2 0.34453125 0.3796875 0.1296875 0.1375
13 0.33828125 0.7515625 0.1421875 0.496875
11 0.32109375 0.65234375 0.1765625 0.6953125
9 0.5251716750608184 0.3095910850945223 0.0800420240041051 0.06140110831306052
10 0.5398694584346975 0.46887518150372615 0.19061695140261464 0.2682874334486337
11 0.59453125 0.6046875 0.3703125 0.671875