11 0.2125 0.1015625 0.334375 0.203125
11 0.31015625 0.26953125 0.1390625 0.4203125
2 0.48046875 0.05078125 0.1671875 0.1015625
2 0.45703125 0.11015625 0.1546875 0.1390625
2 0.9375 0.0984375 0.125 0.196875
2 0.5604537701934761 0.27734375 0.18401242739850954 0.20625
2 0.92890625 0.4 0.1421875 0.153125
2 0.60234375 0.41875 0.2140625 0.121875
5 0.4296875 0.371875 0.1 0.134375
9 0.4822702037403056 0.4015625 0.03151362041330898 0.0453125
2 0.92578125 0.29140625 0.1484375 0.1328125
10 0.9272276588553534 0.20625 0.10856699980360815 0.1296875
10 0.7996253545024314 0.29609375 0.18731923458010194 0.2375
5 0.7940424541330892 0.1421875 0.10842155405833438 0.1046875
9 0.7217725443939729 0.20859375 0.04246930113146803 0.0484375
11 0.49609375 0.1125 0.2328125 0.225
10 0.5484375 0.078125 0.084375 0.15625
10 0.43203125 0.27734375 0.1046875 0.1953125
10 0.8515625 0.4453125 0.134375 0.06875
11 0.86171875 0.40234375 0.2765625 0.1546875
11 0.91953125 0.17265625 0.1609375 0.2765625
11 0.7782543485505031 0.2484375 0.3458953247427898 0.36875
11 0.45 0.390625 0.140625 0.178125
11 0.5596679750139363 0.2765625 0.180923788834828 0.2125
11 0.465625 0.21484375 0.171875 0.3546875
13 0.75390625 0.4875 0.0328125 0.015625
11 0.775 0.55859375 0.090625 0.1578125
3 196.31207275390625 38.52483367919922 31.902740478515625 31.810958862304688
3 113.30097961425781 32.796974182128906 37.9312744140625 39.78181457519531
5 454.07568359375 64.17462158203125 87.5697021484375 97.43656921386719
2 307.66107177734375 133.13479614257812 111.7515869140625 102.89385986328125
2 570.888916015625 28.811973571777344 69.111083984375 91.59130859375
2 263.417236328125 0.016010284423828125 99.9727783203125 49.41668701171875
2 549.9581298828125 149.98095703125 89.8936767578125 73.9788818359375