11 0.0140625 0.39609375 0.028125 0.1015625
13 0.7490771307288153 0.19188960167376107 0.015897720003181702 0.023528403590796287
11 0.7474964493952699 0.19031801131468154 0.019095445337363515 0.02979658430895533
2 0.7419367927275426 0.18247369505790284 0.006359088001272717 0.009411361436318443
2 0.878266286083678 0.3512242159387499 0.01266363200190881 0.014135222872636887
9 0.8815185554184961 0.36217989665690914 0.00792158800127254 0.009420451795397966
13 0.8878594620862232 0.37002875809322766 0.02374658267027243 0.026698855386194254
11 0.8862060554184961 0.36220716773414807 0.027017033338636053 0.039217036104353474
2 0.6386572513924064 0.16859248135864807 0.006340906667727175 0.007848861436318444
2 0.6479958887253154 0.16552202351312584 0.007903406667727353 0.007857951795397966
2 0.6308265700588609 0.16698452956325002 0.007903406667727176 0.007857951795397966
2 0.6177544053946336 0.1848760115110732 0.007921588001272717 0.009420451795397966
13 0.620216334062679 0.19504589704969266 0.014207950668363622 0.012581813231716588
13 0.6325708833943153 0.18261861992232956 0.014317038669636161 0.02195681323171641
13 0.6395475893936791 0.17797202653818794 0.004796588001272717 0.009402271077238922
13 0.6488862267265881 0.1749015686926656 0.00950226933481808 0.010992042154477666
11 0.6480686140594972 0.17177202351312584 0.012718176002545434 0.018822722872636886
11 0.6394930453930427 0.17328452653818793 0.009593176002545256 0.018804542154477844
11 0.6309720207272245 0.17948452956325003 0.01598862667090888 0.03134090359079629
11 0.619398721395588 0.1919163518701529 0.015915901336727066 0.025090903590796288
11 0.2796875 0.7296875 0.0625 0.140625