11 0.28046875 0.23722366275458687 0.0546875 0.09126134667409058
11 0.76484375 0.234375 0.4703125 0.46875
10 0.803125 0.290625 0.39375 0.35625
8 0.86640625 0.11049588872531543 0.196875 0.21010334802672617
2 0.334375 0.69609375 0.25 0.4546875
9 0.3453125 0.9046875 0.228125 0.190625
11 0.2296875 0.734375 0.459375 0.53125
8 0.62421875 0.72578125 0.3296875 0.3453125
5 0.56953125 0.53203125 0.2203125 0.1265625
10 0.7296875 0.8765625 0.540625 0.246875
11 0.7296875 0.734375 0.540625 0.53125
5 143.8543701171875 339.96221923828125 151.52310180664062 300.03778076171875
2 494.4044189453125 0.3608970642089844 141.1409912109375 53.674888610839844
4 160.1810760498047 457.79412841796875 66.849365234375 37.5042724609375