2 0.05397599033563853 0.21253800469445325 0.007867042154477666 0.009465906667727175
13 0.0548572342855143 0.22973459536122592 0.012654536104353475 0.026707950668363623
13 0.05884075233769104 0.2430612986950896 0.026998837235821683 0.07530908267027261
2 0.10894529146710666 0.9097948126989076 0.01729658430895542 0.01894999466899989
9 0.1129833516737611 0.9324965160327713 0.012590903590796199 0.015770450668363623
13 0.12254470403489326 0.964636854034044 0.0362920240041051 0.06135567067154497
11 0.12109375 0.9484375 0.0578125 0.103125
9 0.851404981358648 0.7941094620862232 0.0848204275949012 0.07754429201145392
9 0.9578125 0.73828125 0.084375 0.1453125
2 0.82109375 0.69140625 0.1484375 0.1234375
10 0.88046875 0.89140625 0.2390625 0.2171875
11 0.91328125 0.8921875 0.1734375 0.215625
11 0.81953125 0.81484375 0.3609375 0.3703125
11 0.85546875 0.81484375 0.2890625 0.3703125
2 483.63037109375 404.39398193359375 92.6309814453125 126.561279296875
1 502.4740295410156 450.9501647949219 68.15499877929688 44.998046875
4 504.05450439453125 452.3756408691406 67.174560546875 38.20635986328125
0 414.2384033203125 576.9249267578125 81.0780029296875 63.0750732421875