8 0.7109375 0.21328125 0.14375 0.2484375
10 0.8 0.36015625 0.321875 0.2578125
11 0.81953125 0.24453125 0.3609375 0.4890625
2 0.23984375 0.5203125 0.0828125 0.0625
2 0.0984375 0.54140625 0.0875 0.0984375
5 0.36953125 0.515625 0.0859375 0.053125
5 0.00703125 0.54453125 0.0140625 0.0828125
9 0.56328125 0.509375 0.0734375 0.040625
9 0.38828125 0.60625 0.0421875 0.06875
9 0.24375 0.58828125 0.0453125 0.0421875
9 0.0984375 0.6328125 0.046875 0.05
10 0.096875 0.7828125 0.13125 0.28125
10 0.26328125 0.73359375 0.1421875 0.265625
10 0.45390625 0.78671875 0.1421875 0.346875
10 0.58046875 0.75546875 0.1171875 0.4890625
11 0.55625 0.74453125 0.165625 0.5109375
11 0.4140625 0.74453125 0.2625 0.5109375
11 0.2703125 0.74453125 0.24375 0.5109375
11 0.10234375 0.74453125 0.2046875 0.5109375
11 0.0359375 0.75 0.071875 0.5
13 0.81640625 0.90546875 0.1828125 0.1890625
2 0.68671875 0.8671875 0.08125 0.1453125
9 0.72109375 0.9140625 0.0265625 0.059375
11 0.80625 0.8859375 0.3125 0.228125