2 0.77578125 0.4167450549420971 0.0765625 0.04419542759490121
2 0.7265625 0.3896876512531051 0.0515625 0.03467498184962743
9 0.71796875 0.411612648228043 0.0359375 0.01739657825883114
9 0.75390625 0.4371848199692119 0.025 0.017332945745273776
13 0.703125 0.43671875 0.09375 0.0453125
11 0.75 0.421875 0.203125 0.075
11 0.6796875 0.4046875 0.18125 0.109375
2 0.80390625 0.2712689284786641 0.009375 0.006304542154477666
13 0.80234375 0.2806530188377437 0.0171875 0.01416249394987581
11 0.80390625 0.283768928478664 0.025 0.03452044574527378
2 0.7953125 0.295537675453602 0.009375 0.006304542154477666
13 0.79765625 0.30568028991498253 0.0171875 0.01572499394987581
11 0.79453125 0.30882347063314175 0.0265625 0.03609203610435348
9 0.44609375 0.7675798053348807 0.0296875 0.0376727168225127
5 0.4640625 0.690912766205465 0.06875 0.06914997579950324
10 0.43203125 0.864536618566597 0.1359375 0.20547836123992685
11 0.4109375 0.821875 0.24375 0.35625
13 0.64296875 0.5375 0.1078125 0.15625
11 0.6578125 0.709375 0.1375 0.5
2 447.38787841796875 238.08184814453125 31.930908203125 35.113372802734375
5 264.81597900390625 407.21356201171875 51.65472412109375 96.1917724609375
3 268.55242919921875 568.2646484375 20.33740234375 33.993408203125