5 0.959375 0.09143560460062732 0.0140625 0.01726931323171659
9 0.95546875 0.11094412870292833 0.0125 0.014135222872636887
11 0.94375 0.13353220100983115 0.0453125 0.1112011204133089
10 0.9515625 0.14217140280522927 0.0171875 0.04541249394987581
10 0.65234375 0.7453125 0.2453125 0.128125
2 0.96171875 0.95234375 0.0765625 0.0671875
9 0.93984375 0.98515625 0.0390625 0.0296875
9 0.79296875 0.7883328096174793 0.05625 0.03938975292686635
5 0.84140625 0.7659583607489474 0.0703125 0.06447156615858277
11 0.709375 0.83984375 0.359375 0.3203125
2 595.2540283203125 594.8487548828125 640.0 639.3480224609375
4 602.5328979492188 621.88037109375 635.9136352539062 636.687744140625