10 0.03046875 0.10546875 0.0609375 0.2109375
11 0.13828125 0.3 0.2765625 0.6
8 0.68671875 0.12578125 0.4546875 0.2515625
10 0.7296875 0.40390625 0.540625 0.3921875
11 0.7296875 0.3 0.540625 0.6
13 0.178125 0.8515625 0.35625 0.296875
11 0.21796875 0.8 0.4359375 0.4
9 0.15701865622307487 0.7129856367361331 0.0539158612399266 0.13655566534054503
2 0.1046875 0.62578125 0.209375 0.0515625
8 0.66328125 0.68046875 0.4078125 0.1609375
10 0.7296875 0.8453125 0.540625 0.309375
11 0.7296875 0.8 0.540625 0.4