2 0.47421875 0.407255526439992 0.1640625 0.09157948770335977
2 0.43515625 0.22109076746300155 0.1265625 0.09917381908544912
2 0.22734375 0.26171875 0.0546875 0.0359375
9 0.44453125 0.24770780961747932 0.046875 0.034647710772388506
9 0.50625 0.46603562880112415 0.03125 0.0361193071815924
10 0.2234375 0.33203125 0.046875 0.0765625
10 0.365625 0.3425612464839586 0.2171875 0.2075135599120669
10 0.44375 0.57578125 0.240625 0.2265625
11 0.23359375 0.3140625 0.0671875 0.1375
11 0.3921875 0.3559970325883121 0.2625 0.37965218032537573
11 0.49140625 0.525 0.3796875 0.328125
8 0.1 0.94921875 0.2 0.1015625
5 0.1 0.7921875 0.2 0.20625
11 0.1 0.84453125 0.2 0.3109375
11 0.7875 0.7203125 0.025 0.0625
13 0.78203125 0.70234375 0.0140625 0.0265625
11 0.8421875 0.95390625 0.0625 0.0921875
10 0.86015625 0.9581014507152436 0.01875 0.03917158430895533
2 255.69403076171875 241.7320556640625 340.35205078125 310.1650390625
2 243.10813903808594 114.48456573486328 314.2376708984375 174.81939697265625
4 273.8004455566406 276.4121398925781 331.6644592285156 296.2342224121094
4 288.21142578125 276.7655029296875 331.0712890625 294.5771484375