9 0.615625 0.2265625 0.3125 0.225
11 0.7296875 0.16953125 0.540625 0.3390625
11 0.2296875 0.503125 0.459375 0.328125
13 0.64453125 0.721875 0.3703125 0.55625
9 0.6791461027539156 0.39140625 0.13479315651766227 0.071875
11 0.7296875 0.66953125 0.540625 0.6609375
6 30.888607025146484 311.93426513671875 105.33782958984375 360.55926513671875
3 137.89649963378906 251.8601531982422 192.64247131347656 293.41363525390625
2 364.52789306640625 216.86544799804688 487.68609619140625 284.6943054199219
6 307.53900146484375 91.35621643066406 423.46356201171875 161.7321319580078
7 31.695167541503906 312.7943115234375 104.5881118774414 361.066162109375