11 0.3375 0.1484375 0.015625 0.178125
11 0.02734375 0.48756637137967973 0.0484375 0.08650112133990877
13 0.4625 0.6571794373806342 0.0171875 0.028324994668999893
2 0.4640625 0.6353226187141796 0.00625 0.009447725334181811
11 0.459375 0.6712055747135433 0.028125 0.08157726400381797
11 0.825 0.5785850067631774 0.0078125 0.023528406667727174
13 0.8078125 0.6135412620941775 0.009375 0.018859088001272718
11 0.80625 0.6221168307606321 0.0125 0.05014545066836344
11 0.50234375 0.8896743113860431 0.0484375 0.0927511213399086
6 11.971572875976562 459.36175537109375 108.85787963867188 91.964111328125
0 49.91860580444336 258.68896484375 46.91830825805664 65.087890625
3 49.04866027832031 259.67108154296875 47.28987121582031 64.77203369140625