13 0.9390625 0.4125 0.121875 0.253125
11 0.84921875 0.3046875 0.3015625 0.46875
10 0.16171875 0.77421875 0.3234375 0.4515625
11 0.24765625 0.76953125 0.4953125 0.4609375
11 0.38828125 0.76953125 0.2828125 0.4609375
9 0.56328125 0.641130556690613 0.0265625 0.026717036104353477
9 0.5921875 0.5983299783335859 0.021875 0.023564765027114732
9 0.6234375 0.6281992855151783 0.025 0.023582945745273955
9 0.68828125 0.5840452854169824 0.0296875 0.025172716822512698
9 0.66875 0.6526816559284873 0.0265625 0.025154536104353475
9 0.76015625 0.6086821919346448 0.025 0.023582945745273774
9 0.734375 0.6733759510098312 0.028125 0.026726126463433177
9 0.78671875 0.6525867280389984 0.0265625 0.026717036104353477
9 0.871875 0.6288634026088376 0.028125 0.028288626463433175
9 0.97734375 0.7224457518467118 0.03125 0.0298693071815924
9 0.909375 0.6837690712267483 0.0328125 0.02675339754067192
9 0.8171875 0.686357740041051 0.0296875 0.0298602168225127
2 0.98203125 0.67421875 0.0359375 0.0546875
2 0.91953125 0.6408594085607658 0.0484375 0.048719301131468204
2 0.8796875 0.5875026044042355 0.040625 0.04242384933607006
2 0.82734375 0.6348543273750684 0.0484375 0.048719301131468204
2 0.7953125 0.6120117250139362 0.040625 0.04554884933607006
2 0.76875 0.5735759389095827 0.0375 0.03928066861791084
2 0.74453125 0.6281225383438487 0.0453125 0.04713862041330898
2 0.6953125 0.5515625 0.040625 0.025
2 0.675 0.6113117673648057 0.0453125 0.048701120413308985
2 0.63359375 0.5899771228491958 0.04375 0.04556703005422928
2 0.5953125 0.55859375 0.040625 0.0390625
2 0.56875 0.5942873729473916 0.046875 0.050272710772388506
2 0.5359375 0.5578125 0.0125 0.0375
13 0.98984375 0.765625 0.0203125 0.090625
13 0.9421875 0.81953125 0.115625 0.2109375
13 0.89140625 0.7680395320973327 0.1328125 0.17889768052176755
13 0.86796875 0.6733719267111384 0.071875 0.07541815651766229
13 0.8015625 0.7729855864502548 0.134375 0.19296927088084717
13 0.71328125 0.7599719811622563 0.10625 0.166243144417414
13 0.77734375 0.6822196858845206 0.05625 0.07220225292686636
13 0.73984375 0.6484077672666098 0.075 0.06762383723582169
13 0.67890625 0.6371157432625048 0.09375 0.10210792154477702
13 0.64140625 0.7493975746445939 0.103125 0.17872496369925486
13 0.5921875 0.722548728333586 0.078125 0.1598295179539809
13 0.5890625 0.6365930476154267 0.034375 0.04238748789975162
13 0.56640625 0.72578125 0.0734375 0.1765625
11 0.965625 0.815625 0.06875 0.36875
11 0.915625 0.81796875 0.16875 0.3640625
11 0.87734375 0.80234375 0.1921875 0.3953125
11 0.84375 0.78203125 0.14375 0.4359375
11 0.78671875 0.8 0.1953125 0.4
11 0.7546875 0.79140625 0.14375 0.4171875
11 0.73359375 0.7624339058302914 0.1203125 0.4178874576491306
11 0.70234375 0.8 0.1796875 0.4
11 0.6578125 0.74609375 0.165625 0.4140625
11 0.63203125 0.790625 0.1609375 0.41875
11 0.596875 0.78203125 0.134375 0.4359375
11 0.5796875 0.75078125 0.1 0.4234375
11 0.578125 0.78203125 0.096875 0.4359375
11 0.54609375 0.740625 0.0328125 0.403125
2 495.0244140625 380.39739990234375 24.37664794921875 42.514404296875
2 617.3948974609375 418.96185302734375 22.386474609375 50.13232421875
0 430.17181396484375 522.5792236328125 19.6168212890625 34.84423828125
2 571.6182861328125 398.69329833984375 30.502685546875 46.3255615234375
2 460.7833251953125 389.658447265625 28.2198486328125 49.37066650390625
2 416.5892333984375 379.8337097167969 27.8330078125 45.80084228515625
2 367.84088134765625 345.80535888671875 23.65234375 39.314453125
2 516.169921875 394.1833801269531 24.65869140625 30.67425537109375
2 480.61492919921875 356.3353271484375 20.876220703125 35.315673828125
2 391.02410888671875 366.8858947753906 23.9061279296875 26.76837158203125
2 390.89764404296875 367.1132507324219 23.8702392578125 41.44140625
0 379.5135498046875 489.98455810546875 17.1373291015625 19.6390380859375
3 468.56292724609375 519.2115478515625 14.2747802734375 23.069091796875
4 571.974853515625 418.79425048828125 24.189208984375 13.4287109375
4 618.6451416015625 443.10009765625 21.058349609375 13.8682861328125
4 419.3398742675781 402.1639709472656 21.07208251953125 11.0291748046875
4 496.654296875 399.9026794433594 20.083984375 10.4210205078125
1 462.3783874511719 411.95556640625 19.51324462890625 14.078857421875
2 348.91363525390625 368.9892578125 26.659912109375 29.6309814453125
1 419.5291748046875 401.400634765625 19.4451904296875 12.9276123046875