9 0.40390625 0.090625 0.0484375 0.0328125
9 0.21796875 0.340625 0.0453125 0.0328125
10 0.55546875 0.103125 0.25 0.178125
10 0.1921875 0.40859375 0.16875 0.1203125
2 0.16640625 0.31875 0.13125 0.071875
5 0.35625 0.06171875 0.0859375 0.0625
11 0.50625 0.2 0.3875 0.4
11 0.30390625 0.35625 0.4390625 0.225
9 0.89453125 0.23828125 0.009375 0.0140625
2 0.8953125 0.2171875 0.028125 0.0359375
10 0.9125 0.275 0.0328125 0.071875
11 0.9078125 0.32578125 0.0890625 0.253125
8 0.284375 0.690625 0.56875 0.39375
10 0.35 0.84921875 0.7 0.3015625
11 0.35 0.734375 0.7 0.53125
2 564.1893310546875 128.33773803710938 18.7216796875 24.4259033203125
3 306.8661804199219 129.89749145507812 38.04541015625 28.771484375