11 0.9273388239179129 0.5855980314289714 0.004796588001272539 0.009402271077238922
12 0.43482570194145714 0.8913162454228137 0.004942038669636162 0.02190227107723892
12 0.43017456460854825 0.8882185165000525 0.0065045386696361614 0.021911361436318444
12 0.41353140993000326 0.9758094200908488 0.020857940006363408 0.04699317466803521
12 0.3625 0.98828125 0.0375 0.0234375
12 0.350587061943048 0.8800883748131131 0.011210220003181703 0.023501132513557364
12 0.34268365527532085 0.8879463266085112 0.012845445337363514 0.02976022287263689
12 0.2702273999443207 0.8711815283057135 0.01598862667090888 0.03134090359079629
12 0.14314727928072965 0.8492661425707023 0.017642033338636055 0.03916249394987581
12 0.015758075946866068 0.8539132568356912 0.020857940006363408 0.04699317466803521
12 0.2884779606142752 0.8468582391762979 0.009629538669636162 0.021929542154477843
12 0.23796943061745682 0.8237161758463853 0.009574994668999892 0.01724204215447749
12 0.2069285159532294 0.8059292330279778 0.007994313335454351 0.015670451795398232