2 0.19849010137917347 0.4762310714114964 0.07990566861791067 0.03842724801081765
2 0.1428849959929792 0.45214813407063315 0.05174430718159222 0.031849984006999676
9 0.13755714655871332 0.476303249403224 0.03601931323171659 0.014480670671545326
9 0.17753725194490766 0.5002043734086329 0.026653403590796286 0.01593408267027261
13 0.12929064948557958 0.5324532520687241 0.09117042154477702 0.09480451734563573
13 0.2138338211285525 0.5623412940801782 0.1257090480082102 0.12332950668363551
11 0.1859375 0.59609375 0.1875 0.2859375
11 0.09453125 0.5609375 0.1890625 0.271875
2 0.2085140202916719 0.3193270907463145 0.009402271077238922 0.004796588001272539
13 0.20778731244614965 0.3286930000795418 0.01726931323171659 0.014262494668999893
11 0.21015378834384874 0.33262652207986 0.02363748789975162 0.034647720003181705
2 0.20319526121648562 0.3450447060789054 0.009402271077238922 0.004796588001272539
13 0.20638843890958275 0.3567998187459963 0.017278403590796288 0.015824994668999892
11 0.20406286962774195 0.3598975467456782 0.02363748789975162 0.034647720003181705
11 0.778125 0.36953125 0.3 0.7390625
13 0.7222447221852659 0.23097202072722442 0.11755215612487895 0.332595418682363
5 0.07890625 0.83828125 0.1578125 0.1578125
11 0.16171875 0.87578125 0.3234375 0.2484375
11 0.32734375 0.86953125 0.3046875 0.2609375
2 0.98046875 0.87890625 0.0390625 0.0453125
2 0.8336856953524905 0.8686714680537703 0.040870439695149585 0.0426602146721816
2 0.8088038700205255 0.8886930667170432 0.02522725897699054 0.039353401336727246
9 0.8073595446885605 0.9089873853834977 0.01101931323171641 0.014189769334818081
9 0.8401084121750031 0.8984316933879519 0.011037493949875809 0.01731476933481808
9 0.9823640898681003 0.9118049447405875 0.01730567466803521 0.020512494668999893
9 0.7776720446885605 0.9086419400461342 0.014144313231716587 0.014226132001908809
11 0.8015625 0.9359375 0.040625 0.128125
11 0.82109375 0.92421875 0.0765625 0.1515625
11 0.765625 0.92734375 0.084375 0.1453125
2 0.7861021682251274 0.8806169373806341 0.03775453005422937 0.04418635200509087
2 0.49296875 0.8015625 0.0265625 0.05625
13 0.50546875 0.92578125 0.0515625 0.1484375
11 0.51015625 0.8859375 0.0609375 0.228125
11 0.9578125 0.9265625 0.084375 0.146875
13 0.76015625 0.95 0.0515625 0.1
13 0.82421875 0.9453125 0.0609375 0.109375
13 0.96484375 0.9546875 0.0578125 0.090625
13 0.98984375 0.9453125 0.0203125 0.090625
2 108.62516784667969 295.6783142089844 40.2469482421875 34.79986572265625
2 522.5421142578125 546.2215576171875 23.4658203125 31.4117431640625
2 75.46417236328125 281.29473876953125 31.567886352539062 34.59228515625
2 614.9114990234375 551.4422607421875 24.944580078125 37.912841796875
2 489.65069580078125 552.5233154296875 21.1724853515625 28.39306640625
3 522.8233642578125 184.40475463867188 45.841796875 69.53683471679688
2 510.9318542480469 560.85986328125 16.220245361328125 25.082275390625
5 0.02043914794921875 516.9098510742188 100.07695770263672 122.3321533203125
2 362.46978759765625 624.6636962890625 15.3260498046875 15.07958984375
3 494.2994384765625 114.44559478759766 37.1119384765625 70.20012664794922