9 0.2612887519494114 0.15938565300162102 0.00950226933481808 0.010992042154477666
5 0.26068931528486583 0.14375610782208117 0.014280676002545433 0.018831813231716586
10 0.25402114461332065 0.17965724638576272 0.020730670671545236 0.03605567466803503
11 0.260325688613957 0.17500610782208117 0.0431692920114541 0.08462043969514976
2 0.7796875 0.11328125 0.203125 0.2265625
9 0.7277644432288685 0.2598447161351417 0.039698846674090585 0.054914758976990365
10 0.7515625 0.36484375 0.228125 0.1890625
10 0.89765625 0.25703125 0.2046875 0.4046875
11 0.88046875 0.2296875 0.2390625 0.459375
11 0.765625 0.2296875 0.3125 0.459375
9 0.48125 0.9734375 0.078125 0.053125
5 0.503928595918231 0.8353401407049809 0.10261701734563573 0.09121587334017525
11 0.4671875 0.8875 0.284375 0.225
2 436.32794189453125 4.4638671875 113.03717041015625 154.45314025878906
5 284.60797119140625 510.8233642578125 73.9990234375 127.4437255859375
4 290.8885803222656 564.0924072265625 53.17547607421875 33.879150390625
2 556.7868041992188 0.4513282775878906 83.21319580078125 56.498504638671875