2 0.6064483526416374 0.10947061859486695 0.11628062269254436 0.19195223734881747
9 0.6082370246260473 0.22427800592777608 0.03513861600890866 0.06602498933799979
10 0.7331813859405028 0.3618678179105951 0.3106327960693605 0.5144828600413618
11 0.696875 0.3359375 0.396875 0.665625
13 0.1984375 0.82265625 0.1625 0.3078125
11 0.08828125 0.834375 0.1765625 0.33125
11 0.16953125 0.834375 0.2203125 0.33125
13 0.60390625 0.834375 0.3734375 0.33125
11 0.6375 0.834375 0.44375 0.33125
2 354.017578125 11.117416381835938 76.28076171875 154.98611450195312
2 270.85546875 555.568603515625 77.1109619140625 83.7235107421875
5 345.25 471.6173095703125 106.6800537109375 166.8673095703125
1 365.99322509765625 95.6214599609375 36.2354736328125 56.779571533203125
5 276.4283142089844 557.1636352539062 72.3079833984375 81.579345703125
4 366.3553466796875 93.01986694335938 36.8868408203125 53.295013427734375