9 0.5654047478587007 0.3012827823919203 0.01885908430895533 0.01885908430895533
5 0.5742075761175319 0.26539527936685825 0.026698855386194254 0.023592036104353474
10 0.5517371575978169 0.36761176433974363 0.07411927693097127 0.11761474687674216
11 0.54296875 0.378125 0.1296875 0.2625
10 0.209375 0.79296875 0.11875 0.3078125
11 0.134375 0.746875 0.26875 0.475
11 0.134375 0.91953125 0.26875 0.1609375
3 355.29302978515625 556.5136108398438 35.5333251953125 40.15234375
5 434.34991455078125 374.9691162109375 58.529541015625 61.3612060546875
3 352.0350341796875 164.42672729492188 22.08526611328125 45.033905029296875
4 437.47222900390625 394.9062805175781 45.6466064453125 18.38641357421875
3 355.7650451660156 273.50494384765625 13.91876220703125 18.0255126953125