13 0.8140625 0.475 0.35 0.41875
13 0.81875 0.0671875 0.359375 0.134375
11 0.81953125 0.0875 0.3609375 0.175
11 0.81953125 0.4125 0.3609375 0.584375
11 0.35859375 0.89375 0.1515625 0.2125
11 0.21953125 0.93828125 0.1546875 0.1234375
11 0.1828125 0.89296875 0.10625 0.2140625
10 0.19603674618937098 0.899067717313492 0.04903746369925477 0.10340680113146802
10 0.25546875 0.97578125 0.0546875 0.0484375
10 0.3375 0.94375 0.078125 0.1125
9 0.1933975595192834 0.8483001028521115 0.02042158430895542 0.01886817466803521
9 0.23456343588452064 0.9410325035160415 0.009447722872636889 0.012554542154477844
9 0.3764236829576545 0.8839552808397961 0.018940897540672096 0.03292158430895533
2 0.19394246018321332 0.8076705576725717 0.03460225897699045 0.03926248789975162
2 0.24533730942108756 0.9128438710024842 0.04565793364502548 0.05963862041330899
2 0.37059586377400955 0.8222683470965748 0.06758747579950324 0.06914088544042363