2 0.8613252601553409 0.3078125 0.09902837334017534 0.1015625
2 0.925787735954844 0.2390625 0.08012383723582168 0.075
2 0.7556888593932151 0.20234375 0.04556703005422928 0.04375
2 0.659375 0.2484375 0.01875 0.08125
13 0.753340043332828 0.3375 0.0947499394987581 0.171875
13 0.84140625 0.43125 0.1734375 0.115625
13 0.925 0.3984375 0.10625 0.18125
9 0.910657639643836 0.28828125 0.034547716822512696 0.0296875
9 0.7546303534412867 0.25 0.029851126463433176 0.028125
11 0.91640625 0.34375 0.1671875 0.290625
11 0.8421875 0.36875 0.209375 0.240625
11 0.734375 0.33125 0.1625 0.315625
11 0.67421875 0.34453125 0.0484375 0.2890625
11 0.24296875 0.5953125 0.1078125 0.2125
11 0.09375 0.5828125 0.10625 0.1875
10 0.26371095853289334 0.54765625 0.03310339149054773 0.05
10 0.0890625 0.51796875 0.040625 0.0578125
2 0.26640625 0.50234375 0.0234375 0.0265625
9 0.2623120849963264 0.51953125 0.006295451795397966 0.0078125
10 0.97734375 0.87421875 0.0453125 0.1890625
2 565.74560546875 134.52395629882812 47.3095703125 63.477630615234375
2 521.3712158203125 168.97976684570312 52.1494140625 79.32968139648438
2 467.82421875 120.28065490722656 28.4368896484375 45.50921630859375
3 440.73077392578125 200.86087036132812 19.07568359375 21.98870849609375
2 0.4664421081542969 33.6151123046875 22.5513916015625 29.622459411621094
4 567.8426513671875 167.1792449951172 38.572265625 14.39691162109375
4 470.1084899902344 143.1945343017578 21.60906982421875 9.954376220703125