10 0.15 0.0625 0.115625 0.125
11 0.11953125 0.1890625 0.2390625 0.378125
8 0.69609375 0.22578125 0.2546875 0.4484375
10 0.784375 0.359375 0.43125 0.18125
11 0.784375 0.225 0.43125 0.45
12 0.14296875 0.5029021120703149 0.0484375 0.06618862133990877
12 0.31328125 0.475 0.0390625 0.05
12 0.40859375 0.4875 0.0171875 0.075
12 0.484375 0.4709372334499946 0.0453125 0.03958975867281787
11 0.6984375 0.725 0.259375 0.55
2 94.40484619140625 563.5098876953125 110.08572387695312 582.3585205078125
2 1.1131329536437988 533.6207275390625 15.487476348876953 551.9342041015625