11 0.18203125 0.11266921340466718 0.0515625 0.13311248184962743
2 0.9109375 0.2870299057320955 0.01875 0.01729658430895533
11 0.9078125 0.3643554750139363 0.05 0.17529089149054772
13 0.6015625 0.38366751463433124 0.03125 0.06424430718159221
2 0.6046875 0.33056069535249044 0.0171875 0.02353749394987581
11 0.59921875 0.41412262909571174 0.046875 0.19714771077238852
5 0.53671875 0.65 0.0140625 0.059375
9 0.91796875 0.6114269594958424 0.05 0.06122839149054773
9 0.78515625 0.5703125 0.0453125 0.040625
9 0.58984375 0.57109375 0.0453125 0.0421875
10 0.5578125 0.87578125 0.05625 0.2484375
13 0.5921875 0.75234375 0.125 0.3578125
13 0.77578125 0.7551309868195972 0.1515625 0.343069264830723
13 0.91328125 0.81328125 0.1609375 0.3734375
11 0.5703125 0.80390625 0.08125 0.3921875
11 0.615625 0.775 0.171875 0.45
11 0.7703125 0.775 0.2 0.45
11 0.903125 0.775 0.19375 0.45
3 379.735107421875 568.6766357421875 410.972412109375 622.7230224609375
7 523.1162109375 0.0 574.415283203125 199.23348999023438
5 568.06298828125 354.4271545410156 609.260986328125 412.8613586425781
7 521.1900024414062 0.0 591.7737426757812 253.20028686523438