2 0.3904037060970064 0.4456441427434511 0.011019313231716588 0.014189769334818081
13 0.40124575732667045 0.46217766207826916 0.022011355386194253 0.02369203866963616
11 0.39893836876298894 0.455900390077951 0.028334078258831143 0.03626476400381797
10 0.83984375 0.4609375 0.3203125 0.115625
8 0.8625 0.29609375 0.275 0.4109375
5 0.83984375 0.04765625 0.3203125 0.0953125
11 0.83984375 0.259375 0.3203125 0.51875
9 0.66640625 0.6375 0.0265625 0.0375
9 0.4228081817001179 0.9793100707351787 0.018940897540672096 0.03303067600254543
2 0.6453125 0.5703125 0.06875 0.103125
2 0.44609375 0.92734375 0.0859375 0.1453125
13 0.34921875 0.91796875 0.1765625 0.1640625
11 0.378125 0.9125 0.284375 0.175
10 0.90703125 0.77421875 0.1859375 0.4515625
11 0.83984375 0.759375 0.3203125 0.48125
2 397.7627258300781 330.929931640625 37.38018798828125 99.11529541015625
2 256.35760498046875 553.4254760742188 49.85491943359375 85.516845703125
2 166.14385986328125 541.943359375 141.51043701171875 97.871337890625