10 0.1078125 0.90703125 0.215625 0.1859375
10 0.19800310353948253 0.88984375 0.10396131303532483 0.14375
10 0.38828125 0.90390625 0.2609375 0.1921875
10 0.3697786304704539 0.77265625 0.051962475799503235 0.06875
10 0.4921875 0.81796875 0.153125 0.3453125
10 0.14375 0.45546875 0.209375 0.0921875
2 0.5420041301758662 0.578125 0.03322156615858276 0.0703125
2 0.5205876724285398 0.63359375 0.047120439695149584 0.0421875
2 0.4879342537124332 0.60625 0.023701120413308983 0.0453125
2 0.4103046782822723 0.52109375 0.11922269867214012 0.08125
2 0.36908880494209717 0.62265625 0.08476588544042354 0.0671875
2 0.3367257568356911 0.6796875 0.048773843285945875 0.0578125
2 0.2555893863241863 0.66015625 0.12408291549465282 0.1109375
2 0.14585986232008125 0.72109375 0.08319429508134393 0.065625
2 0.05572522082953348 0.77109375 0.0972749757995032 0.06875
11 0.41328125 0.4484375 0.2640625 0.078125
11 0.14296875 0.47265625 0.2859375 0.1265625
11 0.0703125 0.4765625 0.140625 0.134375
9 0.16495477508425962 0.79609375 0.048664758976990366 0.0390625
9 0.2947059075978169 0.78515625 0.07373748184962743 0.0515625
9 0.35984509426790456 0.734375 0.031395445745273774 0.025
9 0.3850359918085765 0.7015625 0.03925339754067192 0.0328125
9 0.4393876694034778 0.625 0.06910452400410509 0.0609375
11 0.5363581181738137 0.60859375 0.044504499803608336 0.1296875
11 0.5166632417103807 0.63671875 0.0362920240041051 0.0609375
11 0.475 0.7359375 0.1875 0.528125
11 0.37274507006740765 0.665625 0.07902494554888229 0.1546875
11 0.35987236534514333 0.7296875 0.08686471662612102 0.159375
11 0.3796875 0.78828125 0.35625 0.4234375
11 0.18983205523668478 0.8171875 0.16876922247985346 0.271875
11 0.22693714549756852 0.75078125 0.060147680521767465 0.1328125
11 0.06349681421367522 0.778125 0.11312723477649364 0.1078125
11 0.15390625 0.75625 0.3078125 0.4875
11 0.8734375 0.69609375 0.253125 0.3828125
2 126.16554260253906 395.27410888671875 81.92898559570312 111.53814697265625
2 7.96661376953125 473.2742919921875 58.76593780517578 60.43145751953125
2 210.968505859375 381.6507568359375 44.51806640625 53.3883056640625
2 232.45663452148438 311.6077575683594 67.0667724609375 61.36004638671875
2 232.18280029296875 310.779052734375 71.50726318359375 106.0689697265625
2 68.07838439941406 443.310791015625 54.687744140625 77.23675537109375
4 249.70401000976562 352.75238037109375 49.354248046875 29.2122802734375
2 67.96875 444.6204528808594 46.548309326171875 45.54437255859375