12 0.0578125 0.49647502420049683 0.0375 0.06740566861791084
12 0.23125 0.5345284943426594 0.053125 0.11437157220870695
12 0.23203125 0.4665551991631194 0.028125 0.06578862646343317
12 0.34453125 0.44324444330938706 0.0328125 0.0705033975406721
12 0.4328125 0.4310120880213885 0.0328125 0.0642533975406721
10 0.2703125 0.4772699853656688 0.040625 0.05961134933607006
5 0.26875 0.4272790757247484 0.0203125 0.02511817466803503
11 0.2765625 0.47567112392935035 0.0796875 0.13483860831306044
10 0.45234375 0.7609375 0.1546875 0.203125
11 0.39921875 0.8296875 0.2609375 0.340625
5 0.65234375 0.8772553080653551 0.009375 0.010992042154477844
11 0.65703125 0.8881655369881163 0.021875 0.037627265027114734