11 0.21386005044409712 0.18515625 0.03514768052176755 0.1328125
2 0.7427481197259379 0.32421875 0.09096134328594588 0.0578125
2 0.8553390233167342 0.33984375 0.1335033672900508 0.11875
9 0.7742481046006274 0.3671875 0.03779089149054791 0.05
9 0.729844119627742 0.3890625 0.050190897540672096 0.0328125
10 0.80625 0.4890625 0.159375 0.121875
11 0.71875 0.40234375 0.4 0.2671875
11 0.65234375 0.4046875 0.2671875 0.23125
10 0.12109375 0.67578125 0.1984375 0.2515625
10 0.29093056879086143 0.72578125 0.32997034289316235 0.3171875
10 0.4515625 0.65234375 0.134375 0.1609375
11 0.4234375 0.775 0.190625 0.45
11 0.29140625 0.775 0.4109375 0.45
11 0.13203125 0.775 0.2640625 0.45
11 0.04140625 0.72890625 0.0828125 0.3578125
10 0.74375 0.60625 0.0875 0.1125
11 0.74140625 0.76015625 0.1171875 0.4203125