10 0.221875 0.075 0.21875 0.15
11 0.26328125 0.20703125 0.3359375 0.4140625
5 0.8368887359564111 0.07109583352338848 0.014262494668999893 0.01726931323171659
9 0.8374518099538658 0.08985037870292834 0.01266363200190881 0.014135222872636887
11 0.8324824992839114 0.11404185762568941 0.05281701201463562 0.10811248184962743
10 0.8410035239497295 0.12034185460062737 0.020821577339272323 0.04386817466803503
2 0.64765625 0.63203125 0.0578125 0.0578125
2 0.7498705412953653 0.6009474808676687 0.03622840133672707 0.02520907825883114
2 0.6863438432925019 0.6216730713249442 0.04718408267027261 0.026835210772388506
2 0.8959461099618199 0.603359929441613 0.039353401336727246 0.02522725897699054
2 0.9448199619669106 0.5661417305730811 0.036228401336727244 0.02520907825883114
2 0.9071017859643653 0.5846735619551703 0.03619203866963616 0.02208407825883114
2 0.7029682692950472 0.6030185200952802 0.028343176002545434 0.018913626463433177
9 0.8894870246260475 0.6212923180052945 0.011046588001272539 0.009438632513557366
8 0.7567108872931383 0.6173946374835271 0.017351132001908985 0.01416249394987581
9 0.6931296452896384 0.6428077279408024 0.014226132001908986 0.014144313231716587
9 0.63203125 0.6765625 0.0265625 0.028125
13 0.6890625 0.76640625 0.140625 0.2015625
13 0.7493523732893201 0.6454787308676687 0.052326116008908664 0.06592498184962743
13 0.9286949752944109 0.6090195769822849 0.03155908267027243 0.026744307181592396
13 0.9675938432925019 0.6233093359592754 0.05870338534372692 0.07689884328594587
10 0.9211001039545021 0.6574161703664266 0.06660679201145392 0.08475679508134384
10 0.714986463956093 0.6444974929679171 0.025418170671545327 0.03608294574527378
10 0.7028677246180932 0.67880431527482 0.07118520401018139 0.07540906615858275
11 0.959375 0.64921875 0.08125 0.1984375
11 0.9257148786203203 0.6636934414436656 0.08339539735836254 0.18484769867214013
11 0.9192648839513204 0.680844580007347 0.08815562269254436 0.19112496974937904
11 0.7638324966184113 0.6768150892789251 0.10530676002545336 0.18809996369925486
11 0.7153040899506842 0.684345788147457 0.07872607869190809 0.18638292759490122
11 0.6961819199554566 0.6490759086589618 0.061882929344363194 0.08160452400410509
11 0.71796875 0.79453125 0.1984375 0.4109375
6 111.37936401367188 211.97219848632812 207.24951171875 269.17919921875
2 470.18603515625 378.8603515625 490.3309326171875 398.8807373046875
7 477.3302001953125 474.3410949707031 498.06396484375 492.8841857910156
6 166.7816162109375 152.51132202148438 207.1065673828125 198.35595703125
7 167.26690673828125 150.59942626953125 205.82501220703125 197.51553344726562
3 211.23321533203125 1.0893402099609375 239.23785400390625 27.70724868774414
5 595.360595703125 357.27691650390625 615.10595703125 376.74041748046875
7 578.67333984375 476.225830078125 605.41796875 499.96453857421875
7 111.28498840332031 206.58035278320312 204.45530700683594 269.786865234375
2 430.2776794433594 382.2086181640625 458.4916687011719 415.3048095703125
2 396.4017028808594 390.5737609863281 430.0859680175781 437.9971618652344