12 0.37931219087350004 0.266317287184508 0.01740566861791084 0.03759999394987581
11 0.98203125 0.0578125 0.0359375 0.1
10 0.2 0.38671875 0.14375 0.0734375
10 0.21068244906492356 0.5034991246167214 0.20633285499341075 0.28400333703942987
2 0.08359375 0.4296875 0.1109375 0.159375
9 0.10904722619228657 0.5165899979568966 0.028334078258831143 0.03610112646343318
11 0.346875 0.678125 0.10625 0.64375
11 0.21015625 0.4015625 0.2140625 0.103125
11 0.15546875 0.675 0.3109375 0.65
10 0.5773063468019873 0.3700342022863774 0.01895907825883114 0.03604658430895542
11 0.58515625 0.378125 0.0453125 0.05625