5 0.596875 0.35 0.175 0.165625
11 0.7546875 0.33125 0.490625 0.2375
9 0.2546875 0.8625 0.509375 0.275
5 0.23515625 0.56796875 0.4703125 0.2359375
10 0.2546875 0.85078125 0.509375 0.2984375
11 0.2546875 0.725 0.509375 0.55
10 0.9189268872533674 0.7826100504440971 0.014317038669636161 0.02195681323171659
10 0.8642030245862765 0.7854168878763105 0.01587953866963616 0.02196590359079629
5 0.917537109922049 0.7677572100850174 0.004778406667727353 0.007839771077238922
5 0.8628041565881854 0.7713452975172308 0.00792158800127254 0.009420451795398143
11 0.8633581399188675 0.7908810926967706 0.022456802673454134 0.05012726502711473
11 0.9181456372533674 0.7826055052645573 0.017678396005727137 0.042287493949875896