11 0.76171875 0.21953125 0.4765625 0.4390625
5 0.8390625 0.0703125 0.24375 0.140625
8 0.8059398860295988 0.2878487293920882 0.23426695745273882 0.25270901869827134
12 0.16198989812984718 0.6011123454009969 0.028497704722264317 0.06438976400381798
12 0.28635409387512106 0.5775577614178597 0.019022710772388506 0.04709317600254544
12 0.3395472715682182 0.5664571767584048 0.01271816861791084 0.037645450668363625
12 0.03729442515901438 0.5473140887173613 0.009538626463433175 0.028234088001272716
12 0.07955919321119112 0.5345237347230883 0.011082945745273775 0.02512726933481808
12 0.3716148830045366 0.5605798940960864 0.009511355386194253 0.02354658800127272
11 0.6673763140172835 0.7498385573679075 0.03157725292686635 0.05661362667090888
5 449.256103515625 3.283721923828125 622.53125 208.08203125
1 445.6398010253906 54.61446762084961 606.7911376953125 164.301513671875