10 0.91015625 0.21328125 0.1796875 0.1734375
2 0.9124512626114116 0.09603482725973063 0.11468066534054522 0.054452237348817434
11 0.8359375 0.059375 0.328125 0.11875
11 0.87109375 0.3125 0.2578125 0.503125
5 0.39921875 0.66484375 0.2015625 0.1921875
5 0.54296875 0.7234375 0.1328125 0.309375
5 0.03203125 0.64609375 0.0640625 0.1109375
9 0.42767736795832006 0.8076803045830948 0.1012908746817267 0.11210110534690854
10 0.515625 0.634375 0.084375 0.13125
10 0.3092920893141372 0.643455267266094 0.07983404535327168 0.14778406667727229
10 0.41953125 0.9 0.2984375 0.2
10 0.0890625 0.9 0.178125 0.2
9 0.02890625 0.7765625 0.0578125 0.06875
11 0.10703125 0.79140625 0.2140625 0.4171875
11 0.51875 0.784375 0.18125 0.43125
11 0.5140625 0.65390625 0.1 0.1703125
11 0.30859375 0.7453125 0.1515625 0.353125
11 0.425 0.784375 0.36875 0.43125