5 0.0140625 0.58984375 0.028125 0.1296875
9 0.01484375 0.65078125 0.0296875 0.0859375
13 0.06328125 0.79140625 0.1265625 0.3390625
11 0.06185056020665449 0.4462163074076784 0.06745112041330899 0.0460942973424542
11 0.1265625 0.75234375 0.253125 0.4953125
13 0.6863941014773693 0.6883941693984515 0.1184419695529872 0.21698860001590833
13 0.50703125 0.7234375 0.0953125 0.24375
9 0.6724219841873185 0.5694896280633153 0.04084316861791084 0.03797271467218159
9 0.47890625 0.58359375 0.0390625 0.0390625
2 0.48046875 0.52421875 0.0421875 0.0609375
2 0.6650725716195318 0.5147203120623608 0.05968407220870695 0.05381589067472703
11 0.7 0.7421875 0.165625 0.515625
11 0.5296875 0.7421875 0.140625 0.515625
2 292.80108642578125 318.0321044921875 33.0633544921875 72.041015625
2 408.8045654296875 313.788330078125 40.948974609375 62.8885498046875
3 77.47356414794922 548.37841796875 32.796630859375 71.2294921875
3 353.70001220703125 518.740966796875 20.62811279296875 35.70166015625
4 415.1224060058594 342.5968933105469 31.61102294921875 13.33148193359375
4 294.79620361328125 352.5895690917969 28.56494140625 13.57818603515625
5 0.0 342.624267578125 18.27861785888672 102.4324951171875
3 469.66943359375 502.90869140625 19.3441162109375 33.50830078125
7 36.093780517578125 0.0 60.98585510253906 37.85248565673828