9 0.6292756832829569 0.33359375 0.22987040802036277 0.15
10 0.61953125 0.403125 0.5015625 0.28125
5 0.54921875 0.0765625 0.3328125 0.153125
11 0.684375 0.28515625 0.63125 0.5703125
9 0.5828125 0.75234375 0.278125 0.1140625
5 0.5694445079169583 0.57421875 0.2718942760184536 0.1359375
11 0.684375 0.6375 0.63125 0.34375
8 0.134375 0.9046875 0.26875 0.190625
10 0.184375 0.96328125 0.36875 0.0734375
11 0.184375 0.9046875 0.36875 0.190625
5 253.799560546875 19.694671630859375 219.227294921875 238.48611450195312
2 258.97943115234375 36.1627197265625 217.2388916015625 223.44015502929688