11 0.678125 0.24453125 0.64375 0.4890625
10 0.70546875 0.32578125 0.4578125 0.3265625
8 0.66484375 0.12109375 0.2265625 0.2421875
11 0.5934297539088249 0.863302168045816 0.02051248789975162 0.03461135733609062
11 0.5805353650505557 0.6623572860439071 0.02842498184962743 0.05188976400381797
11 0.31171875 0.80859375 0.0046875 0.0296875
11 0.31484375 0.66953125 0.0109375 0.0453125
10 0.3125 0.6640625 0.00625 0.015625
10 0.31171875 0.81015625 0.0046875 0.0140625
5 0.3109375 0.6515625 0.003125 0.00625
5 0.5845734252572102 0.6397464893777707 0.006286361436318444 0.006322725334181811
10 0.5883751361277947 0.6577606927116343 0.009502265027114732 0.021984088001272717
10 0.5957416876520462 0.8687981900461341 0.011019313231716588 0.014189769334818081
5 0.5903820219610016 0.8499845553787251 0.007848861436318444 0.006340906667727353
2 427.2769470214844 0.0 479.2193298339844 22.525875091552734