10 0.03713911004136174 0.11803402669477144 0.031886346674090585 0.055051126670908876
11 0.042489681373316344 0.10794141136218052 0.0603204293443631 0.08194089067472685
2 0.978927168045816 0.7692794480426344 0.034793170671545325 0.03633748933799978
2 0.8946885280474068 0.7800164060311804 0.03951703333863606 0.03951703333863606
2 0.804190797382225 0.7898993886855445 0.0394988520050906 0.03795453333863623
2 0.9372214733847704 0.8101948020369074 0.039553396005726785 0.04264203333863605
2 0.8703248747214974 0.8344130046944531 0.04106135200509087 0.03797271467218159
2 0.7891112373885883 0.8365925753500901 0.04738407733927241 0.04429544000636341
9 0.8028561113939972 0.8765908666852263 0.025218176002545434 0.019040901336727246
9 0.8131754460534519 0.8235931360200446 0.02369203866963616 0.022147720003181704
9 0.8808811140594972 0.8689061833624987 0.020512494668999893 0.017423857336090975
9 0.9021197673854067 0.8144732220321348 0.02523635733609062 0.020603401336727244
9 0.9454975973901792 0.8501294587046345 0.028379538669636162 0.022202264003817973
9 0.9855953387173614 0.8052896733768161 0.023655676002545433 0.019022720003181705
13 0.97734375 0.8765625 0.0453125 0.125
13 0.9049907760582248 0.8598129940324531 0.033176126670908704 0.03163180800445424
13 0.8302180427275427 0.8784715400222718 0.05399770401018138 0.07561816534054522
13 0.81015625 0.93984375 0.1015625 0.1203125
13 0.8828125 0.934375 0.09375 0.13125
11 0.834375 0.8828125 0.14375 0.234375
11 0.82890625 0.90546875 0.1390625 0.1890625
11 0.89140625 0.90546875 0.1328125 0.1890625
11 0.925 0.87890625 0.109375 0.2421875
11 0.94453125 0.89140625 0.1109375 0.2171875
11 0.971875 0.87265625 0.05625 0.2546875
2 617.9407348632812 483.27203369140625 21.81103515625 41.8438720703125
2 590.0324096679688 507.257568359375 23.3408203125 40.72607421875
2 548.477783203125 524.2728271484375 23.7823486328125 38.662109375
2 492.92919921875 523.3391723632812 30.521240234375 45.7681884765625
2 562.8812255859375 490.40325927734375 22.144287109375 38.77166748046875
2 505.356689453125 495.6744384765625 23.97900390625 38.563720703125
4 620.4014892578125 500.85498046875 19.2757568359375 11.9725341796875
4 497.20928955078125 543.8967895507812 24.265625 11.5091552734375
3 297.78558349609375 119.30493927001953 29.944091796875 59.33556365966797