12 0.2953125 0.23653902634179608 0.0109375 0.017251132513557366
12 0.2796875 0.23957312275099998 0.0125 0.01726022287263689
12 0.26171875 0.2418123336215844 0.0109375 0.017251132513557366
12 0.24609375 0.24484643003078813 0.0109375 0.020376132513557365
12 0.23359375 0.24711745715815123 0.0109375 0.021938632513557366
12 0.2234375 0.24783961982413372 0.0125 0.020385222872636888
13 0.79609375 0.21953125 0.1921875 0.4390625
11 0.85 0.21953125 0.3 0.4390625
13 0.30546875 0.92734375 0.1203125 0.1453125
13 0.10234375 0.93984375 0.1453125 0.1203125
5 0.6859375 0.77734375 0.028125 0.0671875
9 0.68984375 0.8203125 0.0203125 0.034375
9 0.28984375 0.8454009419346449 0.0421875 0.03774543969514958
9 0.09375 0.864572601870153 0.0484375 0.03934430113146803
2 0.08203125 0.8051294241770558 0.0765625 0.0613829275949012
2 0.28203125 0.7906679901392468 0.0609375 0.05504202400410509
10 0.6875 0.925 0.025 0.15
11 0.64765625 0.8703125 0.1046875 0.259375
11 0.32109375 0.878125 0.1703125 0.24375
11 0.1109375 0.88203125 0.221875 0.2359375
2 30.657377243041992 497.25537109375 49.661455154418945 74.402099609375
2 160.63082885742188 489.419189453125 42.26446533203125 64.2574462890625
4 34.95268249511719 530.90087890625 44.14044189453125 17.110107421875
4 165.70045471191406 518.18896484375 34.7269287109375 14.946044921875