13 0.340625 0.29453125 0.278125 0.3515625
13 0.32421875 0.33515625 0.3109375 0.2453125
9 0.3859375 0.0987151460852688 0.0875 0.05101815467854491
5 0.359375 0.04137481341499625 0.125 0.060829506683635584
13 0.2546875 0.1979691640674514 0.121875 0.11860564401654469
5 0.2609375 0.11991688940163323 0.0515625 0.025599984006999678
11 0.2375 0.18292541939845156 0.1453125 0.16419086401972635
11 0.18515625 0.37421875 0.1171875 0.2515625
11 0.33515625 0.25 0.2890625 0.5
2 188.82379150390625 5.50341796875 287.37689208984375 86.38479614257812
3 112.98062133789062 197.94088745117188 139.81112670898438 239.43539428710938
1 213.71188354492188 32.26006317138672 278.0835876464844 59.128501892089844
4 213.52215576171875 31.96384048461914 278.6145324707031 58.328609466552734