8 0.809375 0.2359375 0.38125 0.30625
5 0.80078125 0.0296875 0.3984375 0.059375
10 0.72578125 0.4328125 0.5484375 0.2125
11 0.68984375 0.26953125 0.6203125 0.5390625
12 0.546627098648699 0.752527752705271 0.052162463699254855 0.10372498400699967
12 0.7334589572563471 0.6398657627307243 0.026907933645025396 0.059684082670272434
12 0.8410351079202771 0.60049527474536 0.017442030054229462 0.04394999466899989
12 0.8870243187908613 0.5830628740849506 0.01269998789975162 0.03452045066836362
12 0.990625 0.6421875 0.01875 0.06875
12 0.6137549904338344 0.6087873907144978 0.009529536104353475 0.026671588001272718
12 0.5442873729473916 0.6189158213717255 0.009529536104353475 0.026671588001272718
12 0.48807373438371016 0.6245112933640895 0.007957945745273953 0.025090906667727175
12 0.6503737464839585 0.5920271520528158 0.009502265027114553 0.02198408800127254
12 0.9150902314568439 0.5732338880887686 0.009493174668034853 0.020421588001272716
5 306.59185791015625 538.340087890625 398.7861328125 640.0