2 0.5566177912555945 0.2897916695016736 0.15717724801081764 0.08059653590796181
2 0.5868518259468661 0.10837804303824043 0.11980451734563573 0.09131586729005096
2 0.7950819492759572 0.13841448010111151 0.06442612667090888 0.03162270472226432
9 0.5787302432765935 0.13498599483363857 0.044095445337363516 0.029942030054229286
9 0.5270297412476402 0.34855359114464657 0.030069308004454242 0.032985216822512695
10 0.8068183332670484 0.20396675722847454 0.06644316000954512 0.07069429508134384
10 0.6589620885980485 0.22201329616149845 0.20378062269254435 0.1917976563212706
10 0.5914275012333228 0.4536405460633026 0.22429311736154425 0.20910333098930584
11 0.796843896602503 0.18840084456249215 0.08432155068427179 0.13016928903121966
11 0.6330172065961396 0.23622578708631217 0.24164534404836147 0.35763173458010195
11 0.55546875 0.4515625 0.3328125 0.396875
12 0.9719144325668683 0.7748837661072692 0.0064318133354547054 0.015661361436318445
12 0.9780457065563688 0.8521866094914108 0.004942038669636162 0.02190227107723892
12 0.996875 0.87265625 0.00625 0.0265625
12 0.9935439845640047 0.7958502510801544 0.00486931333545435 0.015652271077238922
2 0.5076792098981866 0.7924273527539156 0.004723862667090906 0.0031522710772389217
13 0.5067979625636865 0.8010256479334554 0.004796588001272717 0.009402271077238922
11 0.506752509229823 0.8049318979334554 0.006577264003817973 0.028161361436318443
2 0.5690701485519144 0.8873762383907309 0.00474204400063627 0.004714771077238921
11 0.5696695852164599 0.9029966932111911 0.009793170671545148 0.03599204215447784
2 0.6996928925445965 0.940518898228043 0.006322725334181811 0.006286361436318444
2 0.7262008485439602 0.9450518621236895 0.00474204400063627 0.004714771077238921
13 0.7260644885423694 0.9567706121236895 0.006377269334818081 0.010973861436318445
13 0.6995565325430058 0.952237648228043 0.009520450668363623 0.012554542154477844
11 0.699611076543642 0.9475501482280431 0.011210220003181703 0.023501132513557364
11 0.7261008512094602 0.9536456121236896 0.009629538669636162 0.021929542154477843
11 0.9317525092298229 0.8024593202637995 0.009665901336727244 0.025054542154477843
2 0.8704973832352317 0.7629746394474444 0.004723862667090728 0.0031522710772389217
11 0.8704064765675046 0.7707871394474444 0.009593176002545434 0.018804542154477667
12 0.9624212538988228 0.7850945582617468 0.006395450668363623 0.012536361436318444
13 0.9628394245703682 0.7491570582617468 0.006340906667727353 0.007848861436318444
11 0.9635752212365045 0.7530587630822071 0.008048857336090976 0.020357951795397965
13 0.6083604625636865 0.8004347745932803 0.00793976933481808 0.010982951795398054
11 0.6090508058959594 0.8082427294137405 0.01293635200509069 0.03757272287263689
13 0.669052514560823 0.8211740005891752 0.006377269334818081 0.010973861436318445
11 0.6697792205601867 0.8258569554096354 0.009702264003817972 0.028179542154477842
13 0.7408911518937321 0.8238808440715127 0.004796588001272539 0.009402271077238922
11 0.741645129893414 0.826220048891973 0.0064681760025454334 0.018786361436318445