11 0.546875 0.16484375 0.315625 0.3296875
13 0.16953125 0.7109375 0.3234375 0.578125
11 0.1765625 0.66328125 0.353125 0.6671875
9 0.17990917203575646 0.4023416664766115 0.08988063231716552 0.14114315046753814
10 0.4296875 0.5671875 0.08125 0.2125
10 0.5625842748878679 0.569593840751863 0.1308510659621911 0.20075449980360816
10 0.74612802791293 0.577119473560008 0.11204652380771343 0.19127041549465282
10 0.9016195038106289 0.572308732831586 0.12777151775758924 0.20854881908544912
5 0.7613677294137405 0.3746939103282914 0.07701701795398072 0.07857042759490121
9 0.4206745517206434 0.3883943586076481 0.04870112041330894 0.04559430113146821
9 0.756925148228043 0.4669041362259905 0.05341589149054773 0.05030907220870695
9 0.9562029855620604 0.4555888654433392 0.03778180113146803 0.04865566861791084
11 0.903125 0.64765625 0.19375 0.5296875
11 0.7078125 0.61015625 0.321875 0.5609375
11 0.51953125 0.7 0.2609375 0.546875
11 0.4453125 0.5984375 0.1125 0.50625
6 535.9735717773438 497.6549072265625 74.44921875 85.9437255859375
3 324.41522216796875 410.5575866699219 59.8802490234375 59.21856689453125
5 455.991943359375 212.15423583984375 63.0125732421875 102.88006591796875
4 464.29278564453125 247.93006896972656 46.781982421875 37.14927673339844
5 23.499771118164062 8.4837646484375 105.05099487304688 144.0865478515625