13 0.06328125 0.296875 0.1265625 0.271875
8 0.00859375 0.1125 0.0171875 0.08125
2 0.0234375 0.0375 0.046875 0.075
11 0.09375 0.259375 0.1875 0.51875
12 0.56171875 0.8350304048673424 0.0953125 0.1818045119038568
12 0.4109375 0.7218451245185256 0.046875 0.0955852107723885
12 0.31875 0.673943955704223 0.034375 0.06738748789975162
12 0.246875 0.6579558622218854 0.025 0.05327044574527395
12 0.2 0.6504160729942738 0.0203125 0.04699317466803503
12 0.13671875 0.6492217325369984 0.0234375 0.045448855386194253
12 0.0515625 0.6583109071068376 0.0171875 0.03603749394987581
2 0.93046875 0.9859375 0.0453125 0.028125
10 0.9703125 0.98984375 0.059375 0.0203125