13 0.3488944796101322 0.3880197131100796 0.014198855386194253 0.023519313231716587
11 0.34733652478967203 0.387229372751 0.018922716822512696 0.02979658430895533
2 0.3458285669441497 0.3778452823919204 0.006304542154477666 0.009411361436318443
2 0.4157723865205781 0.5759151437300429 0.012581813231716588 0.014135222872636887
9 0.4149275040070208 0.5868480985505032 0.007867042154477843 0.009420451795397966
13 0.417997961852543 0.5962412792686623 0.023582945745273955 0.025136355386194253
11 0.41961045882748094 0.587656619627742 0.026789758976990364 0.039217036104353654
2 0.25469048253699844 0.33121974638576274 0.006295451795398144 0.007848861436318444
2 0.2640609373574586 0.3320555385402404 0.006286361436318444 0.006286361436318444
2 0.24767286807561786 0.32883508976990444 0.007857951795398055 0.007857951795398143
2 0.22963594038252072 0.3404493006404888 0.007867042154477666 0.009420451795397966
13 0.22879560304850322 0.350601005460949 0.014135222872636976 0.012581813231716588
13 0.24446605484390133 0.3428794090517452 0.01418067466803503 0.020394313231716588
13 0.2530734403825207 0.340585656026683 0.004742042154477666 0.009402271077238922
13 0.2624484403825207 0.34064019818116076 0.009438632513557366 0.010992042154477666
11 0.2616853711006799 0.3375106530016209 0.012609084308955331 0.018822722872636886
11 0.2538819614597596 0.33590270120622295 0.009484084308955332 0.018804542154477844
11 0.24448878074160038 0.3389731590517452 0.015797716822512697 0.02977840359079611
11 0.22959503376666243 0.3474805506404888 0.015761355386194255 0.023528403590796287
2 0.8694286516458887 0.9556066680287356 0.029887487899751618 0.034547716822512696
10 0.86875 0.9875 0.059375 0.025
11 0.85859375 0.9671875 0.0984375 0.065625
11 0.75703125 0.9046875 0.2234375 0.190625
11 0.615625 0.9046875 0.3125 0.190625
10 0.609375 0.8984375 0.23125 0.178125
10 0.76640625 0.8828125 0.1171875 0.146875
2 545.9031372070312 602.7308349609375 19.61962890625 24.738037109375
1 475.76202392578125 597.730712890625 17.0108642578125 29.701416015625
1 477.49261474609375 599.912353515625 19.46868896484375 26.96630859375
2 94.2298583984375 365.1138916015625 10.150238037109375 11.5635986328125