10 0.03125 0.4525447796614458 0.053125 0.06280907220870695
5 0.05 0.40265386397040126 0.0265625 0.018904536104353477
9 0.046875 0.42138568325224207 0.021875 0.015752265027114732
11 0.0328125 0.4828125 0.065625 0.196875
11 0.3390625 0.79453125 0.321875 0.4109375
9 0.51640625 0.7161038064942213 0.0171875 0.03134999394987581
2 0.5515625 0.6764645895735126 0.078125 0.1442045179539809
13 0.85234375 0.68125 0.1328125 0.184375
11 0.83984375 0.79375 0.1828125 0.409375
11 0.5453125 0.7734375 0.090625 0.36875
4 395.3582763671875 50.57536315917969 84.4957275390625 41.190032958984375
2 325.1964111328125 388.70404052734375 48.00537109375 90.0723876953125