10 0.22299731659773042 0.3066805453930427 0.03030566534054522 0.05347044533736352
5 0.21802855327023013 0.2636481607256337 0.014189769334818081 0.011101132001908987
9 0.21787401193509393 0.27692941072563365 0.012627269334818081 0.011082950668363623
11 0.2172922092616396 0.32692941072563364 0.05007382001908987 0.14118862133990878
13 0.76796875 0.871875 0.1953125 0.25625
8 0.7730540499681833 0.7156748320734966 0.07109429734245402 0.06800566000954511
2 0.7712199246499098 0.6047009694064057 0.08995338534372666 0.07759883601209036
11 0.78984375 0.77734375 0.4203125 0.4453125
0 590.8558349609375 434.55804443359375 629.1773681640625 516.1369018554688
2 465.501708984375 368.448974609375 523.9822998046875 454.825439453125
1 470.655517578125 413.0950927734375 520.3523559570312 436.39990234375