9 0.8869799087571575 0.42542009729296665 0.007876132513557366 0.010982951795397966
2 0.8860895744482022 0.4066746424725064 0.020503397540672097 0.03293067466803503
11 0.8875 0.43515625 0.05625 0.0890625
10 0.7501611648072818 0.4090280037124332 0.02688066256778665 0.054842036104353654
2 0.7452464058302913 0.36999277478967196 0.015743174668035032 0.020403403590796287
11 0.75390625 0.41796875 0.0546875 0.1234375
12 0.21796875 0.66640625 0.1421875 0.3734375
12 0.1359375 0.73984375 0.271875 0.5203125
11 0.6663487253085238 0.6283042027773567 0.025454517953980904 0.07827044574527378
13 0.6623697524358869 0.6158269286750558 0.01426248789975162 0.034456813231716586
2 0.6669390777678519 0.5954871575978169 0.007876132513557366 0.010982951795398144
11 0.7247208032727676 0.8584411546709507 0.06303633118569749 0.09255111436318479
10 0.741917393631847 0.8599036607210749 0.01896816861791084 0.037609084308955334
5 473.63958740234375 234.05113220214844 485.96600341796875 247.09193420410156