11 0.363624600121637 0.08991945540963542 0.015779536104353474 0.026653403590796286
13 0.73203125 0.196875 0.3265625 0.284375
13 0.71953125 0.24296875 0.3015625 0.1921875
9 0.7993454941462674 0.045727531232579666 0.09250566256778647 0.055223831185697445
5 0.78125 0.0078125 0.13125 0.015625
13 0.645756885833207 0.12630588642238222 0.13042381908544912 0.12731699980360828
5 0.6657471989667277 0.04728600693388698 0.054842036104353474 0.026880662567786606
11 0.6390625 0.10703125 0.140625 0.1734375
11 0.76953125 0.16953125 0.4015625 0.3390625
2 0.1705472866935287 0.44616945540963543 0.06763292759490129 0.07695338544042354
10 0.13446836524694747 0.6049677384889268 0.10427947560311139 0.19903746369925485
11 0.121875 0.7015625 0.1625 0.596875
11 0.91640625 0.415625 0.1671875 0.153125
2 476.0721435546875 0.0 71.64276123046875 49.4732551574707
2 477.6910400390625 0.0 67.5841064453125 35.8873176574707
2 437.0233154296875 0.5762939453125 113.71771240234375 50.301048278808594
1 481.80426025390625 0.0 62.60498046875 23.495275497436523