11 0.634375 0.284375 0.409375 0.56875
10 0.5703125 0.46015625 0.28125 0.2171875
5 0.615625 0.04375 0.16875 0.0875
8 0.578125 0.1604785879217309 0.2 0.2273272106938169
2 0.075 0.6605358686346378 0.025 0.037790901336727245
2 0.07578125 0.740995527967865 0.025 0.039353401336727066
10 0.08203125 0.6995165526336834 0.0359375 0.06448067067154532
10 0.06953125 0.8020057533020468 0.0359375 0.07854317067154533
11 0.08125 0.7151506433004561 0.0671875 0.1445317973424542
11 0.0671875 0.8535955253023652 0.103125 0.26994996801399934
9 0.071875 0.7660409813017287 0.0109375 0.00950226933481808
9 0.84453125 0.64765625 0.1078125 0.1578125
13 0.69296875 0.775 0.4640625 0.4125
11 0.73046875 0.78046875 0.5390625 0.4234375