11 0.0546875 0.19453125 0.109375 0.3890625
10 0.7546875 0.2203125 0.490625 0.3375
11 0.7546875 0.19453125 0.490625 0.3890625
9 0.44110887255460823 0.8448281721037226 0.009538626463433175 0.02823408800127254
2 0.4269872852205907 0.8345082901018135 0.020576120413308984 0.04554885733609097
2 0.2793976502711465 0.44141117608208713 0.026798849336070064 0.04093408267027261
13 0.4662952249157405 0.8771503234404495 0.055396548008210186 0.12251134667409076
11 0.453125 0.9046875 0.08125 0.190625
13 0.2712311471478886 0.5147486787475872 0.03801815046753809 0.0894988520050907
9 0.2787982074527388 0.47265208541531445 0.011019313231716588 0.014189769334818081
11 0.2707362434588966 0.5639583380808144 0.059494216429729366 0.28973520934118147
11 0.0078125 0.534375 0.015625 0.290625
5 0.5581130027304745 0.4357295093491357 0.07705337939029935 0.08526588534372674
2 0.728125 0.43359375 0.090625 0.0890625
9 0.98828125 0.4734375 0.0234375 0.0625
9 0.7455680718159235 0.5644646787078162 0.058157933645025396 0.06004770934118149
9 0.555692505559145 0.5567868966820447 0.05032725292686635 0.056831802673454314
13 0.57109375 0.69921875 0.1234375 0.3671875
10 0.7339407462875668 0.7143192280394527 0.12508285499341093 0.28424882535009016
13 0.9515625 0.69453125 0.096875 0.4453125
11 0.91328125 0.69453125 0.1734375 0.6109375
11 0.74609375 0.69453125 0.2515625 0.6109375
11 0.5765625 0.69453125 0.134375 0.6109375
2 438.26458740234375 247.54397583007812 59.21771240234375 130.847412109375
3 337.991455078125 564.1094970703125 29.891357421875 56.0718994140625
3 532.07421875 523.746337890625 34.8369140625 79.89892578125
3 328.36407470703125 298.4457092285156 50.794677734375 78.0299072265625
4 447.76031494140625 314.29388427734375 47.15869140625 23.256591796875
2 168.84828186035156 270.04736328125 19.161041259765625 37.559326171875
5 331.79949951171875 253.43911743164062 50.745849609375 62.68170166015625
5 500.215087890625 0.0 139.784912109375 63.551658630371094