5 0.43429967272312736 0.8258702128154919 0.12694429508134383 0.06636131908544911
5 0.3309161183702054 0.7354219539366975 0.13173178903121965 0.08357609016268804
5 0.06596380494209715 0.6182515928931623 0.12575449980360834 0.13041472872636942
5 0.1140625 0.30625 0.0875 0.0125
5 0.28125 0.32109375 0.06875 0.0421875
5 0.45402792808588066 0.3892514567653678 0.03918976502711473 0.022102258976990363
9 0.4554268016224475 0.4173855471244474 0.02353749394987581 0.017323855386194253
9 0.28611826541989804 0.3781179931643089 0.03926248789975162 0.03460225897699045
9 0.10579041598563217 0.35284930669061304 0.05180793969514967 0.04248748184962743
9 0.0296875 0.7 0.059375 0.05
9 0.3287354739527915 0.8416628635776178 0.07209316861791067 0.03791815651766228
10 0.55390625 0.6984375 0.1109375 0.14375
10 0.45703125 0.934375 0.3046875 0.13125
10 0.2971764017440844 0.8946060563960254 0.1386726563212708 0.20236245159900648
10 0.04296875 0.76875 0.0859375 0.290625
10 0.09030125049097934 0.46370044827935664 0.17915221057599684 0.1775988009350765
10 0.2753211451047851 0.48821515583029135 0.12305674668035031 0.2038340480082102
10 0.44423477156821817 0.46107191461089003 0.07539088544042354 0.06762383723582169
11 0.44860865417997137 0.515005435688129 0.10634194535249045 0.2849840540583344
11 0.5515625 0.72578125 0.115625 0.3703125
11 0.3890625 0.8921875 0.440625 0.215625
11 0.28125 0.834375 0.26875 0.33125
11 0.0875 0.77265625 0.175 0.4546875
11 0.27265625 0.52578125 0.1828125 0.4515625
11 0.10078125 0.5171875 0.2015625 0.434375
8 0.6921875 0.7546875 0.165625 0.490625
5 0.7140625 0.35 0.209375 0.1
10 0.8046875 0.928125 0.390625 0.14375
11 0.8046875 0.65 0.390625 0.7
5 156.99574279785156 195.24612426757812 202.1593780517578 253.81851196289062
5 0.0 339.8544006347656 77.2503662109375 469.5251159667969
5 171.15484619140625 447.87689208984375 256.88214111328125 551.5990600585938
4 163.4012451171875 218.41900634765625 200.3314208984375 236.85626220703125
4 0.0 402.2108459472656 57.4412841796875 446.9725646972656
4 43.010894775390625 198.4439697265625 95.96186828613281 219.9237060546875
5 42.21697998046875 194.56039428710938 97.86882019042969 241.3720703125
3 66.04703521728516 335.0237121582031 99.83733367919922 364.1015930175781
4 55.2135009765625 203.8802490234375 95.05328369140625 220.1099853515625