2 0.64375 0.0375 0.05 0.075
11 0.66015625 0.31953125 0.0828125 0.6390625
11 0.309375 0.81953125 0.61875 0.3609375
2 0.7015200307416004 0.86015625 0.05664997579950324 0.06875
2 0.7881887837666625 0.86875 0.05031816256778647 0.0546875
2 0.877996172330344 0.875 0.04874657220870695 0.053125
2 0.9375166180756178 0.85 0.06764201795398109 0.078125
9 0.7035956151487517 0.90625 0.029851126463433176 0.028125
9 0.7902507326351943 0.9171875 0.029842036104353563 0.0265625
9 0.8918905006873711 0.90390625 0.020457945745273775 0.025
9 0.9216643590986274 0.8890625 0.03145907825883114 0.0359375
10 0.87265625 0.9609375 0.0515625 0.078125
10 0.9421875 0.9609375 0.115625 0.078125
10 0.7984375 0.96796875 0.096875 0.0640625
10 0.7078125 0.96953125 0.10625 0.0609375
11 0.7109375 0.9109375 0.15625 0.178125
11 0.81015625 0.91875 0.1390625 0.1625
11 0.8953125 0.92109375 0.13125 0.1578125
11 0.92734375 0.9015625 0.1453125 0.196875
2 578.6103515625 521.5784912109375 620.40478515625 589.8416748046875
2 431.5943603515625 532.9503173828125 468.804443359375 590.4603271484375
2 488.62701416015625 543.5785522460938 521.4148559570312 594.0449829101562
2 546.8528442382812 544.0439453125 578.5963745117188 598.868896484375
4 435.94970703125 559.21435546875 465.2042236328125 571.802490234375
4 578.38818359375 545.70068359375 610.26318359375 565.9154052734375
4 490.99261474609375 566.7268676757812 517.7494506835938 578.1604614257812