8 0.23203125 0.64140625 0.4640625 0.3203125
5 0.2234375 0.42734375 0.446875 0.0546875
10 0.24453125 0.87421875 0.4890625 0.2515625
11 0.24453125 0.7 0.4890625 0.6
2 0.9171875 0.5 0.165625 0.2
2 0.7625 0.5860935987468949 0.16875 0.1869192587805987
2 0.50859375 0.65234375 0.0390625 0.1359375
9 0.5078125 0.78828125 0.0375 0.0796875
9 0.75390625 0.757137351771957 0.10625 0.09280564441741417
9 0.965625 0.8140625 0.06875 0.171875
10 0.7765625 0.9171875 0.271875 0.165625
10 0.55546875 0.9125 0.1328125 0.175
11 0.584375 0.78828125 0.190625 0.4234375
11 0.7484375 0.74453125 0.340625 0.5109375
11 0.91796875 0.7 0.1640625 0.6
2 438.0406494140625 322.95440673828125 541.61181640625 535.7827758789062
1 455.24969482421875 409.6605224609375 532.9962768554688 469.2218017578125
2 549.62890625 253.461669921875 640.0 532.8889770507812