13 0.2030649825748224 0.6171875 0.030160214672181596 0.040625
11 0.2038553232415951 0.61640625 0.036519302673454226 0.05
12 0.39765625 0.85625 0.1421875 0.2875
9 0.40974114922823207 0.90234375 0.06649770401018137 0.075
5 0.3922371179185492 0.728125 0.10577838001272663 0.09375
11 0.35390625 0.83984375 0.2296875 0.3203125
10 0.93984375 0.9125 0.1203125 0.175
9 0.9217915419716831 0.83203125 0.0665340666772721 0.078125
2 0.91328125 0.7421875 0.1546875 0.125
11 0.878125 0.83984375 0.24375 0.3203125
2 547.1165771484375 437.835205078125 79.620849609375 118.48876953125
3 506.2933044433594 592.9462890625 51.605010986328125 47.0537109375
5 221.89080810546875 438.53643798828125 76.15521240234375 169.0748291015625
2 449.2393798828125 570.5323486328125 65.0047607421875 69.363525390625
4 555.9075317382812 482.44891357421875 66.62109375 37.23394775390625
4 227.5732421875 500.9908447265625 61.29327392578125 50.107421875
3 329.7593994140625 596.8585205078125 44.8712158203125 42.43505859375
6 111.16959381103516 58.80869674682617 39.60167694091797 78.32483291625977