13 0.9855595233927245 0.28100209864869896 0.01749658267027243 0.02666249394987581
11 0.9871038420591791 0.27944868900777864 0.022256808004454242 0.03293976502711473
2 0.9885481633911336 0.2693015293668582 0.00792158800127254 0.009420451795397966
13 0.5171875 0.1328125 0.015625 0.028125
2 0.51328125 0.1125 0.0078125 0.0125
11 0.51875 0.12890625 0.01875 0.0515625
2 0.51796875 0.784375 0.0171875 0.0375
2 0.6445799873885883 0.7837811441228264 0.04901930267345413 0.050281801131468205
5 0.9875 0.61953125 0.025 0.0265625
13 0.9859375 0.68359375 0.028125 0.0921875
13 0.53671875 0.89375 0.0546875 0.140625
13 0.677765752068724 0.8831862464839586 0.10806813335454457 0.1568681444174139
9 0.65276520472627 0.8158578459182244 0.022202264003817973 0.028252265027114733
9 0.515625 0.81796875 0.0125 0.0265625
9 0.99140625 0.65078125 0.0171875 0.0234375
11 0.975 0.66484375 0.05 0.1296875
11 0.684375 0.875 0.178125 0.25
11 0.571875 0.878125 0.125 0.24375
2 398.56072998046875 487.0418701171875 432.54461669921875 530.69189453125
3 395.56158447265625 550.930419921875 417.24542236328125 571.135009765625