11 0.090625 0.18359375 0.18125 0.3671875
10 0.92890625 0.178125 0.1421875 0.35625
10 0.85625 0.11796875 0.090625 0.2359375
10 0.70390625 0.06875 0.1453125 0.1375
10 0.53203125 0.0578125 0.1546875 0.115625
11 0.4734375 0.19453125 0.146875 0.3890625
11 0.54296875 0.19453125 0.2828125 0.3890625
11 0.7234375 0.19453125 0.25625 0.3890625
11 0.840625 0.19453125 0.221875 0.3890625
11 0.88828125 0.19453125 0.2234375 0.3890625
5 0.7848973325907307 0.8414224899428551 0.017442038669636162 0.021974993949875808
9 0.7815359752546399 0.8617168092246958 0.012609088001272539 0.009447722872636889
10 0.7782473432527309 0.8757611285065365 0.030160214672181596 0.040797716822512695
11 0.78203125 0.91484375 0.0640625 0.1703125
3 565.7586669921875 93.34530639648438 41.92431640625 56.517852783203125
3 450.24371337890625 61.160213470458984 28.4571533203125 52.15591812133789
7 3.9907455444335938 113.35533905029297 40.54703903198242 54.22467803955078