12 0.38359375 0.07265625 0.0328125 0.0921875
12 0.196875 0.03359375 0.046875 0.0671875
12 0.0359375 0.0125 0.040625 0.025
5 0.7 0.24140625 0.6 0.1953125
11 0.7 0.21640625 0.6 0.2453125
10 0.17703624043383437 0.516844149878363 0.040961343285945875 0.05804884933607006
5 0.18300443930236626 0.4684430113146815 0.018895445745273777 0.02510908430895533
11 0.18085158684303818 0.501241875776062 0.05525110226293641 0.09719316256778665
9 0.7890464028052293 0.8172168546006274 0.10370678298109545 0.10059996369925486
9 0.615944725210328 0.7396498699223295 0.12733518052176757 0.1335488190854491
5 0.6474850958200287 0.6554612222834618 0.10502384328594587 0.05842155405833438
5 0.7914941710537977 0.7008287853187866 0.1160886083130606 0.08036018657189174
10 0.58984375 0.875 0.3578125 0.25
10 0.8296875 0.921875 0.30625 0.15625
11 0.81328125 0.82734375 0.3734375 0.3453125
11 0.68515625 0.79140625 0.5703125 0.4171875
5 466.72015380859375 429.78790283203125 85.750244140625 129.30322265625
3 320.85491943359375 558.7548828125 92.95416259765625 75.81103515625
5 354.1770324707031 402.23358154296875 89.93829345703125 116.56585693359375
4 473.38330078125 470.58111572265625 63.5137939453125 46.027587890625
4 369.2760009765625 450.5179138183594 65.8463134765625 32.032470703125
4 366.94268798828125 423.2444763183594 73.0830078125 79.07281494140625