10 0.9359375 0.06328125 0.128125 0.1265625
10 0.48359375 0.0796875 0.1296875 0.159375
9 0.8796875 0.0078125 0.028125 0.015625
11 0.86171875 0.2828125 0.2765625 0.565625
11 0.5703125 0.35234375 0.303125 0.7046875
2 0.7924394256499937 0.909375 0.023655668617910665 0.0375
2 0.7640625 0.98359375 0.025 0.0328125
10 0.7726990973911625 0.9453125 0.034747704722264315 0.0640625
11 0.76875 0.94375 0.065625 0.1125
7 525.5570068359375 237.67312622070312 577.4627685546875 283.3437805175781
0 519.6715087890625 29.43585205078125 553.321044921875 83.487548828125
2 261.4005126953125 0.0 375.88671875 43.82733154296875