11 0.66953125 0.309375 0.6609375 0.61875
10 0.66953125 0.4734375 0.6609375 0.290625
8 0.528125 0.21171875 0.378125 0.2328125
2 0.5079604074014252 0.71050388470718 0.03787270472226432 0.06449885200509069
9 0.4442342506873711 0.6519459500318167 0.020439765027114733 0.02211135733609062
10 0.5113121454975685 0.8058618380410436 0.052207915494652826 0.11153748400699967
10 0.4423490429400446 0.7073965186982714 0.05216246369925468 0.10372498400699967
9 0.49605530504029305 0.7423987747055891 0.012581813231716588 0.014207950668363622
11 0.478125 0.83828125 0.15 0.3234375
11 0.4328125 0.76640625 0.096875 0.2953125
7 243.85638427734375 535.224853515625 266.33612060546875 563.816650390625
7 264.05523681640625 563.8721923828125 280.79840087890625 588.1229248046875