11 0.5315464784317818 0.2753893227978822 0.049173819085449114 0.12684430113146822
10 0.5291163700205255 0.2605592083365016 0.026853391490547728 0.05015453610435348
2 0.5273220658639952 0.2207245486955812 0.011001132513557365 0.011001132513557365
11 0.25873062626704135 0.5038955969983789 0.029969301131468028 0.048610216822512695
2 0.6639771833504379 0.533818925453602 0.13506586729005096 0.11953177088084707
2 0.97421875 0.4703125 0.0515625 0.090625
10 0.946875 0.7 0.10625 0.26875
10 0.596875 0.79296875 0.234375 0.3421875
11 0.6125 0.7265625 0.265625 0.546875
11 0.90859375 0.7078125 0.1828125 0.584375
9 0.6402129513044187 0.6120848260193361 0.08157725292686635 0.05672269867214012
9 0.97890625 0.5546875 0.0421875 0.05625
2 381.2733459472656 314.78948974609375 466.0424499511719 417.06195068359375
2 604.7220458984375 272.61492919921875 639.9788818359375 378.23114013671875
4 388.841796875 352.126953125 443.2210693359375 388.30780029296875
3 606.9237060546875 453.5259704589844 640.0 494.3877868652344
4 611.5139770507812 317.70404052734375 639.9038696289062 339.03985595703125