2 0.5123126058771735 0.09529815006363344 0.09253293364502539 0.060447698679181275
2 0.36484375 0.10703125 0.0515625 0.0734375
2 0.6620626210024841 0.14001230808399612 0.10819429508134384 0.06687951201463563
10 0.6767604043763631 0.29956912141945063 0.15097266842151918 0.16893290802036276
10 0.49035981694414976 0.24270895206076998 0.13050563231716553 0.1421340506842718
10 0.3671875 0.2515625 0.05625 0.140625
9 0.35390625 0.165625 0.0296875 0.03125
9 0.5150967174116878 0.15392826273072435 0.0439408975406721 0.033321577339272504
9 0.6406416180756178 0.19601686008113264 0.04393180718159222 0.0317590773392725
11 0.38046875 0.24140625 0.0828125 0.3546875
11 0.51953125 0.23984375 0.2359375 0.3578125
11 0.66484375 0.26015625 0.1984375 0.3171875
8 0.16953125 0.78359375 0.3390625 0.2359375
5 0.16953125 0.50234375 0.3390625 0.1671875
11 0.16953125 0.709375 0.3390625 0.58125
10 0.5931176991631194 0.6044469780792237 0.0314408975406721 0.03317612667090888
9 0.5909103045493137 0.5809822060789054 0.012572722872636888 0.012645450668363622
5 0.5902108677810303 0.5669106154121327 0.015697722872636887 0.012681813335454529
11 0.5985364521881815 0.6131043627466327 0.0506272347764936 0.10839430267345432
2 390.9364013671875 70.20402526855469 61.349853515625 76.54920959472656
2 302.5539855957031 43.47035598754883 50.32696533203125 68.89171981811523
3 224.94100952148438 184.51416015625 36.67523193359375 43.69964599609375
2 569.9291381835938 134.21884155273438 70.07086181640625 93.49948120117188
3 368.7103271484375 122.73361206054688 43.8006591796875 46.36480712890625
4 571.2213134765625 170.44482421875 66.3314208984375 26.94146728515625
4 392.5091552734375 104.49757385253906 50.96307373046875 19.896087646484375
2 216.41595458984375 49.593414306640625 31.927490234375 73.6842041015625
4 217.19281005859375 83.802734375 25.6295166015625 16.929840087890625
4 307.38861083984375 72.09915161132812 43.8817138671875 19.26611328125