9 0.2102546813073344 0.262733073281366 0.007876132513557366 0.011028406667727175
5 0.2048768348981306 0.24717170794877505 0.01259999394987581 0.01733295066836362
10 0.20777912110067995 0.2854165952816842 0.01740566861791084 0.03769999466899989
11 0.21328877771653826 0.27832171061427513 0.037999969749378956 0.08637385200509069
8 0.7828125 0.36015625 0.328125 0.3890625
5 0.771875 0.06328125 0.30625 0.1265625
11 0.809375 0.28984375 0.38125 0.5796875
2 0.36122176278761947 0.9155837112508219 0.0361193071815924 0.03166817067154533
9 0.36338370560602706 0.9468064392505038 0.018886355386194254 0.023655676002545433
13 0.38359375 0.9625 0.0671875 0.075
11 0.36953125 0.946875 0.1171875 0.10625
11 0.809375 0.7546875 0.38125 0.35
3 575.5201416015625 126.76856994628906 50.029052734375 87.89688110351562