2 0.41796875 0.0296875 0.1046875 0.059375
8 0.42995916901069425 0.09193734006999676 0.07224770472226431 0.06489884134309047
13 0.46034103971859075 0.2415197167409057 0.1748737767345796 0.24889312802354438
11 0.49921875 0.23984375 0.4109375 0.4796875
11 0.9 0.31640625 0.2 0.3265625
11 0.83359375 0.30546875 0.1890625 0.3484375
9 0.7700796540817756 0.28877433537554353 0.04101588544042354 0.0676602146721816
9 0.9278057956705192 0.30545440006363345 0.05813975292686635 0.05692270934118149
5 0.9119767834720749 0.20604474606140627 0.08636474687674216 0.07443747334499946
5 0.7515625 0.184375 0.025 0.09375
10 0.79921875 0.39453125 0.1203125 0.1703125
10 0.92890625 0.39609375 0.1421875 0.1671875
2 0.25234375 0.50234375 0.1859375 0.0453125
9 0.26937112695441245 0.5839686567074981 0.06761474687674199 0.07421929734245403
13 0.3078125 0.7546875 0.425 0.490625
11 0.31328125 0.73984375 0.5171875 0.5203125
13 0.93046875 0.5109375 0.1390625 0.0625
11 0.92421875 0.6171875 0.1515625 0.275