12 0.9453125 0.096875 0.109375 0.19375
12 0.84609375 0.05390625 0.1234375 0.1078125
12 0.746875 0.021875 0.10625 0.04375
5 0.12686300273047452 0.6736433012810479 0.22324764422102222 0.23851924936345323
5 0.034375 0.75078125 0.06875 0.4015625
5 0.5304647257013073 0.6165996765595503 0.1428965480082102 0.1235295013526354
9 0.01015625 0.578125 0.0203125 0.025
9 0.18984375 0.5625 0.0265625 0.025
9 0.11607146935659554 0.8331546612826386 0.11319995764913049 0.12162155601527189
10 0.028125 0.66640625 0.05625 0.1484375
10 0.21816016842151909 0.6538296932686393 0.09464085518980259 0.15421588001272682
10 0.159375 0.90703125 0.31875 0.1859375
10 0.49765625 0.88125 0.2640625 0.2375
9 0.5327999062230748 0.7493939952260049 0.10200792759490121 0.077744286680454
11 0.46875 0.775 0.321875 0.45
11 0.08828125 0.775 0.1765625 0.45
11 0.03515625 0.66640625 0.0703125 0.2328125
11 0.221875 0.74375 0.19375 0.3875
11 0.18203125 0.7765625 0.3640625 0.446875
5 301.15277099609375 365.02252197265625 84.345947265625 140.53662109375
3 304.43853759765625 592.0611572265625 48.6961669921875 47.1314697265625
5 17.358882904052734 361.79193115234375 127.17288589477539 203.3623046875
4 307.401611328125 422.9394836425781 64.65972900390625 33.27423095703125
4 31.108837127685547 472.56463623046875 96.98004531860352 46.34521484375
6 607.0496826171875 94.76065063476562 32.800537109375 36.00079345703125
5 0.0 346.445068359375 15.926750183105469 60.4417724609375
5 0.13889312744140625 448.9209899902344 37.00462341308594 159.66604614257812
3 256.54925537109375 584.7820434570312 53.11138916015625 55.0574951171875