10 0.39375 0.0359375 0.228125 0.071875
10 0.46015625 0.2919651594127691 0.2046875 0.17269425469445315
2 0.434375 0.17057141740926926 0.1171875 0.05292610001590834
5 0.2171875 0.02265625 0.071875 0.0453125
9 0.265625 0.043607833386361206 0.0359375 0.03166817067154524
11 0.35390625 0.09765625 0.3515625 0.1953125
11 0.4375 0.38984375 0.28125 0.4984375
10 0.85 0.84140625 0.3 0.3171875
11 0.85 0.81953125 0.3 0.3609375
3 192.19244384765625 92.81573486328125 216.42364501953125 121.7950439453125
3 192.72219848632812 165.3289337158203 231.71710205078125 198.8517303466797
2 243.19708251953125 90.21174621582031 311.741943359375 146.2159881591797
3 168.1305694580078 8.9842529296875 215.30088806152344 71.34220886230469
2 120.61111450195312 0.22641754150390625 184.66583251953125 38.0498046875
1 167.09426879882812 575.3179931640625 238.37155151367188 640.0
5 120.33660125732422 0.076385498046875 184.6129150390625 38.616641998291016
3 192.6500244140625 166.9893341064453 221.535888671875 196.57261657714844