9 0.8436248184962739 0.44375 0.09898292154477702 0.09375
9 0.6583413034691592 0.421875 0.12104881908544911 0.1265625
5 0.6632919030016209 0.3328125 0.10342498184962742 0.0515625
5 0.8117294030016209 0.3328125 0.11136474687674217 0.0734375
10 0.69296875 0.52890625 0.3359375 0.1796875
10 0.89296875 0.53828125 0.2140625 0.1609375
11 0.8734375 0.43125 0.253125 0.375
11 0.7296875 0.44453125 0.540625 0.3484375
9 0.528125 0.69921875 0.1375 0.1328125
10 0.621875 0.84453125 0.325 0.3109375
11 0.66484375 0.809375 0.4109375 0.38125
5 382.84967041015625 196.67236328125 462.77008056640625 313.2283935546875
4 503.7831115722656 228.92291259765625 575.4493408203125 277.59112548828125
1 394.02435302734375 218.9688720703125 459.54779052734375 254.0364990234375