2 0.3234375 0.496875 0.0875 0.075
9 0.32285514998409165 0.5256839893777707 0.05094542934436319 0.08183180267345413
10 0.3165676926320925 0.6631294453771345 0.15172832137172546 0.2845397266868173
11 0.2828125 0.7296875 0.359375 0.540625
13 0.5859375 0.51015625 0.0125 0.0671875
9 0.5843262626114116 0.4811447433959062 0.00793976933481808 0.011028406667727354
2 0.5890625 0.46640625 0.01875 0.0140625
11 0.609375 0.54921875 0.059375 0.1796875
3 219.42510986328125 414.013916015625 26.032470703125 34.693115234375
3 151.06106567382812 510.4537353515625 27.27392578125 43.866943359375
5 161.42764282226562 327.59576416015625 104.11801147460938 130.83319091796875
2 181.98828125 294.5196533203125 51.6727294921875 62.285400390625