2 0.87734375 0.23046875 0.2453125 0.3578125
2 0.7616449853656688 0.28824072274822354 0.16986811416679296 0.194151084022908
2 0.50546875 0.23359375 0.1734375 0.2015625
9 0.5108950307416004 0.4142379593809524 0.10868517447164336 0.15125451201463563
9 0.772195624223938 0.4891583327498143 0.09911927693097126 0.11833292401336308
9 0.85234375 0.48046875 0.0703125 0.1984375
11 0.56796875 0.35390625 0.2984375 0.4515625
11 0.76484375 0.38203125 0.3203125 0.3953125
11 0.85703125 0.30703125 0.2859375 0.5453125
2 272.7554016113281 92.38581085205078 366.2588806152344 314.1773681640625
2 447.0674743652344 127.9952392578125 639.9010009765625 362.0648193359375
1 280.6253356933594 176.67526245117188 361.3136291503906 231.50228881835938
1 457.2724609375 208.48214721679688 586.66748046875 311.1026306152344
1 457.0876770019531 234.3612060546875 590.486083984375 290.8206787109375