2 0.8 0.01484375 0.03125 0.0296875
2 0.8484375 0.00390625 0.028125 0.0078125
2 0.884375 0.02734375 0.0296875 0.034375
2 0.975 0.021875 0.028125 0.034375
2 0.940625 0.01015625 0.028125 0.0203125
2 0.74765625 0.05546875 0.0375 0.078125
2 0.9234375 0.04140625 0.03125 0.0390625
2 0.52734375 0.021875 0.0484375 0.04375
9 0.9734375 0.0546875 0.0203125 0.015625
9 0.94296875 0.03515625 0.01875 0.0171875
9 0.9234375 0.08125 0.0234375 0.0203125
9 0.88046875 0.0578125 0.01875 0.0203125
9 0.85 0.02578125 0.0203125 0.01875
9 0.83359375 0.08125 0.021875 0.01875
9 0.79921875 0.053125 0.021875 0.01875
9 0.76953125 0.040625 0.015625 0.0140625
9 0.7484375 0.078125 0.01875 0.01875
9 0.70859375 0.06171875 0.01875 0.0171875
9 0.67421875 0.05078125 0.025 0.01875
9 0.615625 0.08671875 0.0171875 0.015625
9 0.58984375 0.02265625 0.025 0.0234375
9 0.5296875 0.05703125 0.025 0.0234375
2 0.61015625 0.0484375 0.0421875 0.0453125
2 0.675 0.01171875 0.034375 0.0234375
2 0.7125 0.021875 0.034375 0.0328125
2 0.75 0.03515625 0.034375 0.0328125
2 0.77109375 0.009375 0.0296875 0.01875
2 0.8375 0.04296875 0.0328125 0.034375
13 0.5265625 0.16328125 0.090625 0.1765625
13 0.58984375 0.11015625 0.0859375 0.153125
13 0.61015625 0.178125 0.071875 0.1609375
13 0.6703125 0.1296875 0.084375 0.1453125
13 0.71015625 0.125 0.04375 0.134375
13 0.74375 0.153125 0.078125 0.1453125
13 0.775 0.0703125 0.025 0.0390625
13 0.790625 0.12265625 0.059375 0.134375
13 0.83046875 0.15390625 0.0734375 0.1375
13 0.84296875 0.0640625 0.05625 0.053125
13 0.87890625 0.12578125 0.059375 0.1125
13 0.92578125 0.14921875 0.0828125 0.1328125
13 0.9484375 0.06484375 0.0234375 0.021875
13 0.9640625 0.084375 0.053125 0.04375
13 0.98203125 0.1390625 0.0359375 0.121875
11 0.97734375 0.2 0.0453125 0.36875
11 0.96484375 0.17578125 0.0703125 0.3484375
11 0.94453125 0.0390625 0.0390625 0.078125
11 0.91953125 0.20625 0.103125 0.375
11 0.87734375 0.1828125 0.0671875 0.35
11 0.84609375 0.04296875 0.0609375 0.0859375
11 0.83359375 0.20859375 0.096875 0.3734375
11 0.78828125 0.18203125 0.0734375 0.3640625
11 0.75703125 0.1703125 0.0609375 0.340625
11 0.74375 0.20390625 0.0859375 0.375
11 0.71796875 0.1859375 0.075 0.3609375
11 0.6703125 0.19765625 0.090625 0.3953125
11 0.61328125 0.2234375 0.096875 0.4
11 0.5859375 0.1984375 0.096875 0.396875
11 0.52578125 0.221875 0.1046875 0.44375
13 0.65 0.79453125 0.3625 0.4109375
11 0.65546875 0.79453125 0.3734375 0.4109375
6 322.4527587890625 245.119384765625 28.5157470703125 40.6671142578125
6 336.7832336425781 243.59033203125 22.78179931640625 35.0343017578125
3 402.8795166015625 127.52397155761719 16.384765625 22.34027099609375
2 556.4505615234375 7.075298309326172 19.0419921875 34.966880798339844
2 526.1448974609375 17.415000915527344 22.04345703125 41.02843475341797
7 559.3839111328125 221.18344116210938 27.223388671875 22.83160400390625
2 580.3950805664062 15.438566207885742 22.3177490234375 39.821123123168945
7 612.5909423828125 221.47726440429688 18.216552734375 24.19598388671875
2 535.6715087890625 0.11011505126953125 17.2041015625 18.31121063232422
2 501.6272888183594 0.3127250671386719 21.847686767578125 39.44484329223633
7 585.7421264648438 222.4959259033203 16.615234375 29.405792236328125
2 613.9443359375 4.193630218505859 19.99658203125 38.8464241027832
7 632.1959228515625 221.95469665527344 7.8040771484375 22.187469482421875
7 489.88421630859375 211.09243774414062 13.8834228515625 21.58831787109375
2 445.98785400390625 3.726459503173828 18.87957763671875 47.56755065917969
6 376.12493896484375 234.91342163085938 31.6329345703125 38.3609619140625
7 541.41357421875 207.90692138671875 14.4296875 22.12384033203125
2 594.7803344726562 0.23907852172851562 16.386962890625 30.16061019897461
7 411.0791015625 225.81845092773438 18.61529541015625 28.89239501953125
7 426.44744873046875 223.47702026367188 19.844970703125 23.69329833984375
7 362.3540344238281 227.77536010742188 17.4559326171875 26.398956298828125
6 461.20196533203125 234.94635009765625 15.1912841796875 17.704833984375
7 514.5206909179688 223.43344116210938 19.2042236328125 31.19683837890625
6 331.7430419921875 243.20582580566406 27.6025390625 40.81675720214844
6 476.56390380859375 218.3622283935547 15.1654052734375 31.136077880859375
3 468.3866882324219 125.33746337890625 17.27569580078125 20.344757080078125
3 429.63714599609375 104.43324279785156 18.2047119140625 24.3326416015625
2 374.25177001953125 18.25336265563965 30.11077880859375 46.82977485656738
2 326.1232604980469 1.7987632751464844 26.9073486328125 45.018951416015625
2 468.6476135253906 11.121709823608398 22.57568359375 48.49475288391113
2 418.5879211425781 0.050403594970703125 24.286865234375 44.599205017089844
2 486.403076171875 0.0 17.0579833984375 12.90618896484375
7 474.86029052734375 217.43106079101562 17.42291259765625 31.926666259765625
7 525.8270263671875 224.49710083007812 16.0191650390625 26.0789794921875
7 600.8143310546875 208.53514099121094 12.43017578125 15.61859130859375
7 460.5829772949219 232.64523315429688 16.13629150390625 20.2955322265625
0 513.820068359375 135.94308471679688 15.48486328125 24.959381103515625
4 329.04693603515625 18.453514099121094 21.6573486328125 11.832786560058594
7 524.195556640625 222.14759826660156 20.23974609375 30.095794677734375
0 617.3505859375 128.0115966796875 13.902587890625 29.194091796875
6 461.0978088378906 218.84182739257812 15.9710693359375 33.5447998046875