9 0.21271116178221972 0.703125 0.009438632513557366 0.0109375
2 0.20947253229372453 0.68359375 0.02051248789975162 0.034375
11 0.22643329419758115 0.77890625 0.05600560206654457 0.2265625
10 0.35072879136891083 0.6578125 0.02846134328594587 0.0578125
2 0.3489163064942213 0.61484375 0.01731476502711473 0.021875
11 0.35644298106406047 0.7 0.05427038524403187 0.196875
10 0.725 0.590625 0.55 0.28125
8 0.86328125 0.54140625 0.2734375 0.1828125
11 0.725 0.725 0.55 0.55
3 428.7541809082031 443.88970947265625 55.67413330078125 56.2745361328125
5 217.772705078125 391.2664794921875 11.656646728515625 13.7593994140625