10 0.5859375 0.0984375 0.19375 0.196875
11 0.66484375 0.23671875 0.3515625 0.4734375
12 0.3546875 0.80859375 0.25 0.3828125
5 0.24765625 0.96875 0.0890625 0.0625
10 0.77890625 0.74921875 0.3234375 0.4796875
10 0.54453125 0.746875 0.1109375 0.475
11 0.75234375 0.7546875 0.4953125 0.490625
11 0.55625 0.7546875 0.134375 0.490625
3 483.6402587890625 13.637126922607422 522.4638671875 45.752784729003906
3 351.5528259277344 371.57122802734375 395.6994323730469 430.38714599609375
2 0.8769454956054688 46.43008041381836 82.6025619506836 121.44107055664062