10 0.027349336941234093 0.14631663792968505 0.012627265027114731 0.022020450668363535
5 0.02410616227319906 0.1260405005967759 0.009438632513557366 0.011046588001272718
11 0.0296521803253758 0.13925811592936688 0.026817030054229286 0.04405908267027261
10 0.7492930355151783 0.3274126439370029 0.01418976502711473 0.022038632001908986
5 0.7476169060266831 0.30789957527054834 0.007857951795397966 0.007903406667727176
11 0.7508237192583996 0.3219257126034575 0.02677157825883114 0.03624658267027261
5 0.6578125 0.4328125 0.109375 0.10625
9 0.6810328731437835 0.48431607725973064 0.0660886083130606 0.08045111600890867
13 0.7247743036655508 0.6166285905872309 0.14556807181592363 0.3141726826861809
11 0.73203125 0.68984375 0.3421875 0.6203125
3 509.4857177734375 433.7355041503906 538.583984375 498.6560363769531
5 384.37725830078125 243.78953552246094 455.79095458984375 325.6280517578125