13 0.3125 0.36640625 0.0125 0.0046875
11 0.3140625 0.36171875 0.01875 0.0140625
2 0.95859375 0.11796875 0.0828125 0.2359375
2 0.8333063619272977 0.17562425223949515 0.17140334308955413 0.1884908491396784
2 0.5254029583365016 0.1894584515008105 0.1476749515990063 0.13835449375348405
9 0.5261791422761146 0.3246237918598901 0.09422269867214013 0.08179542154477701
9 0.7953125 0.33046875 0.10625 0.0765625
11 0.5671875 0.24140625 0.275 0.2546875
11 0.76484375 0.21953125 0.3609375 0.2984375
11 0.92421875 0.184375 0.1515625 0.36875
8 0.34921875 0.5546875 0.1609375 0.346875
10 0.225 0.81328125 0.409375 0.3734375
11 0.21484375 0.684375 0.4296875 0.63125