11 0.39375 0.1671875 0.13125 0.334375
12 0.91328125 0.19945599834968003 0.0546875 0.10813066256778665
12 0.73125 0.02265625 0.028125 0.0453125
12 0.91640625 0.04084406763152075 0.021875 0.04075226502711464
12 0.97109375 0.05536965506373415 0.015625 0.034465903590796196
12 0.89140625 0.0125 0.0171875 0.025
8 0.3859375 0.81640625 0.146875 0.2921875
5 0.375 0.60859375 0.16875 0.1703125
10 0.2296875 0.9390625 0.459375 0.121875
11 0.2296875 0.734375 0.459375 0.53125
8 0.95078125 0.51015625 0.0984375 0.0828125
10 0.63203125 0.7390625 0.3453125 0.521875
10 0.88359375 0.7734375 0.2328125 0.453125
11 0.69921875 0.734375 0.4796875 0.53125
11 0.86484375 0.734375 0.2703125 0.53125
3 502.94244384765625 458.7128601074219 40.58642578125 51.08624267578125
5 159.95474243164062 364.8894958496094 133.54806518554688 125.11822509765625
4 192.528564453125 422.6037902832031 82.85650634765625 36.01397705078125