5 0.16875 0.1280683743221338 0.0390625 0.025227258976990453
5 0.2484375 0.39869851600907324 0.0578125 0.03627384328594587
9 0.16484375 0.15621610021983284 0.0203125 0.015743174668035032
9 0.2453125 0.4502791967272325 0.015625 0.018840903590796286
10 0.2890625 0.49299341667300317 0.0703125 0.10665906615858275
10 0.1796875 0.2217547418085765 0.04375 0.10025453005422928
11 0.01640625 0.09375 0.0328125 0.1875
11 0.165625 0.27886780504029307 0.1421875 0.3352022226762452
11 0.2484375 0.4890625 0.178125 0.221875
13 0.7140625 0.13515625 0.1625 0.2703125
11 0.74140625 0.19921875 0.2234375 0.3984375
2 0.32265625 0.6661905430382404 0.01875 0.015734084308955332
11 0.32734375 0.7450695219610017 0.0421875 0.17680793969514957
13 0.015625 0.7961017985973854 0.028125 0.06266362646343318
2 0.015625 0.7421955485973853 0.0171875 0.02353749394987581
11 0.0171875 0.82578125 0.034375 0.1984375