2 0.01484375 0.3421875 0.0109375 0.009375
13 0.00703125 0.37109375 0.0140625 0.0390625
11 0.0140625 0.39375 0.028125 0.1125
2 0.24375 0.2984375 0.0078125 0.0078125
10 0.23828125 0.31953125 0.0125 0.03125
11 0.23671875 0.3375 0.021875 0.0890625
11 0.25078125 0.33671875 0.0234375 0.0921875
11 0.1703125 0.44140625 0.0359375 0.115625
11 0.20078125 0.44609375 0.0390625 0.1078125
11 0.22109375 0.44453125 0.0296875 0.1109375
11 0.24140625 0.44296875 0.0359375 0.1140625
11 0.2328125 0.38046875 0.0125 0.0171875
11 0.25703125 0.3703125 0.01875 0.0375
2 0.25859375 0.36015625 0.0140625 0.015625
13 0.2546875 0.37734375 0.0125 0.015625
2 0.27421875 0.3578125 0.0109375 0.0109375
13 0.27265625 0.38828125 0.01875 0.046875
11 0.2734375 0.38359375 0.021875 0.0671875
2 0.2609375 0.3875 0.0140625 0.015625
13 0.2640625 0.4171875 0.01875 0.0390625
11 0.2625 0.43984375 0.03125 0.1203125
13 0.240625 0.421875 0.0296875 0.0453125
13 0.22265625 0.4234375 0.0234375 0.046875
13 0.203125 0.4296875 0.034375 0.046875
13 0.171875 0.4234375 0.0328125 0.0421875
2 0.17734375 0.39140625 0.0125 0.015625
2 0.2015625 0.3984375 0.0125 0.0140625
2 0.2296875 0.3890625 0.009375 0.0109375
2 0.246875 0.39296875 0.0125 0.0125
2 0.25546875 0.296875 0.0109375 0.009375
2 0.28671875 0.30546875 0.0125 0.0125
2 0.296875 0.2984375 0.0109375 0.0125
2 0.325 0.353125 0.0109375 0.0125
2 0.29296875 0.35625 0.0125 0.0140625
2 0.30625 0.3921875 0.0125 0.015625
2 0.31796875 0.4 0.0125 0.0140625
2 0.36484375 0.378125 0.0078125 0.015625
12 0.35234375 0.36015625 0.0109375 0.03125
11 0.35703125 0.428125 0.0234375 0.11875
11 0.33125 0.3828125 0.0328125 0.0765625
11 0.2921875 0.440625 0.0375 0.11875
11 0.3125 0.4421875 0.0375 0.115625
11 0.29375 0.3828125 0.0234375 0.0671875
11 0.284375 0.325 0.0171875 0.05625
11 0.29609375 0.32109375 0.0171875 0.0609375
13 0.36171875 0.4109375 0.0140625 0.046875
13 0.32734375 0.37734375 0.01875 0.0296875
13 0.3125 0.428125 0.0265625 0.04375
13 0.2953125 0.42578125 0.0265625 0.0484375
13 0.29375 0.384375 0.0203125 0.04375
13 0.28359375 0.33046875 0.015625 0.0359375
13 0.2953125 0.32578125 0.015625 0.03125
13 0.2515625 0.321875 0.0203125 0.0328125
12 0.25703125 0.1703125 0.0078125 0.0265625
12 0.2484375 0.1625 0.0078125 0.0203125
12 0.25390625 0.1546875 0.0078125 0.03125
11 0.9984375 0.1296875 0.003125 0.009375
2 0.8171875 0.5234375 0.08125 0.046875
10 0.80546875 0.65859375 0.1828125 0.23125
11 0.803125 0.68515625 0.25625 0.3703125
2 150.58953857421875 251.0374755859375 160.99380493164062 263.10699462890625
2 109.1086654663086 246.8170166015625 118.8597640991211 257.85626220703125
2 129.08990478515625 252.93276977539062 139.32501220703125 262.4271545410156