13 0.63515625 0.10234375 0.1546875 0.2046875
11 0.61875 0.209375 0.175 0.41875
8 0.16484375 0.70859375 0.3296875 0.3359375
5 0.159375 0.51796875 0.31875 0.0765625
11 0.16484375 0.7296875 0.3296875 0.540625
13 0.7796875 0.8932889960911752 0.021875 0.03606476502711473
13 0.99453125 0.85625 0.0109375 0.04375
13 0.91484375 0.48313781215156204 0.0203125 0.04074317466803503
10 0.9078125 0.6932531555357038 0.021875 0.037627265027114734
2 0.909375 0.6612309958947834 0.015625 0.02509090359079611
11 0.91484375 0.5034503121515621 0.0390625 0.13460225897699035
11 0.90703125 0.705748610356164 0.04375 0.12056703005422928
11 0.9890625 0.88671875 0.021875 0.1640625
11 0.78359375 0.8854992219888741 0.0328125 0.0595658975406721