10 0.1921875 0.06228391490547765 0.0140625 0.023519313231716587
5 0.18828125 0.04116743900777866 0.0109375 0.012563632513557365
11 0.19453125 0.054485050444097106 0.0296875 0.0454852168225127
13 0.64765625 0.234375 0.5421875 0.46875
11 0.64921875 0.234375 0.5453125 0.46875
8 0.521875 0.5409805657657993 0.125 0.1319772287263694
9 0.6984375 0.5631015263417962 0.08125 0.08172269867214013
10 0.784375 0.775 0.3375 0.45
10 0.87734375 0.734375 0.2453125 0.53125
10 0.55859375 0.7875 0.2953125 0.425
11 0.41875 0.734375 0.1375 0.53125
11 0.54453125 0.734375 0.3890625 0.53125
11 0.72578125 0.734375 0.5046875 0.53125
11 0.86015625 0.734375 0.2796875 0.53125