8 0.18203125 0.53984375 0.1453125 0.0421875
9 0.0171875 0.71484375 0.034375 0.0796875
5 0.0546875 0.54921875 0.109375 0.0609375
10 0.1 0.8625 0.2 0.275
10 0.21796875 0.759375 0.2828125 0.48125
11 0.11796875 0.759375 0.2359375 0.48125
11 0.2125 0.759375 0.29375 0.48125
3 112.19960021972656 488.3492431640625 160.12879943847656 523.078857421875
5 0.0 332.4395446777344 63.00447082519531 474.9179992675781
3 111.41158294677734 488.7958679199219 165.40451049804688 550.308349609375
4 0.07768630981445312 376.98504638671875 42.16600799560547 430.94085693359375