13 0.8561279899347756 0.3131333425985748 0.025599984006999678 0.05170794574527378
11 0.8418745859325485 0.32945777936685816 0.05145450668363551 0.1252908914905479
10 0.1140625 0.553125 0.228125 0.1875
11 0.15625 0.68671875 0.3125 0.4546875
2 0.7176120246260473 0.6398140172666098 0.07298406134627218 0.09573065651766247
2 0.5766597606222292 0.6671208849494443 0.079143154678545 0.0879545179539809
5 0.8416035079567292 0.6600679508134395 0.07881589067472702 0.05982951795398091
5 0.47578125 0.65859375 0.0328125 0.0765625
9 0.8490881966104571 0.7554304477883773 0.036664753341817756 0.06270907825883114
9 0.7127148919478206 0.7249475413689108 0.04106135200509069 0.03773634933607006
9 0.5678200152769117 0.7553566831540461 0.041134077339272504 0.04398634933607006
10 0.5515625 0.8828125 0.109375 0.234375
10 0.7165291405951851 0.8671668576256895 0.1184976507001803 0.24754768657189175
10 0.89375 0.88515625 0.1125 0.2296875
11 0.853125 0.8125 0.2 0.375
11 0.71484375 0.79375 0.1796875 0.4125
11 0.54140625 0.80859375 0.1609375 0.3828125
2 433.9141845703125 382.0500793457031 47.32373046875 92.59185791015625
2 341.9084167480469 400.99462890625 51.2664794921875 94.9910888671875
5 514.7326049804688 405.54425048828125 56.1417236328125 97.5592041015625
3 402.27081298828125 616.29296875 21.531494140625 23.70703125
4 436.4593505859375 434.39129638671875 41.748291015625 17.4674072265625
4 345.62457275390625 444.8131103515625 42.06707763671875 23.7899169921875
4 516.8431396484375 443.1355285644531 43.257080078125 30.71856689453125
4 515.5091552734375 441.60809326171875 46.873291015625 25.4466552734375