12 0.884375 0.0625 0.04375 0.125
12 0.634375 0.021875 0.028125 0.04375
12 0.415625 0.021875 0.021875 0.04375
12 0.35234375 0.00703125 0.0140625 0.0140625
12 0.571875 0.4109375 0.05 0.05625
9 0.23701574931262895 0.5287234010567134 0.05337953005422928 0.04405907220870695
2 0.21484375 0.46328125 0.1578125 0.0484375
10 0.23828125 0.73671875 0.2015625 0.4359375
11 0.21796875 0.71953125 0.2421875 0.5609375
2 93.50971984863281 274.8653259277344 87.1981201171875 74.8160400390625
4 110.908447265625 299.71551513671875 65.84640502929688 22.015625
5 180.26577758789062 312.03375244140625 16.7548828125 21.7923583984375