10 0.27421875 0.03828125 0.3609375 0.0765625
11 0.2421875 0.18125 0.471875 0.3625
5 0.8421875 0.09140625 0.28125 0.1828125
11 0.809375 0.31953125 0.38125 0.6390625
10 0.8171875 0.409375 0.365625 0.459375
8 0.8359375 0.2804303050402931 0.19375 0.16518970452587248
9 0.3921875 0.9330013140172835 0.015625 0.034465903590796286
2 0.42109375 0.8820518923743105 0.078125 0.15514201795398072
13 0.31640625 0.890625 0.1671875 0.21875
11 0.33984375 0.8875 0.2640625 0.225
2 130.41778564453125 504.1574401855469 161.587646484375 135.14993286132812
4 468.06341552734375 6.995368957519531 48.99908447265625 67.83232879638672
2 238.15411376953125 518.83984375 53.39996337890625 96.5908203125