11 0.37734375 0.09453125 0.2640625 0.1890625
10 0.45546875 0.8140625 0.1078125 0.221875
10 0.3120526316297946 0.7933701456939601 0.13871810811666876 0.21017495159900648
10 0.12286741178221972 0.7733763291425941 0.1183510659621911 0.20068177693097136
10 0.015625 0.74375 0.03125 0.21875
5 0.1403947584860111 0.5631109948336386 0.08172269867214013 0.08172269867214013
9 0.48515625 0.62890625 0.0484375 0.0484375
9 0.13001177038986783 0.6584871273471959 0.05499657220870695 0.05344316256778647
11 0.16328125 0.7546875 0.3265625 0.490625
11 0.33515625 0.82265625 0.2859375 0.3546875
11 0.43515625 0.7921875 0.1484375 0.415625
10 0.93984375 0.90390625 0.1203125 0.1921875
11 0.9 0.76953125 0.2 0.4609375
3 167.0601806640625 550.2771606445312 62.93109130859375 66.6099853515625
1 33.75053405761719 452.837158203125 92.5858154296875 125.242919921875
4 66.59323120117188 357.681396484375 39.885986328125 71.953857421875