9 0.52109375 0.03390754459741228 0.01875 0.017405676002545258
5 0.5296875 0.00546875 0.025 0.0109375
10 0.50859375 0.0965529952657758 0.06875 0.11017497867599957
11 0.50546875 0.15078125 0.1109375 0.3015625
9 0.30234375 0.8510950445974123 0.01875 0.017405676002545434
5 0.31171875 0.8181734565961396 0.025 0.020603401336727244
10 0.28984375 0.9137404952657757 0.06875 0.11017497867599957
11 0.28046875 0.9 0.1234375 0.2
13 0.88671875 0.68203125 0.2265625 0.2984375
2 0.93671875 0.46453992659932125 0.096875 0.12612724267981754
11 0.8421875 0.69453125 0.315625 0.6109375
3 183.53172302246094 516.10107421875 205.8013153076172 557.9072265625
3 324.546875 0.0 345.32440185546875 35.17174530029297
3 184.68389892578125 616.771484375 200.21585083007812 639.1055908203125