11 0.7789859797083281 0.1548748941228264 0.020521578258831143 0.03605567466803503
10 0.7797308682720095 0.16112943930236626 0.01259090359079611 0.015697722872636887
5 0.7806348381195845 0.140040234481906 0.009420451795398143 0.007867042154477666
2 0.21793537110067995 0.5882459303253758 0.09722043364502549 0.059938602262936236
2 0.4170132205349459 0.613623701108027 0.07379202400410509 0.06136474687674198
2 0.27848653083979624 0.6550067043294808 0.042451120413308896 0.04555793969514958
2 0.6140250968019872 0.4569520411725191 0.10053633118569749 0.09276928298109563
9 0.6246626149523599 0.5085781736860764 0.058067030054229286 0.04408634328594587
9 0.42693766637841557 0.6535265384420446 0.029832945745273776 0.025172716822512698
9 0.25956381401728346 0.6845851200205255 0.026707945745273864 0.025154536104353475
9 0.21151719945770706 0.6171158188890573 0.05331589754067192 0.03312157220870695
13 0.12502064237431054 0.7127095991396784 0.19614881303532483 0.14488629488495236
10 0.23433655504029302 0.7235021742752515 0.07224770472226431 0.06448065651766229
10 0.4241803050402931 0.7246066529034252 0.11328177088084708 0.13502950585373236
10 0.66796875 0.59453125 0.0640625 0.2734375
11 0.5890625 0.68515625 0.221875 0.5515625
11 0.17265625 0.6890625 0.3453125 0.3375
11 0.23919222668326595 0.6946231953524904 0.10866699375348406 0.1475022347764936
11 0.38721611534514333 0.7665805294650541 0.2319328186926656 0.3872737827847037