11 0.73359375 0.01328125 0.0390625 0.0265625
2 0.26953125 0.4786398839513204 0.0609375 0.0725840720082724
10 0.26328125 0.6341813592855022 0.0921875 0.18857269867918128
11 0.2671875 0.7203125 0.125 0.559375
8 0.3859375 0.88359375 0.1125 0.1234375
8 0.70234375 0.6635394059118677 0.1421875 0.1797795013526356
5 0.6890625 0.4984375 0.153125 0.1375
5 0.42265625 0.5902313646165023 0.0828125 0.06033861067790856
9 0.459375 0.6780853532781844 0.04375 0.044259077339272326
9 0.55546875 0.9121234512651395 0.075 0.07743520401018138
5 0.55078125 0.7184279952657758 0.1796875 0.1411533533577261
5 0.39375 0.7054114692870931 0.128125 0.13742836935072641
10 0.77890625 0.8078125 0.3078125 0.384375
11 0.43125 0.6440376172820024 0.1078125 0.17469201201463563
11 0.44921875 0.8140625 0.2390625 0.371875
11 0.57734375 0.7953125 0.4515625 0.409375
11 0.80078125 0.71484375 0.3984375 0.5703125
5 393.5569152832031 277.0460205078125 492.1443786621094 416.3326416015625
3 465.8712158203125 594.7708740234375 512.235595703125 634.6673583984375
5 246.38243103027344 357.9997253417969 304.9779052734375 442.4606018066406
4 314.19012451171875 509.77716064453125 393.02484130859375 558.4772338867188
4 409.1669616699219 334.19580078125 481.3307800292969 377.6690673828125
5 301.0152587890625 419.1341857910156 429.44384765625 610.2606201171875
2 154.42657470703125 281.8188781738281 192.53097534179688 348.7999572753906
1 409.8059387207031 333.9129638671875 482.6241760253906 377.669189453125