2 0.9921875 0.28515625 0.015625 0.0234375
11 0.96796875 0.36953125 0.0640625 0.2046875
10 0.98203125 0.33828125 0.0359375 0.0734375
2 0.4153828360518613 0.5262508233870574 0.07723520934118148 0.058257927594901206
9 0.41202202605822463 0.5731485492847564 0.04255112667090888 0.031495439695149584
10 0.3926276834022696 0.6521729739527915 0.13463063335454456 0.15702268052176754
11 0.36484375 0.725 0.2953125 0.471875
2 245.60400390625 321.551025390625 41.347412109375 52.931884765625
7 163.09072875976562 566.3099975585938 34.160247802734375 40.8131103515625
4 248.48785400390625 342.86212158203125 33.280517578125 15.184814453125
7 210.55795288085938 574.2815551757812 30.85943603515625 34.5792236328125