12 0.0125 0.20703125 0.025 0.0609375
12 0.16953125 0.2656487676593933 0.0375 0.10334316861791085
12 0.178125 0.20241751463433122 0.0203125 0.05949317466803503
12 0.28671875 0.19523679459036458 0.0234375 0.06419885538619426
12 0.371875 0.19338846916020377 0.025 0.05952044574527395
10 0.2125 0.21668000253408284 0.03125 0.05330680718159222
5 0.2171875 0.16983227361132158 0.0171875 0.021974993949875808
11 0.21796875 0.21671181879086152 0.0625 0.1222386143631848
10 0.7046875 0.3046875 0.590625 0.128125
8 0.61015625 0.09296875 0.4015625 0.1859375
11 0.7046875 0.184375 0.590625 0.36875
13 0.075 0.7113299480829649 0.025 0.05952044574527378
9 0.075 0.678517448082965 0.00625 0.014098861436318444
2 0.071875 0.6550617673648057 0.0203125 0.028243174668035033
2 0.48984375 0.48105611992232955 0.05625 0.06907725292686635
10 0.471875 0.637982830792914 0.08125 0.18484769867214013
11 0.471875 0.72265625 0.09375 0.5546875
2 296.167724609375 287.0616455078125 333.003662109375 352.51171875
3 474.63525390625 21.759117126464844 511.6595458984375 71.62460327148438
2 130.91627502441406 102.07880401611328 145.2504119873047 117.7356948852539
2 296.8028869628906 287.58782958984375 332.6084899902344 328.166748046875