5 0.1349370396203949 0.0953125 0.01572499394987581 0.0171875
9 0.14030125049097925 0.11328125 0.012590903590796287 0.015625
11 0.15345978064340446 0.134375 0.05533291549465282 0.1109375
10 0.14794557884800633 0.1421875 0.022138620413308985 0.0453125
5 0.759375 0.08125 0.228125 0.1625
5 0.9125 0.1109375 0.175 0.221875
9 0.8289233889564649 0.1890625 0.11477154800821018 0.121875
10 0.86796875 0.03359375 0.1015625 0.0671875
10 0.6671875 0.0671875 0.096875 0.134375
10 0.853125 0.31640625 0.29375 0.3046875
11 0.65234375 0.25625 0.1671875 0.425
11 0.9140625 0.234375 0.171875 0.46875
11 0.86640625 0.053125 0.1234375 0.10625
11 0.68671875 0.17109375 0.1984375 0.3421875
11 0.821875 0.234375 0.35625 0.46875
12 0.91328125 0.73984375 0.1734375 0.4796875
9 0.7825599107210749 0.94921875 0.08016928903121964 0.0828125
5 0.746741106269957 0.79453125 0.10523292154477701 0.09375
11 0.81484375 0.84765625 0.3703125 0.3046875
5 449.99737548828125 484.7233581542969 77.7008056640625 146.07791137695312
3 403.0101623535156 8.260784149169922 19.4791259765625 29.58478546142578
5 436.7811279296875 1.49981689453125 136.7154541015625 158.75723266601562
4 461.93115234375 532.2188720703125 64.207763671875 51.149169921875
4 467.775390625 42.376224517822266 101.662109375 77.70537948608398
5 537.13720703125 2.0943603515625 102.661376953125 169.7911376953125