8 0.38359375 0.671875 0.2328125 0.4375
10 0.32734375 0.87421875 0.3453125 0.2515625
11 0.253125 0.709375 0.49375 0.58125
8 0.5513912030719443 0.9418745859325487 0.10209883118569749 0.09336928668045416
8 0.80078125 0.9796875 0.0921875 0.040625
8 0.97734375 0.7328125 0.0453125 0.059375
9 0.990625 0.4578125 0.01875 0.05625
8 0.5453382084346975 0.5052558332670485 0.07543633723582169 0.07587270401018138
8 0.8295995789462023 0.5214780805617776 0.06922269867214012 0.08204997867599957
8 0.6011826456939602 0.8428643739258671 0.07073065651766228 0.07269316000954511
5 0.5728581786750558 0.7432007285964578 0.10841246369925486 0.10437951201463562
5 0.5390625 0.84140625 0.078125 0.0984375
5 0.975 0.6328125 0.05 0.059375
5 0.7796875 0.44375 0.109375 0.05
5 0.5375 0.43515625 0.075 0.0328125
10 0.64765625 0.91953125 0.1328125 0.1609375
10 0.8260013593932151 0.7371303525620957 0.20526123438371008 0.3695510733609078
10 0.959375 0.60234375 0.08125 0.2703125
10 0.96171875 0.8046875 0.0765625 0.090625
10 0.97578125 0.89609375 0.0484375 0.2078125
5 0.7703593716898551 0.9018291992361863 0.0926420179539809 0.07919769867918128
11 0.90859375 0.61953125 0.1828125 0.4015625
11 0.91953125 0.79921875 0.1609375 0.4015625
11 0.928125 0.8234375 0.14375 0.353125
11 0.80625 0.509375 0.3125 0.18125
11 0.82421875 0.709375 0.3515625 0.58125
11 0.7859375 0.9203125 0.246875 0.159375
11 0.60390625 0.8859375 0.2078125 0.228125
11 0.62734375 0.83828125 0.2328125 0.3234375
11 0.625 0.640625 0.25 0.44375
11 0.61796875 0.56875 0.2359375 0.3
11 0.5546875 0.72109375 0.109375 0.5578125
5 320.58074951171875 511.8294677734375 60.58251953125 114.594482421875
5 606.1542358398438 391.916015625 33.567626953125 91.7196044921875
3 543.0177001953125 586.8194580078125 32.220458984375 48.219970703125
5 336.3109130859375 447.80279541015625 63.953369140625 85.1595458984375
4 325.8849792480469 554.1954345703125 55.24432373046875 31.24267578125
3 442.08697509765625 333.11334228515625 32.26190185546875 51.900634765625
4 609.0159301757812 415.75982666015625 30.87744140625 31.61865234375