11 0.34140625 0.26484375 0.2359375 0.5296875
13 0.4828125 0.38046875 0.046875 0.2984375
9 0.471875 0.16328125 0.025 0.0484375
5 0.48515625 0.05703125 0.0515625 0.1140625
11 0.5625 0.26484375 0.20625 0.5296875
2 0.21015625 0.565625 0.1046875 0.071875
8 0.1934585876286051 0.6686706484244347 0.0802238311856975 0.0926511083130606
13 0.1625 0.84765625 0.234375 0.3046875
11 0.221875 0.76484375 0.44375 0.4703125
8 0.77578125 0.6390625 0.4484375 0.21875
10 0.7296875 0.825 0.540625 0.35
11 0.7296875 0.76484375 0.540625 0.4703125