8 0.28125 0.18515625 0.375 0.3703125
2 0.3 0.02421875 0.3375 0.0484375
10 0.234375 0.37265625 0.46875 0.2328125
11 0.234375 0.24453125 0.46875 0.4890625
2 0.48671875 0.27578125 0.0359375 0.0453125
2 0.9045123215213359 0.23046875 0.05028180113146803 0.0484375
2 0.8607486859827166 0.228125 0.03616475897699054 0.0390625
2 0.8168623305965224 0.2046875 0.05029998184962743 0.0515625
2 0.7147912913689108 0.2515625 0.03303066861791084 0.0375
2 0.6880288034691592 0.2171875 0.03616475897699054 0.0390625
2 0.6517918425003789 0.3 0.0361193071815924 0.03125
9 0.478125 0.31640625 0.01875 0.0234375
9 0.8116162943939729 0.24296875 0.014153403590796287 0.015625
9 0.871086743164309 0.259375 0.020439765027114733 0.021875
9 0.9032043515755653 0.27421875 0.023573855386194255 0.0234375
13 0.9511833093228917 0.3296875 0.09311471662612085 0.159375
13 0.8854901316297944 0.31796875 0.06635222872636959 0.125
13 0.8346907009116353 0.31484375 0.088309041958086 0.1390625
13 0.7577560170702181 0.38515625 0.044240879390299345 0.084375
13 0.7129566014773694 0.3390625 0.08374880698520074 0.1609375
13 0.6656048785065366 0.39140625 0.06335449375348397 0.146875
13 0.51171875 0.38984375 0.0859375 0.1609375
11 0.5359375 0.36640625 0.134375 0.2453125
11 0.6734375 0.384375 0.1 0.209375
11 0.71796875 0.33984375 0.1609375 0.2984375
11 0.753125 0.35859375 0.125 0.2609375
11 0.84453125 0.33203125 0.1515625 0.3140625
11 0.9 0.3453125 0.115625 0.2875
11 0.93828125 0.34375 0.1234375 0.290625
2 0.05634298711418467 0.859375 0.05026362041330892 0.0453125
2 0.46171875 0.81328125 0.0140625 0.0484375
2 0.43731118598271657 0.8109375 0.03616475897699054 0.0390625
2 0.3934248305965222 0.7875 0.05029998184962743 0.0515625
2 0.2913537913689108 0.834375 0.03303066861791084 0.0375
2 0.2645913034691592 0.8 0.03616475897699045 0.0390625
2 0.22835434250037895 0.8828125 0.0361193071815924 0.03125
9 0.053454336450254734 0.9 0.023573855386194276 0.0234375
9 0.3881787943939729 0.82578125 0.014153403590796287 0.015625
9 0.447649243164309 0.8421875 0.020439765027114733 0.021875
13 0.4484375 0.9 0.040625 0.125
13 0.4112532009116353 0.89765625 0.088309041958086 0.1390625
13 0.33359375 0.9625 0.0453125 0.075
13 0.2890625 0.9203125 0.084375 0.159375
13 0.24140625 0.95 0.0640625 0.1
13 0.08671875 0.94609375 0.0890625 0.1078125
11 0.10390625 0.91328125 0.1515625 0.1734375
11 0.25 0.93125 0.1 0.1375
11 0.29453125 0.88671875 0.1609375 0.2265625
11 0.3296875 0.90546875 0.125 0.1890625
11 0.40703125 0.87890625 0.1234375 0.2421875
11 0.44375 0.8921875 0.05 0.215625
13 0.6355896046988232 0.84296875 0.017323855386194253 0.0234375
11 0.6347629029034251 0.83515625 0.023710210772388506 0.046875