11 0.360144697984769 0.4897958365484506 0.039580650467538094 0.08928975897699054
13 0.3648049269075303 0.4851356076256895 0.017378397540672098 0.03291249394987581
8 0.85 0.46640625 0.3 0.3265625
5 0.8796875 0.2203125 0.240625 0.25
11 0.74453125 0.3359375 0.5109375 0.5875
2 0.9109375 0.6640625 0.090625 0.06875
5 0.7875 0.65234375 0.0875 0.0453125
9 0.760661806690613 0.7293572645361353 0.04727497579950324 0.0690227107723885
9 0.8981572615110732 0.7293759661351417 0.04556703005422946 0.04401362041330881
10 0.96875 0.89609375 0.0625 0.2078125
10 0.864573122751 0.86511347823539 0.1640180899662962 0.2618828973442803
10 0.678125 0.8609375 0.175 0.278125
10 0.56640625 0.81484375 0.1546875 0.3703125
11 0.60546875 0.81484375 0.2328125 0.3703125
11 0.70390625 0.81484375 0.3421875 0.3703125
11 0.8421875 0.81484375 0.315625 0.3703125
11 0.92578125 0.821875 0.1484375 0.35625