11 0.23984375 0.15078125 0.4796875 0.3015625
8 0.76640625 0.10234375 0.4671875 0.2046875
10 0.73984375 0.21015625 0.5203125 0.2390625
11 0.73984375 0.16484375 0.5203125 0.3296875
13 0.06171875 0.62421875 0.1234375 0.4015625
13 0.2392736617822197 0.5851331425843674 0.2917623366466465 0.46742604670590726
9 0.02881236387220536 0.40085069127945705 0.05188066256778665 0.055287484006999676
9 0.2828125 0.35859375 0.06875 0.0578125
11 0.26875 0.66484375 0.35 0.6703125
11 0.06640625 0.66484375 0.1328125 0.6703125
3 211.14202880859375 435.47198486328125 46.22686767578125 84.49444580078125
4 0.0 216.13442993164062 40.04985809326172 22.12158203125
2 0.1667327880859375 216.0794677734375 40.15101623535156 54.91119384765625
2 0.0 185.860107421875 42.6081657409668 86.48974609375