8 0.21328125 0.40390625 0.4265625 0.2921875
5 0.23203125 0.10859375 0.4640625 0.1671875
10 0.26484375 0.64140625 0.5296875 0.1953125
11 0.26484375 0.3796875 0.5296875 0.71875
2 0.6967078701187213 0.11500841822512738 0.1928238251355733 0.11049311416679294
2 0.87265625 0.02890625 0.1265625 0.0578125
5 0.57734375 0.32890625 0.0953125 0.0671875
5 0.915625 0.25078125 0.16875 0.0546875
9 0.8653442406302261 0.09645892700572607 0.08615566861791066 0.037999969749378956
9 0.6753964723816577 0.21175615319801272 0.12225679508134384 0.06633404800821019
9 0.9278361920328407 0.3640009510098311 0.12378293364502539 0.06009313836728971
9 0.56875 0.44296875 0.078125 0.0671875
10 0.64296875 0.596875 0.2265625 0.284375
10 0.884375 0.534375 0.23125 0.303125
13 0.6671875 0.33828125 0.275 0.2671875
10 0.855547059813871 0.1581185896717086 0.1915340359079618 0.15735902380771344
11 0.8734375 0.1203125 0.253125 0.240625
11 0.86796875 0.47890625 0.2640625 0.5203125
11 0.68359375 0.51484375 0.3078125 0.4484375
11 0.6984375 0.275 0.3375 0.44375
2 385.360595703125 45.43625259399414 497.6351318359375 167.56832885742188
2 521.9730224609375 0.49190521240234375 593.2113037109375 77.07623291015625
5 542.73779296875 145.783935546875 639.82275390625 265.5907287597656
4 398.5489501953125 89.37312316894531 484.4005126953125 119.84043884277344
4 550.314208984375 188.07180786132812 640.0 215.39108276367188
4 525.37060546875 35.008785247802734 585.57080078125 52.762577056884766
4 338.1582946777344 229.09188842773438 426.0410461425781 274.9006042480469