9 0.7921875 0.02734375 0.25625 0.0546875
13 0.7875 0.32265625 0.425 0.3546875
11 0.7546875 0.25 0.490625 0.5
12 0.1390625 0.8515625 0.278125 0.296875
10 0.4046875 0.596875 0.209375 0.19375
11 0.3171875 0.73671875 0.25625 0.4734375
11 0.38046875 0.75 0.2578125 0.5
10 0.5950336814055304 0.7739163064942213 0.0947317587805987 0.169295421544777
10 0.7140625 0.9375 0.11875 0.125
9 0.5750847957687151 0.7112981318261863 0.028379530054229284 0.04391362646343318
9 0.675057003810629 0.8509469599868217 0.017423849336070062 0.04072499394987581
5 0.6966279976623089 0.7690384298343964 0.07717155405833438 0.1051329275949012
5 0.5731501119272978 0.6409719962875668 0.04722043364502539 0.05964771077238851
11 0.5953125 0.80390625 0.1125 0.3921875
11 0.69609375 0.85546875 0.1703125 0.2890625