11 0.40546875 0.1709822040348933 0.040625 0.06429884933607007
2 0.70546875 0.04609375 0.1578125 0.0921875
13 0.875 0.184375 0.25 0.36875
13 0.71640625 0.2953125 0.2140625 0.146875
9 0.68125 0.18976349941082482 0.0828125 0.08641928903121965
11 0.921875 0.184375 0.15625 0.36875
11 0.8390625 0.184375 0.321875 0.36875
11 0.7265625 0.184375 0.234375 0.36875
13 0.7484375 0.5015625 0.278125 0.265625
11 0.8046875 0.684375 0.390625 0.63125
3 542.5621337890625 18.36603546142578 66.5953369140625 85.91242980957031
3 312.072998046875 1.9134674072265625 40.288818359375 79.71493530273438