8 0.221875 0.38125 0.275 0.115625
2 0.18671875 0.215625 0.3453125 0.21875
11 0.1796875 0.253125 0.359375 0.371875
9 0.45703125 0.1843527949831481 0.034375 0.02676248789975162
9 0.496875 0.14005334913967832 0.0234375 0.020448855386194252
9 0.5625 0.14277889422102225 0.0296875 0.023610216822512697
9 0.5984375 0.13048797247985347 0.0234375 0.022011355386194253
9 0.6578125 0.14880215612487896 0.0234375 0.023573855386194255
9 0.66796875 0.10276749345889646 0.01875 0.02042158430895542
9 0.7046875 0.11938736689726745 0.0234375 0.022011355386194253
9 0.746875 0.060257806592417175 0.0265625 0.022029536104353476
9 0.7515625 0.12591007766965606 0.0234375 0.022011355386194253
9 0.815625 0.05987653239192037 0.021875 0.020439765027114733
9 0.8140625 0.12314869203284076 0.025 0.025145445745273776
9 0.85234375 0.08821515583029135 0.0234375 0.023573855386194255
9 0.91796875 0.04172195091163529 0.025 0.025145445745273953
9 0.9671875 0.07794579722264325 0.0296875 0.025172716822512698
9 0.88828125 0.10873673408912259 0.0265625 0.026717036104353477
2 0.9625 0.03729352614540442 0.0421875 0.04243293969514968
2 0.91171875 0.01015625 0.0359375 0.0203125
2 0.88203125 0.0602628726528041 0.0421875 0.04243293969514968
2 0.846875 0.050683339573512676 0.0359375 0.04083407825883114
2 0.8125 0.026264601673761146 0.0328125 0.03612839754067192
2 0.8078125 0.08014358059652227 0.040625 0.04242384933607006
2 0.73984375 0.02506064997655888 0.0359375 0.03458407825883123
2 0.74375 0.0883646258742579 0.0390625 0.04241475897699036
2 0.70078125 0.08264589099956843 0.0390625 0.04085225897699045
2 0.6578125 0.06598965612487895 0.0359375 0.03770907825883123
2 0.646875 0.10655102361132163 0.0421875 0.04399543969514967
2 0.59296875 0.08904990622307482 0.0421875 0.039307939695149674
2 0.5546875 0.09820219242562418 0.0484375 0.048719301131468204
2 0.490625 0.09704823770335987 0.046875 0.050272710772388506
2 0.446875 0.12882495764913057 0.0578125 0.056586343285945875
13 0.959375 0.1546875 0.08125 0.159375
13 0.928125 0.0808435382456528 0.065625 0.06756929508134402
13 0.90234375 0.18772479732083908 0.11875 0.17412836729005096
13 0.82265625 0.20366743900777867 0.0921875 0.15053633118569748
13 0.853125 0.11712595100983121 0.05 0.06435339149054772
13 0.8109375 0.09969301131468153 0.0671875 0.059765885440423536
13 0.7546875 0.10952200838781527 0.0828125 0.09110678903121965
13 0.7578125 0.2181339391059745 0.090625 0.1614647408266178
13 0.70703125 0.21002600243588693 0.0671875 0.14570338544042355
13 0.678125 0.136420330792914 0.03125 0.0376818071815924
13 0.6671875 0.22854419827935663 0.103125 0.15997496369925485
13 0.6046875 0.172711833916172 0.059375 0.08159543364502539
13 0.57265625 0.22565048155503983 0.1296875 0.16637949980360817
13 0.5171875 0.22220277380771333 0.0984375 0.16151019262201594
13 0.4609375 0.2757817708808471 0.15625 0.2165340359079618
11 0.95390625 0.2234375 0.0921875 0.43125
11 0.94140625 0.190625 0.1171875 0.38125
11 0.91484375 0.23515625 0.1640625 0.4078125
11 0.871875 0.22739128531878663 0.1171875 0.4006817769309713
11 0.84140625 0.199870273316734 0.096875 0.3833761022629364
11 0.83671875 0.2484375 0.1515625 0.38125
11 0.76953125 0.20179586679907163 0.1390625 0.397684041958086
11 0.76953125 0.25078125 0.1328125 0.3765625
11 0.72578125 0.25 0.1171875 0.378125
11 0.690625 0.24196180366555087 0.109375 0.3928238251355733
11 0.6828125 0.259375 0.15625 0.359375
11 0.625 0.25 0.115625 0.378125
11 0.590625 0.253125 0.190625 0.371875
11 0.53203125 0.2515625 0.1515625 0.375
11 0.4828125 0.265625 0.221875 0.346875
8 0.31328125 0.69375 0.0921875 0.509375
8 0.125 0.75625 0.25 0.271875
2 301.2220764160156 50.35318374633789 27.629150390625 44.50893783569336
2 272.69464111328125 68.40579223632812 29.8089599609375 53.569671630859375
2 605.5130615234375 11.15673828125 25.3271484375 44.44355773925781
2 532.33349609375 20.87078094482422 22.44775390625 42.01954650878906
2 342.1163024902344 50.9963264465332 27.98602294921875 46.397884368896484
2 367.92767333984375 46.45953369140625 24.76324462890625 43.86894226074219
2 437.86767578125 42.66340637207031 21.6546630859375 40.37702941894531
2 464.4713134765625 5.948787689208984 21.5245361328125 37.88753128051758
2 510.9790344238281 8.684215545654297 20.055633544921875 33.29713821411133
2 553.175537109375 26.904836654663086 22.2042236328125 28.876497268676758
2 464.6744079589844 45.796653747558594 25.58203125 43.87925720214844
2 402.4647521972656 56.09186935424805 28.84771728515625 46.37759780883789
2 412.43560791015625 32.87065124511719 20.72515869140625 32.343849182128906
4 303.54376220703125 70.7757797241211 23.345458984375 10.204132080078125
2 574.7124633789062 0.0 23.4010009765625 39.114627838134766
4 275.78515625 95.1158676147461 26.6878662109375 12.042373657226562
4 344.10772705078125 72.530517578125 24.650634765625 11.000396728515625
0 464.4117126464844 152.35284423828125 21.40283203125 22.371856689453125
4 405.74749755859375 78.31874084472656 24.0701904296875 12.068267822265625
4 608.113037109375 33.48545837402344 21.39794921875 10.823219299316406
4 371.5993347167969 67.54795837402344 20.00970458984375 11.770095825195312
4 469.0496826171875 66.24983215332031 19.12518310546875 9.73931884765625
4 440.1359558105469 62.594215393066406 17.3563232421875 10.001983642578125