10 0.881065997294729 0.0765513261175319 0.21993178668045382 0.10283515027114642
10 0.8960984619271397 0.3287905369881162 0.20676017202418073 0.17931583703942983
2 0.8927472899427299 0.21397405806535516 0.11317270934118148 0.058467005853732344
5 0.7197472366327288 0.04311717828227231 0.07094884667409058 0.05509656615858276
9 0.7592546319621382 0.0717916241257421 0.03630112667090888 0.03145907825883114
11 0.83046875 0.12578125 0.3390625 0.2296875
11 0.8484375 0.42265625 0.303125 0.5015625
11 0.26484375 0.85 0.5296875 0.3
10 0.2359375 0.85 0.421875 0.3
9 0.7984325739179129 0.9044536123200813 0.00793976933481808 0.010982951795397966
2 0.8017666592536855 0.886466681601922 0.020694308004454244 0.03293067466803521
11 0.78046875 0.93359375 0.0640625 0.1328125
10 0.6716524452578216 0.8567569765850701 0.030323846674090583 0.0548602168225127
2 0.6760223192632304 0.8168905006873711 0.015861357336090797 0.020403403590796287
11 0.6641757525859583 0.8950791332009285 0.059939716024817 0.18314884328594588
6 510.33502197265625 375.28302001953125 87.6800537109375 56.5869140625
5 440.92596435546875 12.936470031738281 59.4493408203125 39.88319396972656
3 492.9398193359375 108.99183654785156 20.341064453125 25.871337890625
3 478.9236755371094 177.2148895263672 32.36041259765625 27.918212890625
7 509.623046875 374.8172607421875 87.9210205078125 56.76171875
2 536.7413940429688 116.87403869628906 62.33251953125 52.835205078125
5 426.6593933105469 519.2548828125 11.99932861328125 14.8880615234375
2 93.33493041992188 0.48828125 244.38916015625 130.38314819335938