2 0.2641961232893202 0.10342796438662583 0.06213746801399935 0.1034795240041051
9 0.2950370432845477 0.13840240720503347 0.0226204346753633 0.06418976502711464
2 0.34432851861872943 0.1318660608940255 0.030269302673454134 0.050172716822512696
13 0.34285583060154845 0.2584285608940255 0.06139312802354428 0.1737829336450254
13 0.29520812392586704 0.325107521666414 0.12220445337363461 0.29756586729005097
11 0.29453125 0.3 0.1515625 0.6
11 0.340625 0.31953125 0.103125 0.5609375
10 0.8824926846355924 0.08025304303824052 0.031649989337999784 0.034556807181592396
9 0.879640404638774 0.056833723756399744 0.012645450668363622 0.012572722872636888
5 0.8774511959739103 0.04356610929501916 0.015770450668363623 0.012590903590796199
11 0.8878614373010925 0.08881497678146184 0.05283519334818117 0.10967498184962743
12 0.5625 0.6078125 0.0125 0.015625
12 0.51484375 0.6359375 0.0328125 0.071875
12 0.54609375 0.8890625 0.0453125 0.146875