8 0.26171875 0.16484375 0.5234375 0.3078125
10 0.36484375 0.38125 0.7296875 0.275
11 0.36484375 0.259375 0.7296875 0.51875
13 0.76171875 0.153125 0.0640625 0.30625
11 0.78828125 0.259375 0.1171875 0.51875
13 0.39548850672340646 0.7774143893492484 0.12078740404199806 0.3100567769309713
13 0.23437828405472477 0.7635069463344492 0.08524879869508961 0.20985678903121965
2 0.37265625 0.53828125 0.0453125 0.0390625
2 0.23339594470081662 0.6119399011549093 0.04460452267663593 0.07369203005422928
11 0.2296875 0.759375 0.159375 0.48125
11 0.37265625 0.759375 0.3078125 0.48125
10 0.91484375 0.72265625 0.1703125 0.4078125
11 0.79765625 0.759375 0.1359375 0.48125
11 0.87890625 0.759375 0.2421875 0.48125