11 0.6625 0.42421875 0.434375 0.5890625
10 0.71640625 0.5640625 0.2359375 0.309375
10 0.9265625 0.49765625 0.146875 0.4421875
9 0.9456154643866258 0.2866496419080497 0.06439884328594588 0.0585579346753633
2 0.928125 0.12890625 0.14375 0.2171875
2 0.7388751058771736 0.2390586686028211 0.15571471057599684 0.17836245202099904
11 0.90234375 0.3703125 0.1953125 0.696875
9 0.7310348139190876 0.3782029846037756 0.05187157220870695 0.053724984006999675
8 0.17265625 0.77265625 0.3453125 0.1078125
10 0.209375 0.86015625 0.41875 0.2796875
11 0.209375 0.859375 0.41875 0.28125
2 427.98541259765625 101.81097412109375 516.9601440429688 262.06878662109375
2 559.6385498046875 18.924026489257812 639.765380859375 210.12884521484375
4 438.059326171875 190.2574462890625 505.925048828125 223.36941528320312
4 570.5328369140625 107.43959045410156 617.6488037109375 172.46974182128906
4 571.8963623046875 97.61783599853516 634.1744384765625 175.36227416992188