8 0.2890625 0.15078125 0.48125 0.3015625
10 0.26484375 0.2859375 0.5296875 0.365625
11 0.26484375 0.234375 0.5296875 0.46875
9 0.7809884631100796 0.07197138009226851 0.056531801131468204 0.04909202800763594
2 0.81328125 0.0203125 0.1671875 0.040625
10 0.7390625 0.259375 0.278125 0.41875
11 0.734375 0.234375 0.409375 0.46875
11 0.60390625 0.234375 0.1484375 0.46875
11 0.1734375 0.55859375 0.2 0.1796875
11 0.6484375 0.79921875 0.2375 0.2140625
9 0.6302975958200286 0.8399203067313608 0.20058178298109564 0.1023272106938169
10 0.73046875 0.9453125 0.4015625 0.109375
11 0.76484375 0.7578125 0.4703125 0.484375
2 450.028564453125 0.0 114.2381591796875 62.22730255126953
4 467.38934326171875 5.645038604736328 79.13043212890625 27.092365264892578
3 371.1439208984375 115.91659545898438 53.10479736328125 53.43084716796875