8 0.1734375 0.2328125 0.346875 0.34375
10 0.26953125 0.41171875 0.5390625 0.3140625
11 0.26953125 0.284375 0.5390625 0.56875
13 0.8671875 0.2627694359484569 0.1140625 0.31382723734881746
9 0.84375 0.04116715595163858 0.0390625 0.045767033338636146
11 0.89296875 0.284375 0.2140625 0.56875
12 0.00625 0.7765625 0.0125 0.040625
12 0.121875 0.7507586899268215 0.0140625 0.03766363200190899
12 0.26796875 0.7099962352403224 0.0125 0.036082950668363624
12 0.0625 0.7514495806015484 0.0109375 0.02825226933481808
12 0.2265625 0.9625 0.0625 0.075
12 0.30078125 0.7018019272358681 0.0109375 0.03137726933481808
12 0.1609375 0.7260854065881854 0.0109375 0.032939769334818084
12 0.3125 0.6985405672342773 0.0109375 0.02981476933481808
12 0.46171875 0.6593042498806873 0.009375 0.020421588001272716
12 0.3984375 0.6701968438892778 0.009375 0.020421588001272716
12 0.340625 0.6802445532304593 0.009375 0.020421588001272716
12 0.2890625 0.700375787237459 0.009375 0.021984088001272717
12 0.2734375 0.6927451005729134 0.0078125 0.018840906667727177
12 0.22265625 0.7011484939131403 0.0078125 0.017278406667727352
12 0.2125 0.7278291725811858 0.0140625 0.034538632001908987
12 0.215625 0.7160740599140949 0.0078125 0.023528406667727174
12 0.21796875 0.7129217879137767 0.00625 0.02038522533418181
12 0.17578125 0.7110689339195038 0.0078125 0.015715906667727174
12 0.1515625 0.7238507445894581 0.0078125 0.021965906667727176
12 0.14375 0.7262854012571853 0.0078125 0.020403406667727175
12 0.0890625 0.7355154979312759 0.0078125 0.020403406667727175
12 0.06875 0.7412206052673667 0.0078125 0.020403406667727175
12 0.01171875 0.7504779739417754 0.0078125 0.021965906667727176
12 0.83828125 0.9629950605904126 0.0296875 0.044095445337363516
9 0.9171875 0.7081706532463676 0.0484375 0.10681362133990877
2 0.93359375 0.61171875 0.1328125 0.0859375
13 0.93046875 0.8515625 0.1390625 0.296875
11 0.91328125 0.784375 0.1734375 0.43125
2 561.7139892578125 357.74432373046875 635.3572998046875 476.06658935546875
4 565.4228515625 393.7239990234375 608.11962890625 431.5997314453125