11 0.2046875 0.234375 0.409375 0.46875
2 0.65390625 0.05234375 0.2953125 0.1046875
9 0.6773458335233885 0.1890625 0.0993465359079618 0.15625
13 0.5921875 0.31171875 0.365625 0.4671875
11 0.6296875 0.27265625 0.440625 0.5453125
11 0.23800555669061296 0.91015625 0.03640110831306061 0.0796875
8 0.64140625 0.87109375 0.4640625 0.2578125
5 0.621875 0.6671875 0.425 0.115625
11 0.7046875 0.8046875 0.590625 0.390625
2 335.6172180175781 0.18243408203125 507.5921325683594 146.62371826171875
4 393.67572021484375 25.290451049804688 479.49102783203125 101.63844299316406