8 0.084375 0.434375 0.16875 0.290625
5 0.1109375 0.2078125 0.221875 0.225
11 0.1796875 0.31015625 0.359375 0.5390625
2 0.7234375 0.1678178259070952 0.0265625 0.04562158267027243
10 0.72109375 0.19831384790741335 0.0390625 0.053579533338636055
11 0.7203125 0.22019793857418604 0.071875 0.16177384134309047
2 0.33671875 0.6796875 0.0453125 0.103125
5 0.234375 0.6825188619510023 0.084375 0.06816929201145391
9 0.05546875 0.6447568746419556 0.075 0.09931020401018138
9 0.21171875 0.7726262412874112 0.04375 0.0661340773392726
9 0.3421875 0.7625 0.034375 0.04375
10 0.30234375 0.88515625 0.1140625 0.2296875
10 0.1390625 0.8859375 0.153125 0.228125
10 0.0453125 0.83046875 0.090625 0.3390625
11 0.0765625 0.78984375 0.153125 0.4203125
11 0.1671875 0.815625 0.296875 0.36875
11 0.26328125 0.80859375 0.1921875 0.3828125
5 455.55426025390625 89.92864990234375 16.0570068359375 18.327362060546875
5 113.91974639892578 417.1676025390625 56.09587860107422 89.3802490234375
5 199.38015747070312 401.6962890625 30.89556884765625 106.24761962890625
4 126.88309478759766 449.02862548828125 39.71257781982422 23.14312744140625
5 57.74163818359375 460.58270263671875 88.78657531738281 179.41729736328125
2 305.5423583984375 83.54177856445312 16.3951416015625 17.155731201171875