2 0.29296875 0.159375 0.1140625 0.31875
11 0.29296875 0.18984375 0.1140625 0.3796875
8 0.2421875 0.565625 0.09375 0.2140625
2 0.265625 0.4609375 0.16875 0.1625
13 0.29609375 0.83203125 0.1078125 0.2734375
13 0.13203125 0.69765625 0.2640625 0.6046875
11 0.175 0.68984375 0.35 0.6203125
11 0.29296875 0.7875 0.1140625 0.425
2 0.70078125 0.53828125 0.0296875 0.0375
2 0.403125 0.5828125 0.028125 0.0421875
13 0.4140625 0.6578125 0.0421875 0.09375
9 0.40546875 0.61484375 0.0109375 0.015625
11 0.415625 0.709375 0.065625 0.3
9 0.703125 0.57265625 0.0125 0.0171875
13 0.709375 0.63125 0.046875 0.125
11 0.7109375 0.6734375 0.071875 0.3078125
3 485.53509521484375 127.20820617675781 522.436767578125 175.44508361816406
2 438.76129150390625 331.7138671875 460.11590576171875 368.9569091796875
3 483.63287353515625 60.30442428588867 528.4745483398438 178.6419219970703