11 0.2223188649523599 0.1851581907753042 0.007967036104353476 0.026607951795398144
13 0.2048950156162898 0.22588318472518001 0.009493174668035032 0.020367042154477665
11 0.20484047346181206 0.23525818472517995 0.01126475292686635 0.056313632513557275
11 0.6609375 0.2546875 0.603125 0.509375
10 0.64375 0.4375 0.415625 0.14375
5 0.72578125 0.06875 0.2265625 0.1375
8 0.6845092718628057 0.339214952580965 0.18711015632127062 0.2026442527304745
12 0.32890625 0.79921875 0.0609375 0.4015625
5 0.12890625 0.98515625 0.1171875 0.0296875
11 0.43671875 0.58046875 0.1546875 0.1421875
13 0.7890625 0.80625 0.190625 0.3875
2 0.7810898769544125 0.5644780521134268 0.08336701190385662 0.09579428903121982
11 0.7234375 0.7546875 0.425 0.490625
0 350.21533203125 364.8747863769531 44.44488525390625 42.61212158203125
2 473.1552734375 331.2445068359375 54.4534912109375 73.432373046875