2 0.47421875 0.08307065591186769 0.0765625 0.11339088534372674
9 0.44921875 0.1255490572485948 0.03125 0.06911362667090888
2 0.39765625 0.12927404125559447 0.0375 0.05512385200509069
13 0.42265625 0.25788938991886734 0.0828125 0.18533861067790855
13 0.4765625 0.29765625 0.146875 0.2828125
11 0.4578125 0.21953125 0.184375 0.4390625
11 0.4359375 0.23359375 0.171875 0.4109375
11 0.92578125 0.33828125 0.1484375 0.2015625
11 0.9078125 0.321875 0.184375 0.234375
11 0.89453125 0.1203125 0.2109375 0.240625
11 0.9 0.11484375 0.2 0.2296875
2 0.2203125 0.6409495272915474 0.0765625 0.06026588534372675
9 0.2265625 0.6861893019573656 0.0421875 0.03330339600572696
10 0.25078125 0.7624699912874112 0.1359375 0.1593942760184536
11 0.28046875 0.790625 0.3046875 0.41875
12 0.99296875 0.659375 0.0140625 0.075
12 0.8640625 0.6915307826225474 0.0296875 0.059720445337363516
12 0.75 0.724108019971365 0.025 0.045603401336727065
12 0.659375 0.7587562873170007 0.021875 0.04556703866963616
12 0.5765625 0.8026886479949094 0.0171875 0.033012494668999894
2 122.14144897460938 394.8189697265625 161.75411987304688 442.79364013671875
4 126.05475616455078 415.6775207519531 152.70733642578125 431.4733581542969
0 209.83837890625 397.5690612792969 238.1715087890625 424.1110534667969
3 502.6678466796875 50.025543212890625 559.836669921875 133.05059814453125
0 89.58731079101562 405.10113525390625 108.04905700683594 424.10601806640625