2 0.22740464795513837 0.28488145570422296 0.15505222135581712 0.1665158551898025
10 0.13671875 0.53984375 0.2421875 0.1796875
11 0.175 0.40859375 0.35 0.4421875
9 0.19141150926959388 0.4241439436039746 0.0773079346753633 0.0645079275949012
8 0.56640625 0.01796875 0.1515625 0.0359375
10 0.540625 0.1984375 0.35 0.396875
11 0.675 0.31484375 0.65 0.6296875
8 0.175 0.67265625 0.35 0.0859375
10 0.175 0.8203125 0.35 0.359375
11 0.175 0.81484375 0.35 0.3703125
13 0.7390625 0.75390625 0.3125 0.2484375
11 0.75 0.81484375 0.5 0.3703125
2 97.5445556640625 135.61004638671875 185.73092651367188 294.12408447265625
2 249.77911376953125 274.74273681640625 326.96575927734375 348.42230224609375
1 101.01861572265625 185.17144775390625 165.58062744140625 268.3111572265625
4 101.12096405029297 186.96612548828125 161.44879150390625 256.48974609375