9 0.49646943725926274 0.10546875 0.009429542154477666 0.009375
2 0.4958063619272979 0.08515625 0.01887726502711473 0.021875
10 0.48387853366846656 0.12109375 0.029923849336070063 0.040625
10 0.5610313861277947 0.15390625 0.022238614363184795 0.0625
11 0.5672904764868743 0.15234375 0.04760222872636941 0.125
11 0.4915546782822723 0.14453125 0.057068132317165524 0.140625
2 0.33203125 0.70390625 0.2046875 0.2703125
13 0.64296875 0.83046875 0.2921875 0.3390625
9 0.43115298858712264 0.75703125 0.10559653590796181 0.15625
11 0.50625 0.784375 0.565625 0.43125
2 0.8296875 0.64140625 0.08125 0.1453125
11 0.89453125 0.76171875 0.2109375 0.3859375
2 146.32199096679688 365.161865234375 321.6084899902344 542.4762573242188
2 309.54498291015625 45.12024688720703 325.41534423828125 66.57502746582031
2 347.090576171875 55.24066925048828 362.3306884765625 78.14586639404297
0 320.0102844238281 95.99633026123047 329.9075622558594 107.81697845458984