9 0.00625 0.1203125 0.0125 0.025
9 0.045922595820028625 0.08009552439688856 0.02198408430895542 0.01887726502711464
9 0.11553111387220541 0.09297225341784557 0.028252265027114642 0.022038626463433086
9 0.1561197524358869 0.0864859040817755 0.02198408430895542 0.01887726502711464
9 0.21487712889932004 0.11427001561628983 0.022002265027114644 0.02200226502711473
9 0.2333544181269315 0.0672859313073344 0.01886817466803503 0.020421584308955333
9 0.26864702351312575 0.09051889822804302 0.02199317466803503 0.020439765027114642
9 0.3230163609453392 0.035513235660256416 0.02511817466803503 0.020457945745273865
9 0.3171708819243821 0.10508084709657486 0.02199317466803503 0.020439765027114642
9 0.3957271530998169 0.044465533963054193 0.02198408430895533 0.01887726502711464
9 0.3836180385402404 0.11172575683569112 0.02512726502711473 0.022020445745273953
9 0.4303157765381879 0.08098429606330257 0.02200226502711473 0.022002265027114644
9 0.5074322675611974 0.04147182328886152 0.023573855386194255 0.023573855386194255
9 0.5530129331540461 0.08730195287555258 0.028252265027114733 0.022038626463433176
9 0.46484985782208116 0.108128058163551 0.025145445745273776 0.025145445745273953
2 0.5551021530998168 0.04353831733693316 0.040852258976990366 0.039298849336070064
2 0.50546875 0.009375 0.0328125 0.01875
2 0.46533112597245385 0.05656101298401119 0.040861349336070066 0.040861349336070066
2 0.4300794272021179 0.040359296063302616 0.03460225897699054 0.03926248789975162
2 0.396875 0.0125 0.03125 0.025
2 0.3849169181269316 0.06640416647661151 0.037727258976990544 0.03928066861791084
2 0.321875 0.00625 0.034375 0.0125
2 0.31615328258831205 0.06446039227611466 0.03773634933607006 0.04084316861791084
2 0.2707635145361353 0.051442762689423605 0.03615566861791084 0.03770907825883123
2 0.22843511397040128 0.027469452384573278 0.03458407825883114 0.036137487899751616
2 0.20992600848601112 0.0689847866935287 0.03774543969514967 0.04240566861791084
2 0.15585613202257803 0.0411734040817755 0.03928066861791084 0.03772725897699045
2 0.11369590309981685 0.04610634377692517 0.0440136204133089 0.04556703005422928
2 0.04643568022717992 0.033997229217348754 0.04402271077238851 0.047129530054229284
2 0.01015625 0.06015625 0.0203125 0.0515625
13 0.58515625 0.20625 0.0296875 0.1875
13 0.54921875 0.1703125 0.1015625 0.15625
13 0.5115930476154267 0.08519909739116249 0.0597386143631848 0.0628454336450254
13 0.46769357757146013 0.19405192262493162 0.10099993949875792 0.17245678298109546
13 0.3802163034691592 0.1984672327333902 0.07743517447164336 0.1504454275949012
13 0.4265867885402404 0.1114757719610016 0.0441136143631848 0.06275453005422929
13 0.38425384279496655 0.08672121165615128 0.06437157220870696 0.05349770472226432
13 0.3241021379745064 0.08785244048071661 0.07707156010845857 0.0879454275949012
13 0.30914527936685826 0.2027870940715127 0.07282039734428025 0.16291815651766228
13 0.25670608059652233 0.1866853711006799 0.05087267447164336 0.15029089149054792
13 0.23826008674484234 0.10475866023009557 0.028343168617910842 0.03766362646343317
13 0.21225209864869896 0.20022569633444914 0.08686471662612102 0.15987496974937904
13 0.15482087284919582 0.13180749444085516 0.050463608313060425 0.07997839149054772
13 0.11292880951928339 0.18283418413600483 0.11656130698520055 0.16161018657189175
13 0.05426233664664646 0.17067507260149045 0.08062380698520064 0.16140110831306043
13 0.02734375 0.21796875 0.0546875 0.2140625
11 0.58125 0.2859375 0.0375 0.496875
11 0.54921875 0.24453125 0.1015625 0.4515625
11 0.509375 0.2015625 0.0625 0.403125
11 0.46892480034590117 0.2713911274453918 0.10588846916020386 0.47559996369925467
11 0.4280634510098311 0.23100247678146185 0.06182939695149692 0.4222204336450254
11 0.4 0.2 0.04375 0.4
11 0.3845361648072818 0.2695382568356911 0.09631348126045225 0.44117042154477704
11 0.3234375 0.19765625 0.0875 0.3953125
11 0.3134196889095827 0.2660456181738137 0.07601916197861147 0.444177246876742
11 0.2695424238824681 0.244425148228043 0.06182939695149674 0.4222204336450254
11 0.23500834259857478 0.21728138612779463 0.0539805355151783 0.41592498184962745
11 0.21737139070498085 0.2744171752572102 0.09950211377400953 0.45212610226293626
11 0.16391913777811462 0.21847624746591715 0.06482713192438219 0.4003636143631848
11 0.118125369627742 0.2703069130587659 0.13100664382823882 0.49605790944452866
11 0.05939526424154775 0.24721030152425164 0.090281649878363 0.47863406010845855
11 0.0375 0.30703125 0.075 0.5484375
10 0.8 0.41796875 0.4 0.3421875
11 0.8 0.29453125 0.4 0.5890625
2 0.4159032977136226 0.7029678594914108 0.03152271077238851 0.0470568071815924
2 0.24300615319801278 0.6625660941697087 0.05667724687674216 0.07376475292686635
13 0.4346810896717086 0.8419258203619953 0.06967721662612103 0.15977497579950323
13 0.25 0.8734375 0.109375 0.253125
9 0.4223896470496927 0.7435564980550924 0.025145445745273776 0.025145445745273953
11 0.259375 0.79453125 0.140625 0.4109375
11 0.44609375 0.8015625 0.1015625 0.396875
6 190.0454559326172 276.3643493652344 19.14154052734375 35.783203125
2 87.41032409667969 15.077823638916016 24.68115234375 45.855308532714844
2 262.6236572265625 13.457221984863281 24.44677734375 41.114501953125
2 58.423274993896484 15.95506477355957 28.54141616821289 49.461103439331055
2 15.27402114868164 8.942028045654297 29.556198120117188 47.75877380371094
2 122.15469360351562 31.02947998046875 28.41644287109375 51.23597717285156
2 160.35308837890625 20.816858291625977 23.7999267578125 42.81179618835449
7 6.4100341796875 308.91436767578125 37.47896194458008 38.344970703125
7 229.23919677734375 275.4033508300781 22.50750732421875 39.2137451171875
2 342.5635986328125 14.762086868286133 26.36187744140625 45.384504318237305
3 319.509521484375 167.79559326171875 14.27789306640625 28.1219482421875
2 234.26107788085938 29.0274658203125 24.44805908203125 49.085845947265625
2 194.52468872070312 0.09948158264160156 22.3236083984375 27.266050338745117
0 229.27903747558594 163.39874267578125 19.5806884765625 34.338134765625
3 138.53826904296875 156.82467651367188 20.54949951171875 22.98248291015625
2 189.540771484375 29.238922119140625 26.1690673828125 46.11906433105469
2 134.40667724609375 6.032024383544922 23.471923828125 43.9213981628418
7 65.14987182617188 291.3970642089844 28.420455932617188 40.1322021484375
2 243.79296875 0.0 20.723052978515625 32.00055694580078
2 0.0 24.69103240966797 13.539350509643555 63.327842712402344
4 59.51192092895508 39.14255905151367 26.242366790771484 10.9332275390625
2 284.94207763671875 21.923908233642578 25.3232421875 29.857192993164062
7 43.574615478515625 273.36468505859375 22.029037475585938 22.134765625
4 89.98155212402344 35.65496063232422 20.32830810546875 10.674606323242188
4 17.438819885253906 30.877138137817383 24.437240600585938 11.163434982299805
7 86.32469940185547 271.39794921875 27.943130493164062 31.59375
2 313.6917724609375 0.14943695068359375 21.554931640625 33.31324768066406
7 322.23095703125 270.13397216796875 22.48486328125 27.9190673828125
4 265.0267333984375 33.69061279296875 21.19818115234375 9.62091064453125
7 289.1961669921875 281.9554748535156 34.193603515625 45.119140625
4 344.0987548828125 36.14569854736328 22.689208984375 10.854583740234375
4 124.095458984375 55.00929260253906 24.458831787109375 12.003952026367188
7 140.1564483642578 275.8707580566406 20.509613037109375 28.62042236328125
4 192.57225036621094 49.133209228515625 21.0098876953125 10.856033325195312
7 116.57005310058594 289.8315734863281 17.868072509765625 31.14874267578125
7 190.3458709716797 276.46630859375 19.08795166015625 35.620361328125
3 30.243288040161133 193.28558349609375 17.43092155456543 26.181640625
4 265.8406982421875 34.48761749267578 20.02685546875 11.305221557617188
1 237.48458862304688 52.62327575683594 18.1656494140625 12.173736572265625
3 225.738525390625 160.1722412109375 23.3245849609375 37.3177490234375