8 0.17421875 0.381120273316734 0.159375 0.24467721662612102
5 0.1125 0.103125 0.225 0.20625
10 0.11484375 0.5984375 0.2296875 0.221875
11 0.18671875 0.3546875 0.3734375 0.709375
5 0.70703125 0.29649983362158433 0.03125 0.015806807181592396
11 0.73046875 0.35132368900777866 0.1125 0.13034200585373235
10 0.7875 0.86171875 0.20625 0.2765625
9 0.75703125 0.73046875 0.0609375 0.0421875
11 0.73828125 0.8546875 0.3453125 0.290625
3 388.46624755859375 497.89599609375 436.25079345703125 548.6971435546875
1 53.9795036315918 146.33160400390625 156.9417266845703 234.93576049804688
5 0.0 12.8050537109375 164.67218017578125 360.706298828125
0 388.8599853515625 497.7488098144531 436.0277099609375 548.91943359375
5 446.01507568359375 454.764404296875 574.753173828125 561.6270141601562