12 0.565625 0.00703125 0.015625 0.0140625
12 0.48203125 0.02421875 0.0125 0.03125
2 0.11640625 0.36953125 0.2328125 0.3328125
2 0.24765625 0.4046875 0.153125 0.1796875
2 0.43046875 0.31328125 0.0390625 0.1859375
9 0.2671875 0.6046875 0.0890625 0.1109375
9 0.1859375 0.61328125 0.0515625 0.2046875
10 0.1484375 0.8734375 0.296875 0.253125
10 0.27890625 0.83671875 0.1921875 0.3265625
11 0.28984375 0.65390625 0.2453125 0.6921875
11 0.14453125 0.6 0.2890625 0.8
2 0.58359375 0.52890625 0.1890625 0.209375
9 0.575 0.71171875 0.0984375 0.09375
10 0.54765625 0.84296875 0.1953125 0.3140625
11 0.56328125 0.71015625 0.2265625 0.5796875
11 0.9359375 0.678125 0.128125 0.64375