11 0.184375 0.21484375 0.36875 0.4296875
10 0.39609375 0.59921875 0.0546875 0.2234375
10 0.51796875 0.5807015959182245 0.1359375 0.2117283612399266
10 0.709375 0.5638464149054776 0.115625 0.20067268657189175
10 0.86953125 0.53828125 0.1328125 0.2171875
9 0.70390625 0.4515625 0.0546875 0.04375
11 0.89140625 0.6609375 0.2140625 0.4625
11 0.67421875 0.66328125 0.3328125 0.4671875
11 0.4984375 0.7171875 0.259375 0.565625
11 0.4140625 0.665625 0.090625 0.471875
3 305.11358642578125 421.0561218261719 63.4532470703125 62.9677734375
3 337.9415283203125 0.20099258422851562 65.4725341796875 49.6172981262207
3 341.2725830078125 0.15732574462890625 45.857666015625 49.052886962890625
6 543.8804931640625 490.52557373046875 78.043701171875 78.4715576171875
4 538.839111328125 409.3097839355469 51.5166015625 81.99365234375