8 0.1625 0.26484375 0.325 0.3390625
10 0.18984375 0.36953125 0.3796875 0.1796875
11 0.18984375 0.2296875 0.3796875 0.459375
11 0.98046875 0.03203125 0.0390625 0.0640625
8 0.16171875 0.9671875 0.2546875 0.065625
8 0.31640625 0.93671875 0.1265625 0.1265625
13 0.7085794000636334 0.6724342426002756 0.12362150270527099 0.2857749626829992
13 0.8478777100572701 0.6239320132479584 0.08817380402608954 0.19318747334499947
2 0.6734375 0.4671875 0.04375 0.015625
2 0.8140625 0.49140625 0.04375 0.0640625
11 0.8640625 0.7234375 0.175 0.528125
11 0.7453125 0.7296875 0.321875 0.540625