2 0.05 0.1625 0.1 0.203125
2 0.46796875 0.35625 0.1640625 0.209375
2 0.30625 0.0171875 0.159375 0.034375
13 0.22109375 0.353125 0.3640625 0.5125
9 0.440625 0.56171875 0.090625 0.0953125
9 0.27734375 0.11704785594368441 0.096875 0.09956474267981755
9 0.01953125 0.37109375 0.0390625 0.1109375
11 0.14375 0.33203125 0.2875 0.5546875
11 0.24765625 0.3046875 0.4953125 0.609375
11 0.3984375 0.42578125 0.303125 0.3671875
13 0.496875 0.89765625 0.10625 0.2046875
11 0.45 0.80546875 0.2 0.3890625
8 0.796875 0.63125 0.246875 0.04375
10 0.79453125 0.709375 0.4109375 0.2
11 0.7890625 0.71484375 0.421875 0.2109375