8 0.2109375 0.47734375 0.35625 0.3640625
5 0.18359375 0.096875 0.3671875 0.19375
11 0.19453125 0.3296875 0.3890625 0.659375
11 0.3953125 0.421875 0.0125 0.090625
11 0.8923123033709632 0.5633776300922685 0.01738748789975162 0.034574994668999895
11 0.858318056690613 0.3598708220878142 0.02529998184962743 0.05185340133672707
5 0.8496015868430382 0.3386770747533142 0.004723861436318444 0.006304544000636359
10 0.8497061259724538 0.35664582475331424 0.007939765027114732 0.021965906667727176
10 0.8907816196277419 0.568828198758723 0.01101931323171641 0.014189769334818081
5 0.8922304901392468 0.5493151300922685 0.007848861436318444 0.006340906667727353
10 0.19453125 0.8296875 0.3890625 0.340625
11 0.19453125 0.8296875 0.3890625 0.340625