2 0.0078125 0.43203125 0.015625 0.0671875
10 0.009375 0.509375 0.01875 0.08125
8 0.7265625 0.475 0.41875 0.15
5 0.7953125 0.15859375 0.409375 0.3171875
11 0.75 0.275 0.5 0.55
13 0.8649785427436528 0.8328125 0.15008285499341092 0.2828125
9 0.8368631539835796 0.696875 0.03936248184962743 0.0515625
2 0.8529517622966403 0.6171875 0.08487496974937905 0.0859375
11 0.85 0.78515625 0.3 0.4296875
2 518.22216796875 372.0211181640625 45.4892578125 90.1346435546875
4 520.3259887695312 414.6502685546875 33.45654296875 19.950439453125
0 476.26727294921875 542.3848876953125 62.8055419921875 43.459716796875