9 0.0828125 0.1 0.165625 0.2
13 0.11953125 0.359375 0.2390625 0.18125
11 0.21953125 0.225 0.4390625 0.45
2 0.44921875 0.1421875 0.0203125 0.05625
10 0.46328125 0.265625 0.0484375 0.15
11 0.50859375 0.27578125 0.1390625 0.3484375
13 0.5765203307208611 0.8035757019414571 0.15158287070336202 0.2720397266868172
8 0.5609573233609078 0.6076364932765935 0.05092724801081765 0.08026930267345414
2 0.5865107593491355 0.5206086606063209 0.09649428668045382 0.10267156134627217
11 0.55703125 0.72890625 0.2359375 0.5421875
2 345.6038818359375 302.96282958984375 406.8280029296875 412.96954345703125