2 0.31171875 0.29765625 0.0140625 0.0671875
10 0.30859375 0.39296875 0.0203125 0.1140625
13 0.279107800542293 0.6849524239338212 0.014207945745273776 0.025163632001908985
11 0.28066575536275307 0.6841529926002758 0.01893180718159222 0.03146817600254544
2 0.2837362132082754 0.674741629933185 0.0063045421544778435 0.009447725334181811
2 0.1966730713249442 0.8851438752785026 0.014153403590796287 0.01578863200190881
9 0.1967412490180413 0.8968626252785026 0.007867042154477843 0.009465906667727352
13 0.19367079117251906 0.9062739879455934 0.023592036104353474 0.026835220003181705
11 0.19205829419758116 0.8976984192791388 0.026798849336070064 0.04093408267027243
2 0.984375 0.80390625 0.03125 0.0546875
13 0.984375 0.8 0.03125 0.109375
11 0.98203125 0.83203125 0.0359375 0.1796875
2 623.394775390625 499.2198181152344 639.7239990234375 533.4603271484375
3 308.70843505859375 94.22740173339844 335.94757080078125 126.61929321289062
2 121.20231628417969 560.0390625 132.0769500732422 571.725341796875