13 0.15883536660568467 0.1574995859325486 0.145332870703362 0.2719670013526354
13 0.3766132126034575 0.17136953990295903 0.09424199069063519 0.17763519867918126
9 0.18828125 0.01640625 0.0359375 0.0328125
9 0.4083455652848659 0.062421253898822825 0.01124658267027261 0.02668976933481808
2 0.39921875 0.03046875 0.0578125 0.0609375
11 0.15546875 0.26484375 0.3015625 0.5296875
11 0.35234375 0.26484375 0.1984375 0.5296875
8 0.83203125 0.2890625 0.3359375 0.340625
5 0.81953125 0.06875 0.3609375 0.1375
10 0.81953125 0.3796875 0.3609375 0.3
11 0.81953125 0.26484375 0.3609375 0.5296875
11 0.9265625 0.6671875 0.146875 0.275