8 0.36484375 0.05859375 0.4703125 0.1171875
10 0.3 0.159375 0.6 0.31875
11 0.3 0.159375 0.6 0.31875
10 0.965625 0.29609375 0.0375 0.0453125
5 0.9611981378763105 0.2601537883438487 0.01570681323171641 0.014153403590796287
9 0.9643913155694076 0.27189071906200796 0.014135222872636887 0.012581813231716588
11 0.9703125 0.28359375 0.059375 0.0703125
2 0.28125 0.659375 0.5625 0.68125
11 0.4140625 0.659375 0.371875 0.68125
12 0.60390625 0.4859375 0.0078125 0.015625
12 0.6192146500747547 0.4858850413689108 0.011055674668035032 0.020376132513557365
12 0.6301430597156752 0.4843861738824681 0.011055674668035032 0.020376132513557365
12 0.6395044241770557 0.48209696603694585 0.012618174668035031 0.020385222872636888
5 609.912353515625 164.33238220214844 621.932861328125 179.56544494628906