9 0.00703125 0.178125 0.0140625 0.096875
13 0.046875 0.1875 0.09375 0.34375
11 0.09375 0.1796875 0.1875 0.359375
13 0.78984375 0.17578125 0.4203125 0.3515625
11 0.73828125 0.1796875 0.5234375 0.359375
9 0.18046875 0.80625 0.1984375 0.1640625
2 0.16484375 0.51796875 0.3296875 0.3171875
10 0.2046875 0.9171875 0.409375 0.165625
11 0.2046875 0.6796875 0.409375 0.640625
9 0.46171875 0.5015625 0.0828125 0.0765625
2 0.4671875 0.41015625 0.115625 0.1015625
10 0.51875 0.73203125 0.21875 0.4796875
11 0.50078125 0.7671875 0.1828125 0.465625
11 0.58515625 0.6796875 0.3515625 0.640625
11 0.5390625 0.6796875 0.259375 0.640625
11 0.915625 0.6796875 0.16875 0.640625
2 261.7899169921875 230.23922729492188 336.8746337890625 340.7386779785156
1 263.49981689453125 272.2958984375 329.02593994140625 306.18896484375
2 0.0 232.64651489257812 204.90972900390625 502.6388244628906
0 388.9014892578125 363.1612854003906 454.2442626953125 474.1517028808594
3 462.56829833984375 190.0553436279297 517.0065307617188 231.31309509277344