12 0.3859375 0.91015625 0.14375 0.1796875
2 0.0875 0.6421527793602715 0.0390625 0.03482953333863605
2 0.215625 0.6428623987109979 0.04375 0.0473840773392725
5 0.5390625 0.493500934754905 0.03125 0.02380112667090888
13 0.54921875 0.55078125 0.0609375 0.0859375
13 0.015625 0.753125 0.03125 0.16875
13 0.09765625 0.7446147080283169 0.084375 0.1306692920114539
13 0.2453125 0.7346140940483614 0.0984375 0.14489542401336308
9 0.2234375 0.6718595553787252 0.0203125 0.0252363573360908
9 0.08984375 0.6734300513605896 0.0265625 0.02530908267027261
9 0.5421875 0.5216622974219959 0.021875 0.022129538669636163
11 0.53984375 0.534375 0.0796875 0.11875
11 0.25078125 0.7948339787157706 0.1609375 0.36593517735518083
11 0.1125 0.7963499306969986 0.18125 0.3599215346912715
11 0.0625 0.78828125 0.125 0.4234375
8 0.8578125 0.7515625 0.284375 0.490625
11 0.78984375 0.684375 0.4203125 0.63125
2 125.31817626953125 398.84967041015625 29.613525390625 39.66192626953125
7 160.6029052734375 595.8994750976562 32.87347412109375 27.8349609375
7 52.6239128112793 575.8611450195312 32.73721694946289 44.3724365234375
2 45.64032745361328 402.4039306640625 24.322181701660156 36.2564697265625
5 336.0897216796875 310.96270751953125 21.479248046875 29.176513671875
3 152.25961303710938 469.5234375 16.5382080078125 15.2333984375
3 66.96661376953125 508.13421630859375 23.84649658203125 20.6102294921875
4 46.94212341308594 418.348876953125 21.275428771972656 11.95220947265625
4 129.92495727539062 417.4276123046875 17.90179443359375 13.54254150390625
4 128.8559112548828 416.8391418457031 22.327056884765625 12.302978515625
3 49.11780548095703 500.6383056640625 13.888412475585938 15.5523681640625
3 71.99937438964844 460.54901123046875 13.276107788085938 13.85089111328125
7 1.5265140533447266 623.9779052734375 26.021757125854492 15.84619140625
3 122.68574523925781 461.221435546875 17.12811279296875 14.1737060546875