8 0.21953125 0.3953125 0.4390625 0.309375
5 0.21953125 0.09296875 0.4390625 0.1859375
10 0.21953125 0.471875 0.4390625 0.15625
11 0.21953125 0.275 0.4390625 0.55
9 0.80390625 0.54609375 0.0109375 0.0078125
2 0.7890625 0.5359375 0.01875 0.028125
2 0.6414864239735921 0.15373144965409877 0.027035214672181597 0.040779536104353475
13 0.6328103106301836 0.22799565144949688 0.03855451734563573 0.09084316861791084
9 0.6403324566359105 0.18576724483363857 0.01111931333545435 0.015688632513557364
11 0.6322285079567292 0.2779956514494969 0.05650672803945263 0.29093407220870693
10 0.93046875 0.61640625 0.0390625 0.1328125
10 0.9734375 0.6484375 0.053125 0.196875
10 0.85703125 0.61484375 0.0859375 0.1296875
10 0.76640625 0.63125 0.0921875 0.1625
10 0.6125 0.63515625 0.1 0.1703125
10 0.515625 0.65 0.10625 0.2
11 0.52578125 0.775 0.1390625 0.45
11 0.62109375 0.775 0.1265625 0.45
11 0.76328125 0.775 0.1171875 0.45
11 0.8625 0.74765625 0.103125 0.3953125
11 0.94765625 0.7265625 0.0984375 0.353125
11 0.9625 0.775 0.075 0.45