11 0.038533839278925085 0.2577291241257421 0.058376102262936415 0.09721134328594587
10 0.030703158560765866 0.2546495759211401 0.02522725897699054 0.039207945745273955
11 0.79453125 0.25 0.4109375 0.5
10 0.4515625 0.6796875 0.275 0.359375
2 0.315625 0.55625 0.115625 0.1125
11 0.375 0.75 0.428125 0.5
12 0.7953125 0.91484375 0.31875 0.1703125
5 0.6980810352205907 0.8496666392510527 0.10994769262201594 0.0990738251355733
11 0.775 0.8875 0.371875 0.225
5 413.8238220214844 515.2926025390625 494.1334533691406 638.2349853515625
1 426.04827880859375 574.861083984375 486.8277587890625 623.7918701171875
5 413.3878173828125 514.78759765625 487.058837890625 605.08447265625