11 0.28046875 0.26484375 0.2984375 0.5296875
10 0.33203125 0.384375 0.1953125 0.290625
8 0.38984375 0.1703125 0.0796875 0.25
8 0.5971038216195318 0.2027648890546608 0.11477154800821018 0.12253859621281223
8 0.93203125 0.059375 0.1359375 0.11875
9 0.69609375 0.015625 0.0421875 0.03125
9 0.7591225534691592 0.2533865368899204 0.07543633723582169 0.07543633723582169
5 0.78046875 0.06640625 0.1765625 0.1328125
5 0.62734375 0.04765625 0.1265625 0.0953125
10 0.79375 0.39375 0.303125 0.271875
10 0.90546875 0.26484375 0.1890625 0.5296875
10 0.5765625 0.3859375 0.2625 0.2875
11 0.48046875 0.26484375 0.1015625 0.5296875
11 0.67265625 0.0296875 0.1078125 0.059375
11 0.59453125 0.26484375 0.3296875 0.5296875
11 0.765625 0.26484375 0.45 0.5296875
11 0.9 0.26484375 0.2 0.5296875
3 279.8564453125 255.97515869140625 89.2713623046875 72.93902587890625
5 445.87615966796875 1.325958251953125 104.2423095703125 180.59524536132812
4 449.37957763671875 92.84378051757812 78.21368408203125 40.606201171875
3 584.963623046875 193.94003295898438 52.476318359375 60.1661376953125
3 585.8406982421875 193.37010192871094 48.0224609375 41.72747802734375
2 316.32904052734375 428.56982421875 141.5445556640625 189.2646484375