2 0.35546875 0.2375 0.4359375 0.475
11 0.52265625 0.26484375 0.2734375 0.5296875
2 0.9328125 0.25546875 0.134375 0.1515625
9 0.8806447567234065 0.30703125 0.0835579346753633 0.0640625
10 0.86484375 0.41015625 0.2484375 0.2390625
11 0.85390625 0.2921875 0.2921875 0.475
5 0.8359375 0.56171875 0.1125 0.0640625
9 0.8525197567234064 0.70859375 0.1436056440165448 0.121875
10 0.8546875 0.86015625 0.290625 0.2796875
11 0.8296875 0.76484375 0.340625 0.4703125
2 544.23095703125 118.10136413574219 640.0 253.95249938964844
3 473.97412109375 240.450927734375 544.11962890625 311.13238525390625
4 544.7557373046875 157.9097900390625 634.9306640625 209.78494262695312
0 471.43609619140625 239.83741760253906 544.7463989257812 311.6400146484375