11 0.23984375 0.19140625 0.2140625 0.2765625
9 0.1780194191088902 0.20078125 0.03461134933607006 0.040625
5 0.17388643101274687 0.10546875 0.05849427693097135 0.1171875
5 0.3015165273237548 0.434375 0.02511817466803503 0.0203125
5 0.34666487997947454 0.596875 0.03784543364502539 0.059375
5 0.1338012656162899 0.659375 0.03450226502711473 0.021875
5 0.064378058163551 0.909375 0.0533068071815924 0.03125
9 0.1375575246914762 0.68515625 0.01883181323171641 0.0140625
9 0.06722580221162264 0.95703125 0.01416249394987581 0.0171875
10 0.0296875 0.97421875 0.059375 0.0515625
10 0.1247030006873711 0.74609375 0.03958974082661797 0.090625
10 0.30733473526747296 0.50859375 0.04436814441741408 0.10625
10 0.3618853590004315 0.66640625 0.06808744554888228 0.1546875
11 0.37231379889197297 0.75390625 0.16311918617910823 0.375
11 0.2991813468019873 0.5671875 0.08136012607064966 0.2875
11 0.13768426883774368 0.79765625 0.12676352966144577 0.303125
11 0.07265625 0.946875 0.1453125 0.10625
13 0.7956013079671592 0.7828125 0.025336343285945872 0.0578125
13 0.895700781036188 0.9 0.025236349336070062 0.040625
13 0.9362121515476929 0.91953125 0.028479524004104917 0.0609375
13 0.9109394407753042 0.96640625 0.028488614363184794 0.0625
2 0.9372797478587007 0.8703125 0.015734084308955332 0.01875
2 0.8959325851927182 0.86015625 0.01731476502711473 0.021875
2 0.7958921994577071 0.7328125 0.015743174668035032 0.0203125
11 0.795442226683266 0.81015625 0.03230448165323559 0.18125
11 0.89453125 0.92421875 0.0296875 0.1515625
11 0.909375 0.9546875 0.05 0.090625
11 0.93828125 0.9296875 0.0390625 0.140625
2 23.20441246032715 573.8043212890625 54.36998748779297 615.890869140625
2 183.15164184570312 272.798583984375 203.44082641601562 295.2789306640625
7 86.98892211914062 579.297119140625 117.712890625 610.29345703125
7 205.19448852539062 569.146240234375 229.67343139648438 617.1737060546875
7 223.23435974121094 571.466552734375 244.52479553222656 611.921630859375
5 138.86697387695312 281.0194091796875 156.51644897460938 299.08404541015625
5 74.59375 413.75927734375 97.62509155273438 445.6727294921875
2 208.3333740234375 361.92364501953125 237.41705322265625 404.030029296875
2 139.04150390625 280.9392395019531 157.39678955078125 299.4211730957031
2 167.85464477539062 296.8623962402344 188.21359252929688 324.7081604003906