13 0.44375 0.23671875 0.090625 0.3265625
9 0.4765625 0.0140625 0.025 0.028125
11 0.36171875 0.2 0.2546875 0.4
13 0.36875 0.50703125 0.134375 0.2140625
13 0.18203125 0.490625 0.1296875 0.18125
11 0.36328125 0.7 0.2171875 0.6
11 0.18359375 0.64609375 0.2015625 0.4921875
11 0.8921875 0.73046875 0.215625 0.5390625
13 0.97265625 0.859375 0.0546875 0.28125
3 576.2607421875 522.925048828125 52.267822265625 70.123291015625
3 533.2401123046875 590.4785766601562 44.939697265625 49.4803466796875
3 187.81149291992188 182.13525390625 41.68182373046875 53.48431396484375
7 53.17136001586914 519.3698120117188 42.30294418334961 56.8328857421875