9 0.1631567173774525 0.10226349941082483 0.03030566534054522 0.0532977168225127
13 0.084375 0.140625 0.16875 0.175
2 0.1829601400381801 0.05863167407885985 0.057449968013999354 0.10345225292686626
11 0.1171875 0.14609375 0.234375 0.2859375
10 0.8978151700747693 0.6067116675377563 0.13523061736154424 0.20858518052176755
10 0.7072538047421784 0.6110713937300429 0.11479084802672598 0.19752950585373236
5 0.6930714840467707 0.39928446603694584 0.07905224801081764 0.0801420179539809
9 0.6973146360598155 0.49539639675510505 0.055287484006999676 0.05188066256778665
11 0.7546875 0.64140625 0.309375 0.5921875
11 0.90390625 0.7296875 0.1921875 0.540625
11 0.98046875 0.640625 0.0390625 0.525
4 424.6255798339844 263.6129150390625 41.72882080078125 39.3951416015625
5 417.60052490234375 200.5258331298828 77.1986083984375 135.14854431152344
1 413.1900634765625 365.7607116699219 92.78955078125 107.3050537109375