8 0.14453125 0.29375 0.2890625 0.25
11 0.2 0.209375 0.4 0.41875
11 0.6921875 0.05078125 0.4625 0.1015625
2 0.32155892095560185 0.8055986194313502 0.1379363372358217 0.07579995159900647
9 0.32733219798476904 0.857974185688129 0.04556703005422946 0.04401362041330899
10 0.15390625 0.90078125 0.2734375 0.1984375
11 0.2 0.86328125 0.4 0.2734375
9 0.58984375 0.98671875 0.0671875 0.0265625
5 0.6142600262436003 0.8525094599868217 0.09272383118569749 0.09272383118569749
11 0.6640625 0.81015625 0.528125 0.3796875
5 340.90350341796875 518.6614379882812 429.44879150390625 639.3801879882812
4 357.166015625 574.077880859375 413.333251953125 618.525390625
2 168.0048828125 491.0177001953125 256.0157775878906 565.86376953125