9 0.18984375 0.365625 0.3640625 0.228125
5 0.221875 0.05078125 0.44375 0.1015625
11 0.25 0.23984375 0.5 0.4796875
11 0.7578125 0.23984375 0.334375 0.4796875
10 0.8178616064663486 0.22511291939845163 0.1804430415653024 0.4005101720241807
9 0.8377075156162899 0.7333703147278609 0.08769998789975161 0.035393154678545
5 0.8708472685431561 0.6775021227323151 0.1158795300542291 0.04509541868236298
10 0.8387155037124332 0.8287009960614062 0.2229749334486338 0.19164424936345306
11 0.7875 0.825 0.425 0.35
1 0.0 24.734291076660156 126.0331802368164 120.92998504638672
1 123.4788589477539 42.30119323730469 273.4960021972656 121.18504333496094
2 29.92510986328125 0.0 290.16314697265625 198.85601806640625
5 504.9071960449219 415.1660461425781 597.591796875 493.6161193847656
3 501.23992919921875 447.890380859375 537.6322631835938 482.19561767578125
1 0.0 26.827861785888672 149.10287475585938 128.52500915527344