9 0.2796875 0.436212294295777 0.0078125 0.010982951795397966
2 0.28125 0.4174713846548566 0.0203125 0.03293067466803503
11 0.2671875 0.4390625 0.05 0.08125
10 0.1421875 0.3932248426967707 0.0265625 0.056404536104353475
2 0.14375 0.3510464330558502 0.015625 0.02196590359079629
11 0.13671875 0.40859375 0.0484375 0.1421875
10 0.5015625 0.691945185589933 0.0828125 0.10048178903121965
5 0.5 0.5974048452308535 0.0265625 0.018904536104353477
9 0.5 0.6395923452308534 0.0234375 0.022011355386194253
11 0.49453125 0.7176855289740747 0.128125 0.2679329094445285
5 87.20175170898438 222.5441131591797 11.150146484375 13.096405029296875
3 309.0268859863281 378.1119384765625 21.541748046875 43.7381591796875