9 0.04765625 0.025 0.0703125 0.05
13 0.1515625 0.275 0.303125 0.55
11 0.1765625 0.275 0.353125 0.55
9 0.6875 0.02734375 0.065625 0.0546875
10 0.7890625 0.29375 0.284375 0.5125
11 0.92890625 0.275 0.1421875 0.55
11 0.79765625 0.275 0.3953125 0.55
8 0.41953125 0.79921875 0.3390625 0.3171875
5 0.29453125 0.6484375 0.5890625 0.196875
11 0.29453125 0.775 0.5890625 0.45
10 0.29453125 0.92734375 0.5890625 0.1453125
10 0.70078125 0.6484375 0.1453125 0.196875
11 0.7265625 0.775 0.275 0.45
3 590.5006713867188 154.57736206054688 49.49932861328125 56.90228271484375
3 577.735595703125 116.23735809326172 45.73876953125 56.70539093017578
2 411.4664611816406 0.13052749633789062 65.27239990234375 35.58012771606445
2 0.20698165893554688 0.13716506958007812 62.376121520996094 34.341590881347656