8 0.325 0.16640625 0.3875 0.3265625
10 0.259375 0.38359375 0.51875 0.2703125
11 0.259375 0.259375 0.51875 0.51875
5 0.8736899465308408 0.1462513612349136 0.023592036104353297 0.026835220003181705
9 0.8751115459651068 0.17045192990136818 0.01729658430895533 0.01894999466899989
10 0.8795854225267357 0.2071161359007318 0.033139752926865995 0.05663180800445424
11 0.8701240641154794 0.22206897390200453 0.07760789129415606 0.18057838534372692
10 0.2113177324388026 0.5528217239417754 0.026944295081343838 0.0659340826702726
11 0.2265625 0.6140625 0.075 0.190625
11 0.6902547569338869 0.8225267912953654 0.04251475292686617 0.05674089600572705
10 0.6972405551384889 0.8302574752944109 0.025136355386194253 0.02372840133672689