9 0.34278310526736666 0.28055212587425793 0.15252720536281678 0.21806017447164336
2 0.3765625 0.06953125 0.28125 0.1390625
13 0.4296875 0.4140625 0.340625 0.271875
11 0.39140625 0.275 0.4171875 0.55
11 0.946875 0.275 0.10625 0.55
5 0.3986358526416375 0.7014145925985747 0.10915791868236298 0.1162522347764936
9 0.41904780263368335 0.7601310624461496 0.06498974801081765 0.08006020472226423
13 0.4578125 0.86875 0.14375 0.2625
11 0.49609375 0.5703125 0.0640625 0.040625
11 0.44609375 0.815625 0.3078125 0.36875
11 0.7546875 0.74296875 0.309375 0.3859375
5 220.81179809570312 415.66729736328125 290.0422058105469 507.5111083984375
2 141.94781494140625 0.0 330.4493713378906 257.9122619628906
3 193.8345947265625 511.98419189453125 219.787353515625 569.1423950195312
1 167.61224365234375 76.14988708496094 293.77386474609375 159.0030975341797
0 499.9619140625 363.81866455078125 564.782470703125 416.00115966796875