11 0.11953125 0.209375 0.2390625 0.41875
11 0.06640625 0.2453125 0.1328125 0.346875
8 0.21640625 0.10390625 0.0453125 0.1515625
10 0.14921875 0.2671875 0.1796875 0.303125
10 0.05390625 0.3328125 0.1078125 0.171875
8 0.81875 0.08984375 0.3625 0.1796875
10 0.6515625 0.2453125 0.696875 0.346875
11 0.61953125 0.209375 0.7609375 0.41875
9 0.12380409690018315 0.7333406398402278 0.03769998789975162 0.03459316861791084
9 0.06367057279788221 0.7297843686647931 0.028279536104353475 0.026726126463433177
9 0.015827970436749973 0.7620928746167215 0.028288626463433175 0.028288626463433175
2 0.11630521428843003 0.6794798416356258 0.05970225292686635 0.056595433645025395
2 0.06081373839073088 0.6837087993829523 0.04714771077238851 0.04714771077238851
2 0.01953125 0.71484375 0.0390625 0.0515625
13 0.14978481391908752 0.8331861037358742 0.1653351502711466 0.21970448770335976
13 0.07037911505055572 0.7852122120489348 0.07861587939029953 0.084829517953981
13 0.05 0.85390625 0.1 0.1984375
11 0.13515625 0.81875 0.2078125 0.3625
11 0.08671875 0.82890625 0.1359375 0.3421875
11 0.075 0.83984375 0.15 0.3203125
11 0.028125 0.8390625 0.05625 0.321875
13 0.67265625 0.7328125 0.4890625 0.534375
9 0.565625 0.46015625 0.1375 0.0828125
11 0.61953125 0.709375 0.7609375 0.58125
2 28.287752151489258 426.0740966796875 54.7752685546875 473.06256103515625
2 0.0006561279296875 444.32763671875 23.913055419921875 495.40631103515625
2 61.768768310546875 419.8314208984375 94.60481262207031 478.74163818359375
4 65.02172088623047 446.3431396484375 94.47638702392578 460.73773193359375
4 0.275054931640625 469.39691162109375 21.957042694091797 482.59954833984375
4 29.923553466796875 448.3988037109375 52.39661407470703 458.9287109375