2 0.55703125 0.05078125 0.1734375 0.1015625
13 0.56796875 0.325 0.2765625 0.309375
9 0.56796875 0.17646004439397292 0.096875 0.09275110226293623
11 0.66953125 0.23984375 0.4796875 0.4796875
13 0.00859375 0.684375 0.0171875 0.1625
13 0.02578125 0.6053566831540461 0.040625 0.08929884933607006
13 0.059375 0.680552125874258 0.0625 0.1175511143631848
13 0.08671875 0.6361799571581512 0.025 0.07358294574527395
13 0.13828125 0.6896049390077786 0.0921875 0.1802238311856975
13 0.1859375 0.6281634449597069 0.034375 0.09707498789975162
13 0.21953125 0.6533588876799188 0.0765625 0.1191954275949012
13 0.3078125 0.6382474929679172 0.053125 0.11280907220870695
13 0.35234375 0.6658503182016863 0.08125 0.13172269867214012
13 0.40078125 0.6328125 0.0578125 0.103125
2 0.41171875 0.5568207518467118 0.03125 0.032994307181592394
2 0.340625 0.5571883905085891 0.040625 0.04242384933607006
2 0.31015625 0.5421673785065366 0.03125 0.0361193071815924
2 0.2109375 0.5517463907049809 0.0296875 0.032985216822512695
2 0.19296875 0.5446106015755652 0.0234375 0.028261355386194252
2 0.14375 0.5560430052645573 0.04375 0.04556703005422928
2 0.078125 0.5751924601832133 0.0171875 0.02509999394987581
2 0.0578125 0.5672617855151783 0.0328125 0.03769089754067192
2 0.046875 0.5492294030016209 0.01875 0.014171584308955331
2 0.02109375 0.5318919120768073 0.0234375 0.025136355386194253
2 0.0046875 0.5484375 0.009375 0.04375
9 0.00234375 0.58984375 0.0046875 0.0171875
9 0.025 0.5616021379745064 0.0140625 0.012581813231716588
9 0.07265625 0.5853168939264346 0.00625 0.007848861436318444
9 0.0640625 0.6032356469514968 0.0125 0.012572722872636888
9 0.1484375 0.6052890263417962 0.0171875 0.02353749394987581
9 0.21640625 0.5845907069617595 0.015625 0.015715903590796287
9 0.3171875 0.5797082851223949 0.0140625 0.011019313231716588
9 0.346875 0.6001935019449076 0.015625 0.017278403590796288
9 0.41171875 0.5857270018467118 0.0140625 0.012581813231716588
11 0.02421875 0.740625 0.0484375 0.428125
11 0.0296875 0.6600669090517453 0.0546875 0.28469316256778665
11 0.04765625 0.5570464481811608 0.01875 0.03292158430895533
11 0.08671875 0.6580549571581512 0.034375 0.19238748789975163
11 0.06328125 0.6930748517719569 0.078125 0.28639201795398084
11 0.1640625 0.6327236799325924 0.021875 0.08137726502711473
11 0.14453125 0.7427663004440971 0.1078125 0.4225022347764937
11 0.1921875 0.6656998063960254 0.0546875 0.27219316256778664
11 0.2265625 0.702618544295777 0.0890625 0.3348931504675381
11 0.30859375 0.652314538147457 0.0609375 0.2550420240041051
11 0.371875 0.72890625 0.115625 0.3984375
11 0.40078125 0.66953125 0.0578125 0.2640625
12 0.9546875 0.8500566256778661 0.0265625 0.05796703610435365
12 0.690625 0.97890625 0.08125 0.0421875
12 0.63671875 0.97421875 0.0671875 0.0515625
12 0.59765625 0.96484375 0.0640625 0.0703125
12 0.590625 0.94375 0.059375 0.1125
12 0.59921875 0.8683010689872532 0.0296875 0.0642352168225127
12 0.56953125 0.8759408521647405 0.028125 0.06735112646343318
12 0.534375 0.8851113190854492 0.0171875 0.05791249394987581
12 0.54296875 0.95078125 0.0453125 0.0984375
12 0.525 0.9303692769309713 0.028125 0.10172612646343318
12 0.50234375 0.9130499667243168 0.034375 0.09394998789975162
2 304.5419921875 0.0 412.8565673828125 147.36273193359375
4 314.07464599609375 45.72723388671875 404.30609130859375 85.82176208496094
2 205.70687866210938 346.08538818359375 231.05020141601562 388.64398193359375
3 460.97100830078125 215.7580108642578 534.8178100585938 298.51458740234375
2 189.43984985351562 337.91497802734375 209.052490234375 375.10321044921875
2 76.27664947509766 343.21856689453125 105.68799591064453 400.10321044921875
2 253.61758422851562 347.2557373046875 272.0423889160156 378.75933837890625
6 0.10886764526367188 585.9132690429688 21.416683197021484 613.3992309570312
2 4.322650909423828 332.1580810546875 24.040809631347656 364.420166015625