11 0.14609375 0.26171875 0.2921875 0.3765625
5 0.03828125 0.09609375 0.0765625 0.0984375
8 0.04765625 0.2375 0.0953125 0.209375
13 0.21796875 0.5462416574014253 0.1640625 0.19157948770335978
2 0.09921875 0.50234375 0.0671875 0.1046875
9 0.1265625 0.5350546934075828 0.021875 0.05637726502711473
11 0.19609375 0.68359375 0.2671875 0.4671875
13 0.84921875 0.8235485250842596 0.025 0.03764544574527377
11 0.84765625 0.8219951154433393 0.03125 0.04549430718159249
3 396.82183837890625 91.65040588378906 431.34332275390625 129.93299865722656
0 396.70025634765625 93.44619750976562 431.57415771484375 129.30978393554688
2 43.950706481933594 288.55230712890625 91.34236907958984 353.07794189453125
2 262.26934814453125 135.11358642578125 284.26300048828125 157.23504638671875
2 306.1851806640625 165.98977661132812 317.0628662109375 177.747802734375