8 0.44921875 0.0984375 0.1609375 0.196875
10 0.3859375 0.36875 0.2875 0.4
11 0.2921875 0.284375 0.475 0.56875
2 0.334375 0.63984375 0.14375 0.1421875
13 0.12421875 0.784375 0.2484375 0.43125
13 0.32890625 0.93203125 0.2796875 0.1359375
9 0.3410662780871778 0.8163558705840492 0.07748974801081765 0.08057838534372692
11 0.06875 0.784375 0.1375 0.43125
11 0.15390625 0.784375 0.3078125 0.43125
11 0.36484375 0.784375 0.3296875 0.43125
13 0.88093784742995 0.9336541006126844 0.025345445337363513 0.029978401336727245
11 0.8730889847628592 0.9306200072804115 0.0426602146721816 0.04111589600572678
2 170.53433227539062 365.44976806640625 263.9269104003906 549.3475952148438
2 461.8358154296875 615.5059814453125 566.04052734375 640.0
4 193.65394592285156 452.89837646484375 251.7198944091797 491.09283447265625