13 0.64296875 0.09921875 0.0921875 0.1984375
13 0.3453125 0.15835948418731843 0.190625 0.21517152380771343
2 0.45390625 0.08008501414335187 0.0890625 0.14583065046753826
9 0.434375 0.13309638465485668 0.03125 0.05955680718159222
11 0.38515625 0.1765625 0.3421875 0.346875
11 0.62734375 0.175 0.1234375 0.35
10 0.23671875 0.4421875 0.3171875 0.184375
11 0.253125 0.675 0.50625 0.65
2 0.74375 0.5671875 0.109375 0.0875
9 0.7265625 0.6205680718159237 0.0484375 0.04715680113146803
10 0.88046875 0.653125 0.2390625 0.234375
11 0.84453125 0.71796875 0.3109375 0.5640625
2 257.9229431152344 18.73088836669922 309.8575744628906 84.18346405029297
7 188.27716064453125 577.5218505859375 237.18292236328125 638.418701171875
7 185.78961181640625 554.6483154296875 237.90850830078125 638.3994140625
5 440.40582275390625 343.1603698730469 508.83770751953125 412.3075256347656
0 14.466636657714844 414.0139465332031 52.47705841064453 485.4975280761719
3 12.040054321289062 413.04998779296875 53.33966064453125 486.57806396484375