9 0.35 0.3390625 0.071875 0.1
13 0.50625 0.35 0.246875 0.078125
2 0.33359375 0.16953125 0.2328125 0.3390625
11 0.41484375 0.19453125 0.4296875 0.3890625
13 0.81484375 0.19453125 0.3703125 0.3890625
11 0.81484375 0.19453125 0.3703125 0.3890625
8 0.39140625 0.567366845525441 0.146875 0.10554199375348414
5 0.38828125 0.4359375 0.1984375 0.09375
10 0.3828125 0.7720043485505031 0.3328125 0.40506124648395864
11 0.31484375 0.69453125 0.6296875 0.6109375
2 0.9375 0.51875 0.125 0.259375
9 0.93671875 0.6650947766363837 0.0546875 0.09563066256778648
13 0.79609375 0.73828125 0.3328125 0.5234375
11 0.81484375 0.69453125 0.3703125 0.6109375
5 175.31365966796875 249.84701538085938 322.7530212402344 399.1344909667969
2 546.50537109375 249.61911010742188 640.0 448.6353454589844
4 578.2852783203125 371.7698974609375 631.1798095703125 429.800537109375
1 574.1864013671875 331.42572021484375 636.4404296875 406.38201904296875
1 574.2801513671875 330.8399963378906 634.385986328125 448.0663146972656