12 0.3 0.93359375 0.021875 0.1328125
12 0.3953125 0.9390625 0.090625 0.121875
12 0.65546875 0.946875 0.1140625 0.10625
2 0.9140625 0.6697246765595504 0.0359375 0.03166817067154533
2 0.7859375 0.6884030459102768 0.040625 0.0426602146721816
13 0.43125 0.65078125 0.0625 0.0640625
13 0.91796875 0.7728042232256869 0.0703125 0.1258181600095451
13 0.76796875 0.7839246312460495 0.0828125 0.14002611067790854
9 0.78203125 0.7181359992441404 0.0171875 0.023637494668999892
9 0.915625 0.700956495226005 0.0234375 0.022147720003181704
11 0.43125 0.65078125 0.09375 0.0640625
11 0.77109375 0.83125 0.1140625 0.3375
11 0.9109375 0.825 0.1375 0.35
11 0.9671875 0.809375 0.065625 0.38125
2 489.33380126953125 425.5341796875 516.286865234375 464.214111328125
3 565.5281372070312 477.13250732421875 581.5263061523438 492.41925048828125
2 573.0826416015625 416.6763916015625 597.6551513671875 454.5657958984375
3 592.1258544921875 514.7153930664062 605.4483642578125 528.8257446289062
3 482.0909729003906 501.1868896484375 500.9513854980469 518.617431640625
7 583.4931030273438 602.1416015625 607.7196655273438 638.37841796875
3 509.0428466796875 484.62890625 528.9876708984375 502.8768310546875
4 574.736083984375 432.24365234375 595.14697265625 444.0369873046875