11 0.4453125 0.5484375 0.028125 0.090625
9 0.6519053292407898 0.39862593588452067 0.009438632513557366 0.010992042154477666
2 0.6551394135497453 0.37989411660267985 0.022065897540671918 0.03293976502711473
11 0.6327417179026673 0.4696106015755652 0.0684601502711466 0.21914088544042354
10 0.5217411062699571 0.34552314090137254 0.03157725292686635 0.05643180718159222
2 0.5266695007855668 0.3041441619786115 0.01731476502711473 0.021974993949875808
11 0.5136968021134267 0.3853214391059745 0.06517152380771343 0.19099770472226432
11 0.81875 0.7984375 0.3625 0.21875
6 423.90203857421875 511.67706298828125 515.8926391601562 559.4055786132812
5 331.4649658203125 192.27044677734375 342.8455810546875 205.44183349609375
3 610.457763671875 159.66162109375 640.0 240.97943115234375