11 0.28203125 0.3296875 0.4140625 0.659375
10 0.35234375 0.48359375 0.2734375 0.3515625
5 0.25625 0.07421875 0.225 0.1484375
8 0.34869784528168424 0.21015625 0.20376353604390704 0.3234375
8 0.6875 0.35703125 0.396875 0.4078125
5 0.67109375 0.06015625 0.3640625 0.1203125
10 0.74453125 0.53515625 0.5109375 0.2484375
11 0.74453125 0.3296875 0.5109375 0.659375
5 91.522216796875 0.0 258.28265380859375 148.93008422851562
4 130.98483276367188 32.13951110839844 241.84042358398438 94.51164245605469
2 89.002197265625 0.266876220703125 253.40103149414062 152.66200256347656