8 0.453125 0.009375 0.0375 0.01875
8 0.38671875 0.009375 0.0140625 0.01875
8 0.79921875 0.00859375 0.0203125 0.0171875
10 0.7953125 0.0640625 0.05625 0.128125
11 0.79609375 0.06640625 0.0578125 0.1328125
11 0.88515625 0.2 0.1640625 0.4
11 0.6765625 0.2 0.184375 0.4
11 0.56171875 0.2 0.1578125 0.4
11 0.38515625 0.040625 0.0109375 0.08125
11 0.43515625 0.2 0.1109375 0.4
10 0.43339272033855414 0.075 0.07265677088084707 0.134375
10 0.58359375 0.1015625 0.0953125 0.203125
10 0.6953125 0.11171875 0.11875 0.2234375
10 0.88046875 0.14296875 0.1171875 0.2859375
8 0.26796875 0.646875 0.2234375 0.16875
10 0.225 0.89453125 0.309375 0.2109375
5 0.26015625 0.4515625 0.2390625 0.103125
11 0.18984375 0.7 0.3796875 0.6
8 0.7140735311343838 0.73828125 0.4576317345801019 0.2375
5 0.684387072896078 0.46953125 0.458403373340175 0.1015625
10 0.68984375 0.91875 0.6203125 0.1625
11 0.68984375 0.70390625 0.6203125 0.5921875
0 355.00048828125 110.42239379882812 378.7928466796875 155.1363525390625
2 272.9063415527344 0.0 301.2301330566406 11.674751281738281
3 584.9539794921875 80.66297912597656 613.0545654296875 136.35256958007812
7 321.6131896972656 516.63330078125 413.0675354003906 625.6363525390625
3 270.6329650878906 14.537830352783203 303.8149108886719 40.60166931152344