9 0.3116583993873157 0.32109375 0.02525453866963625 0.021875
5 0.12952660471036165 0.2453125 0.034720445337363424 0.0296875
5 0.30494477538190684 0.28125 0.04100680800445442 0.0328125
11 0.309375 0.4140625 0.140625 0.3125
11 0.15061235872849715 0.37890625 0.11775331070972532 0.3171875
11 0.0296875 0.4859375 0.059375 0.290625
11 0.27578125 0.390625 0.2078125 0.51875
10 0.01015625 0.52734375 0.0203125 0.1171875
10 0.1460975813971789 0.39375 0.08170562802354438 0.1734375
10 0.31891691605663375 0.340625 0.0710579346753633 0.0640625
8 0.12841863804899772 0.284375 0.028397720003181703 0.0234375
11 0.91796875 0.075 0.1359375 0.15
11 0.459375 0.26875 0.159375 0.5375
3 70.83168029785156 243.50027465820312 25.93975830078125 22.563385009765625
5 183.64697265625 171.08880615234375 29.04022216796875 44.33856201171875
5 467.05889892578125 525.7655639648438 146.2635498046875 114.23443603515625