8 0.25 0.096875 0.41875 0.19375
10 0.2296875 0.24609375 0.459375 0.3265625
11 0.2296875 0.2046875 0.459375 0.409375
11 0.715625 0.2046875 0.5125 0.409375
10 0.6234375 0.2046875 0.328125 0.409375
9 0.1109375 0.41171875 0.0125 0.0046875
11 0.11484375 0.44609375 0.0515625 0.0734375
10 0.10803819633444914 0.4370975625443455 0.020557939695149584 0.04230567466803503
11 0.65703125 0.95546875 0.2609375 0.0890625
2 100.03575134277344 387.24212646484375 70.83062744140625 93.4024658203125
3 421.7965087890625 597.054443359375 74.6273193359375 42.847900390625