12 0.24453125 0.0078125 0.0484375 0.015625
12 0.1328125 0.00703125 0.028125 0.0140625
12 0.0203125 0.01328125 0.01875 0.0265625
13 0.3 0.67734375 0.459375 0.6453125
11 0.26484375 0.675 0.5296875 0.65
9 0.21953125 0.39765625 0.0578125 0.0953125
10 0.62109375 0.7066978892510525 0.1796875 0.332295391294156
9 0.634375 0.5527143711988758 0.040625 0.05179884933607006
5 0.62109375 0.44263538925105256 0.11875 0.16944086729005098
11 0.66796875 0.67578125 0.2765625 0.6484375
2 360.7329406738281 231.15098571777344 75.0789794921875 143.13148498535156
1 375.92724609375 315.19598388671875 49.431884765625 30.7701416015625