8 0.190625 0.19296875 0.278125 0.3484375
5 0.234375 0.03046875 0.190625 0.0609375
11 0.16484375 0.18984375 0.3296875 0.3796875
2 0.727001921904868 0.17421875 0.028524989337999785 0.034375
2 0.4608325765834129 0.08671875 0.0426965773392725 0.04375
5 0.37364111191123134 0.12734375 0.030105670671545237 0.0359375
10 0.36028658923459544 0.20078125 0.0589942866804539 0.1015625
13 0.43543203990295903 0.18828125 0.057831776018453775 0.1359375
10 0.7067525092298229 0.2359375 0.058812473344999464 0.0859375
11 0.36796875 0.2421875 0.0765625 0.271875
11 0.4375 0.221875 0.109375 0.315625
11 0.7 0.26640625 0.0875 0.2265625
11 0.83359375 0.18984375 0.1984375 0.3796875
11 0.925 0.18984375 0.15 0.3796875
10 0.953125 0.14296875 0.09375 0.2859375
10 0.855100197247004 0.109375 0.11010334802672617 0.196875
5 0.28203125 0.80078125 0.0953125 0.1453125
11 0.16484375 0.84140625 0.3296875 0.3171875