8 0.48203125 0.290625 0.2671875 0.196875
5 0.496875 0.0796875 0.278125 0.159375
11 0.38515625 0.19453125 0.5296875 0.3890625
11 0.15390625 0.19453125 0.3078125 0.3890625
11 0.825 0.19453125 0.35 0.3890625
5 0.6068261960398614 0.4470071954169052 0.06591589149054773 0.05076361600890866
5 0.18125 0.41484375 0.071875 0.0515625
8 0.15589495511504778 0.4675431306890444 0.029932939695149673 0.042532945337363334
8 0.22855016335335354 0.737156744032453 0.08001475292686626 0.05717724801081765
8 0.6228324702403583 0.5159480994191324 0.03625566256778665 0.05510567067154515
10 0.12637458499632648 0.7070596166852263 0.20385327048806365 0.39609539202736244
10 0.5881165817748727 0.5741418600811327 0.07713519262201593 0.09932838534372675
11 0.184375 0.459375 0.10625 0.140625
11 0.2171875 0.7359375 0.434375 0.528125
11 0.44609375 0.69453125 0.4078125 0.6109375
11 0.590625 0.52421875 0.11875 0.2203125
5 0.2403921540817755 0.5818152633672712 0.13696471057599685 0.1781442760184536
3 540.5888671875 101.73806762695312 81.249267578125 81.92288208007812
5 223.66648864746094 13.283760070800781 184.38648986816406 247.57067108154297
5 372.3470458984375 275.39300537109375 40.8406982421875 69.6578369140625
4 242.74610900878906 90.27761840820312 153.80467224121094 63.70208740234375