2 0.34248137402754625 0.21796875 0.07252950585373234 0.1125
9 0.30712513612779463 0.25234375 0.02852497579950324 0.06875
2 0.25484047346181216 0.2421875 0.03469316256778665 0.0546875
13 0.2446927929400446 0.375 0.0760817527304745 0.1859375
13 0.2895780460633025 0.4484375 0.1487385236113216 0.3203125
11 0.2859375 0.35625 0.209375 0.60625
11 0.2390625 0.4015625 0.146875 0.515625
10 0.33828125 0.8296875 0.2640625 0.340625
10 0.06328125 0.8296875 0.1265625 0.340625
2 0.1171875 0.8296875 0.234375 0.340625
2 0.3328125 0.8296875 0.403125 0.340625