11 0.515625 0.36875 0.046875 0.134375
13 0.5151939072645032 0.343294586131403 0.03344884667409076 0.05506930800445424
2 0.5140132152689574 0.3104639047978576 0.012645450668363622 0.012645450668363622
11 0.24035009062700183 0.12522364942708658 0.006522720003181703 0.02351022533418181
13 0.22585123862191114 0.16256001742517762 0.008030676002545433 0.018840906667727177
11 0.2257512412874112 0.1711537674251776 0.008394302673454136 0.05009090666772718
12 0.5020211979233217 0.4009616354630395 0.006722714672181595 0.04069772533418181
11 0.096875 0.784375 0.19375 0.43125
11 0.31640625 0.784375 0.3265625 0.43125
11 0.4671875 0.784375 0.14375 0.43125
9 0.4834824726289108 0.6738349667806766 0.06675224267981754 0.09763861600890866
5 0.26640625 0.6359375 0.1515625 0.134375
5 0.05078125 0.6203125 0.1015625 0.103125
10 0.4796875 0.85859375 0.11875 0.2828125
8 0.2484375 0.88828125 0.140625 0.2234375
8 0.0265625 0.8359375 0.053125 0.19375
8 0.871875 0.7078125 0.25625 0.275
10 0.76953125 0.92265625 0.4609375 0.1546875
11 0.76953125 0.784375 0.4609375 0.43125
2 0.0 371.5762634277344 39.66584014892578 124.74212646484375