8 0.45234375 0.030591307407678393 0.071875 0.04146134134309047
8 0.0609375 0.07134938335454448 0.0625 0.0554147533418178
8 0.46171875 0.17445039540895105 0.078125 0.06340906667727228
8 0.43203125 0.3491049500715876 0.0671875 0.06640679734245421
8 0.2609375 0.4080515940483614 0.0546875 0.05688634667409058
8 0.2546875 0.15954136871417965 0.06875 0.07111247867599957
8 0.146875 0.15281810669954393 0.0796875 0.08217724801081765
5 0.0125 0.128125 0.025 0.1
5 0.07265625 0.0109375 0.0703125 0.021875
5 0.15390625 0.056024922700498435 0.0828125 0.06346361067790855
5 0.259375 0.07053341271481597 0.0828125 0.06033861067790856
5 0.27265625 0.31053170404995223 0.0890625 0.09634883601209036
5 0.4421875 0.253910628739633 0.08125 0.0681329293443631
5 0.453125 0.08138164807445111 0.096875 0.08081474267981759
10 0.390625 0.10721689473263332 0.059375 0.1522533906747269
10 0.425 0.01171875 0.146875 0.0234375
10 0.2640625 0.028125 0.1375 0.05625
10 0.0578125 0.16975052068745358 0.10625 0.15279883068109026
10 0.03125 0.3703125 0.0625 0.259375
10 0.1296875 0.34453125 0.20625 0.3109375
10 0.28828125 0.24977601738540667 0.10625 0.12936133068109026
11 0.5765625 0.0453125 0.065625 0.090625
11 0.5765625 0.1546875 0.065625 0.309375
11 0.45234375 0.35703125 0.2421875 0.2859375
11 0.46328125 0.26484375 0.2703125 0.4703125
11 0.44609375 0.1265625 0.2234375 0.253125
11 0.43984375 0.0484375 0.2234375 0.096875
11 0.2609375 0.07421875 0.221875 0.1484375
11 0.26171875 0.21196693471513414 0.1953125 0.34133516669318065
11 0.23203125 0.37578125 0.2828125 0.2484375
11 0.0609375 0.28828125 0.121875 0.4234375
11 0.12578125 0.25546875 0.2453125 0.4890625
11 0.0671875 0.12890625 0.134375 0.2578125
11 0.07734375 0.059375 0.1546875 0.11875
8 0.26015625 0.7933827560868597 0.2078125 0.28523061736154426
5 0.32734375 0.565625 0.1796875 0.13125
11 0.24765625 0.75 0.4953125 0.5
10 0.82109375 0.8668208034293137 0.1734375 0.20983062802354446
2 0.79453125 0.7133867207590412 0.1390625 0.06411813868554468
9 0.7421875 0.7510588960852689 0.0375 0.03637385200509069
5 0.6390625 0.53046875 0.059375 0.0609375
11 0.7640625 0.83359375 0.309375 0.3328125
5 65.56136322021484 17.883209228515625 58.90071105957031 102.01295471191406
3 278.22308349609375 101.98928833007812 41.3125 52.458251953125
5 261.34942626953125 27.627880096435547 57.953125 73.74069595336914
2 465.6748046875 440.9325866699219 85.6160888671875 53.49407958984375
3 0.008386611938476562 224.90487670898438 18.28656578063965 52.2139892578125
4 70.21665954589844 56.01515197753906 50.16508483886719 29.618698120117188
5 15.384071350097656 0.013263702392578125 57.553565979003906 63.30229949951172
5 302.4486389160156 0.575531005859375 85.60992431640625 135.78958129882812
5 258.697509765625 0.0 51.490234375 29.243473052978516
4 18.65998649597168 8.717754364013672 46.03709602355957 26.14264678955078
2 466.39813232421875 442.7803955078125 48.1470947265625 50.93206787109375
4 467.1693420410156 464.6839599609375 37.79840087890625 16.311279296875
2 387.5271301269531 330.04058837890625 39.63446044921875 41.24267578125
4 270.62799072265625 60.05884552001953 48.3837890625 43.600128173828125
4 139.51220703125 64.77366638183594 45.7650146484375 24.071426391601562