5 0.2546875 0.265625 0.509375 0.259375
11 0.2546875 0.2671875 0.509375 0.303125
13 0.5868143685948669 0.2329549632082754 0.1194794427116344 0.3319226865718917
9 0.59921875 0.01015625 0.0390625 0.0203125
11 0.65546875 0.209375 0.2921875 0.41875
9 0.9463910052912292 0.45875036962774196 0.08802725867281787 0.04582156010845857
13 0.8828125 0.625 0.234375 0.3
13 0.64296875 0.58671875 0.2671875 0.3359375
11 0.85859375 0.709375 0.2828125 0.58125
11 0.6640625 0.709375 0.309375 0.58125
3 459.276611328125 501.874267578125 38.8922119140625 49.036376953125
3 359.2294921875 337.19598388671875 42.535400390625 36.4739990234375
2 563.5792846679688 267.9341735839844 76.1492919921875 51.99755859375
3 426.880126953125 190.55514526367188 46.33197021484375 59.240325927734375