13 0.07421875 0.35703125 0.1484375 0.2109375
11 0.11484375 0.45546875 0.2296875 0.4890625
2 0.58671875 0.1825819492759572 0.025 0.03622840133672707
2 0.675 0.3565547039306395 0.0234375 0.0330852200031817
2 0.73828125 0.35581835992204897 0.021875 0.03306703866963616
13 0.734375 0.36367631325591265 0.04375 0.0583215773392725
13 0.5859375 0.19665353994272988 0.0421875 0.058303396005727134
13 0.52578125 0.1859375 0.0328125 0.084375
13 0.5171875 0.078125 0.015625 0.078125
11 0.53203125 0.10859375 0.0453125 0.1609375
11 0.54375 0.203125 0.06875 0.13125
11 0.5953125 0.21451320194145723 0.071875 0.10396134134309047
11 0.678125 0.37370584126354867 0.0453125 0.08333975867281787
11 0.7375 0.37613995058882177 0.053125 0.08655566534054522
8 0.39765625 0.79375 0.2234375 0.1875
10 0.309375 0.85 0.4 0.3
11 0.2546875 0.85 0.509375 0.3
2 0.64375 0.9692921559516385 0.08125 0.06032042934436319
2 0.8859375 0.9203802992520946 0.09375 0.06671588001272646
2 0.53203125 0.9823108713001378 0.0359375 0.025418170671545327
2 0.59609375 0.9784404366247745 0.04375 0.027071577339272325
2 0.575 0.9661858846276381 0.028125 0.019077264003817974
8 0.53046875 0.9953125 0.0171875 0.009375
9 0.59609375 0.9953125 0.0140625 0.009375
9 0.66796875 0.99609375 0.0390625 0.0078125
9 0.89609375 0.9593246205840493 0.040625 0.027035214672181597
13 0.92421875 0.97265625 0.1484375 0.0546875
10 0.5765625 0.99453125 0.025 0.0109375
11 0.5890625 0.9765625 0.08125 0.046875
11 0.59609375 0.98203125 0.0609375 0.0359375
11 0.915625 0.93671875 0.16875 0.1265625
2 546.2640380859375 571.9979248046875 49.059814453125 48.6865234375
2 395.09814453125 606.2950439453125 44.0267333984375 33.7049560546875
2 329.68377685546875 622.7468872070312 22.06103515625 17.25311279296875
4 556.2822265625 592.81787109375 27.4122314453125 16.142578125
7 360.0220031738281 104.77958679199219 46.1395263671875 58.7275390625