13 0.18828125 0.19140625 0.3765625 0.3828125
11 0.325 0.24453125 0.65 0.4890625
2 0.6640625 0.32109375 0.028125 0.0265625
9 0.6625 0.34296875 0.025 0.0109375
13 0.67578125 0.3953125 0.0515625 0.084375
11 0.71328125 0.396875 0.1265625 0.184375
13 0.26875 0.84765625 0.29375 0.3046875
11 0.240625 0.74453125 0.375 0.5109375
2 0.2796875 0.54453125 0.171875 0.1109375
9 0.26640625 0.6726697194064057 0.0828125 0.13533861067790856
11 0.753125 0.74453125 0.20625 0.5109375
11 0.9234375 0.74453125 0.153125 0.5109375
9 0.903125 0.5772037727561777 0.03125 0.06286362667090888
9 0.7546875 0.6114140460693605 0.05 0.04901930267345413
5 0.7578125 0.51640625 0.075 0.0546875
5 0.9421875 0.50078125 0.084375 0.0234375
10 0.940625 0.8 0.11875 0.4
10 0.74296875 0.8140625 0.1578125 0.371875
2 127.61904907226562 312.67474365234375 231.98977661132812 470.76922607421875
5 459.1497802734375 315.1498718261719 511.081787109375 406.8872375488281
5 569.9551391601562 314.314697265625 624.9773559570312 389.6734619140625
4 139.3433074951172 354.19500732421875 210.4187469482422 416.06939697265625
4 466.4364929199219 352.7153015136719 507.1455383300781 377.6775817871094
1 139.61251831054688 355.55023193359375 210.58456420898438 417.06195068359375