5 0.1078125 0.29375 0.215625 0.275
11 0.19453125 0.3265625 0.3890625 0.40625
12 0.516104184626984 0.1515625 0.04753859621281205 0.1140625
12 0.39375 0.01796875 0.009375 0.0359375
12 0.48125 0.0109375 0.015625 0.021875
12 0.8900274979568966 0.20234375 0.08079652380771343 0.190625
8 0.15642972365820385 0.84375 0.2840942406302261 0.2203125
5 0.13828125 0.6203125 0.2765625 0.178125
11 0.19453125 0.76484375 0.3890625 0.4703125
11 0.35 0.76484375 0.078125 0.4703125
11 0.69453125 0.76484375 0.6109375 0.4703125
5 0.0 329.66607666015625 188.99371337890625 617.6256713867188