8 0.32109375 0.4296875 0.5234375 0.2
5 0.23470523546386465 0.25355499805058856 0.46042948165323566 0.18659531206236082
11 0.3796875 0.334375 0.759375 0.390625
8 0.99375 0.15859375 0.0125 0.0578125
8 0.78125 0.434375 0.04375 0.059375
8 0.8247944251590145 0.20587421276254103 0.06915906615858276 0.07111247867599957
8 0.9270699974659171 0.2187838401097677 0.08016019867214012 0.08217724801081765
5 0.99296875 0.08515625 0.0140625 0.0546875
5 0.9361909882925351 0.12825883744426764 0.08162270472226432 0.0650079293443632
5 0.8362228045493136 0.12162648209735916 0.081604524004105 0.061882929344363104
5 0.79375 0.34140625 0.06875 0.0953125
10 0.84765625 0.05625 0.1453125 0.1125
10 0.975 0.2515625 0.05 0.15
10 0.97734375 0.4265625 0.0453125 0.20625
10 0.89609375 0.3890625 0.2078125 0.28125
10 0.7953125 0.28203125 0.071875 0.1265625
11 0.859375 0.1015625 0.2 0.203125
11 0.8359375 0.25234375 0.153125 0.3328125
11 0.84375 0.40625 0.16875 0.246875
11 0.9515625 0.346875 0.096875 0.365625
11 0.8796875 0.30546875 0.240625 0.4484375
11 0.96640625 0.19296875 0.0671875 0.2890625
11 0.965625 0.04609375 0.06875 0.0921875
11 0.96796875 0.1046875 0.0640625 0.209375
5 0.45234375 0.64765625 0.3703125 0.2359375
11 0.3796875 0.76484375 0.759375 0.4703125
11 0.8796875 0.78828125 0.240625 0.4234375
5 570.4735107421875 83.33369445800781 52.7218017578125 79.50199890136719
5 497.8463134765625 55.95027542114258 59.51220703125 83.01263046264648
4 506.7441101074219 93.85325622558594 47.261749267578125 23.388946533203125
4 573.489990234375 103.49078369140625 46.32080078125 24.199951171875
5 163.30084228515625 344.5640869140625 226.356689453125 295.4359130859375
5 609.935302734375 0.32300567626953125 30.064697265625 114.46641540527344