10 0.13046875 0.42734375 0.2609375 0.2046875
11 0.196875 0.26484375 0.39375 0.5296875
13 0.60234375 0.07421875 0.1859375 0.1484375
11 0.6015625 0.26484375 0.196875 0.5296875
2 0.48125 0.6375 0.0375 0.065625
2 0.20700644057891243 0.8835689405789126 0.07371021077238851 0.0473022468767418
10 0.20625 0.95390625 0.1625 0.0921875
9 0.48828125 0.67578125 0.0234375 0.0390625
11 0.465625 0.80078125 0.06875 0.3984375
11 0.20625 0.92421875 0.228125 0.1515625
11 0.99375 0.91875 0.0125 0.15625
13 0.5275603559753694 0.7203841811109427 0.02064884328594587 0.05793067466803503
2 0.5223461360295987 0.6766659973677214 0.014171584308955331 0.018831813231716586
11 0.5282279764868743 0.7399108859314028 0.030587445548882108 0.1548602168225126