2 0.2359375 0.34453125 0.01875 0.0296875
10 0.378125 0.33125 0.025 0.05625
2 0.3799831132638668 0.28984375 0.014298857336090797 0.0203125
11 0.37890625 0.31875 0.0390625 0.08125
10 0.7 0.1796875 0.6 0.359375
11 0.7 0.1796875 0.6 0.359375
11 0.190625 0.97734375 0.04375 0.0453125
10 0.184375 0.98828125 0.01875 0.0234375
13 0.1710722846117298 0.7453125 0.01293635200509069 0.0375
2 0.17990239194782057 0.725 0.009484088001272716 0.009375
11 0.1740336526098208 0.759375 0.02282042934436319 0.08125
5 0.5061638052594125 0.56015625 0.03310340133672707 0.025
9 0.5042922225891399 0.58671875 0.01733295066836362 0.0125
10 0.4882126892505038 0.62578125 0.04160679201145392 0.084375
11 0.5176547412476402 0.646875 0.1039260733609078 0.203125