12 0.65234375 0.134375 0.1671875 0.26875
12 0.8296875 0.16953125 0.340625 0.3390625
11 0.26909851523714073 0.7392371575978169 0.05576019867918127 0.09250566256778665
10 0.2769655592377772 0.7345042058024188 0.023855670671545325 0.03607385538619425
13 0.3258683252705484 0.4928297902095701 0.01762385200509069 0.03759999394987581
2 0.31986377327341187 0.47177240164588863 0.00950226933481808 0.010992042154477844
11 0.32103537460218484 0.5053570612868089 0.03065111067790873 0.0829852168225127
8 0.86015625 0.715625 0.2796875 0.334375
5 0.8703125 0.45078125 0.259375 0.2140625
10 0.784375 0.90546875 0.43125 0.1890625
11 0.784375 0.66953125 0.43125 0.6609375