11 0.2671875 0.27421875 0.103125 0.4703125
12 0.534375 0.20529076806172436 0.0359375 0.04885567067154532
9 0.384375 0.01171875 0.059375 0.0234375
13 0.42890625 0.2546875 0.2203125 0.509375
11 0.446875 0.2546875 0.25625 0.509375
8 0.48515625 0.6138021547183158 0.034375 0.04414998933799978
8 0.45859375 0.6244305720480432 0.0140625 0.015788632001908987
8 0.38984375 0.7314430933720437 0.0375 0.06293635200509069
2 0.3828125 0.6821425273710892 0.0609375 0.0835215720082724
2 0.56796875 0.6350782653962244 0.059375 0.08662839067472686
2 0.47734375 0.5551174980505886 0.0453125 0.061464758672817865
2 0.45546875 0.5892379593809524 0.034375 0.05196248933799978
13 0.49609375 0.661585674053134 0.1 0.10272610534690844
13 0.6546875 0.7548373294079965 0.128125 0.23430336935072651
13 0.3625 0.80859375 0.0875 0.2234375
13 0.33203125 0.75546875 0.0265625 0.1984375
11 0.35390625 0.78125 0.0703125 0.4375
11 0.40390625 0.81796875 0.1703125 0.3640625
11 0.4484375 0.6438436433799979 0.0765625 0.15557838534372675
11 0.478125 0.6215328387173613 0.14375 0.20948518268618094
11 0.64296875 0.7875 0.2109375 0.425
2 225.5577392578125 414.19305419921875 40.629425048828125 69.0010986328125
2 346.55340576171875 383.08575439453125 32.12298583984375 52.646484375
2 290.3489685058594 341.39483642578125 28.2054443359375 43.19384765625
3 205.59347534179688 582.839111328125 17.731201171875 35.923583984375