2 0.4218957851223948 0.0828125 0.02520907825883114 0.0359375
2 0.4853270260472085 0.10859375 0.02363748789975162 0.034375
13 0.47833213748352693 0.11484375 0.04723861436318479 0.0625
11 0.41731282425181043 0.10078125 0.04895565046753827 0.0890625
11 0.47529349589478337 0.1296875 0.056786331185697494 0.0921875
11 0.825 0.15 0.35 0.3
8 0.20078125 0.70703125 0.4015625 0.4328125
5 0.17734375 0.39140625 0.3546875 0.1828125
10 0.325 0.859375 0.65 0.28125
11 0.325 0.65 0.65 0.7
5 0.0 342.58294677734375 231.21624755859375 221.42333984375
2 5.000457763671875 343.71002197265625 225.66543579101562 221.14239501953125