8 0.19375 0.5109375 0.3875 0.240625
5 0.25703125 0.24453125 0.5140625 0.2140625
10 0.35 0.6703125 0.7 0.159375
11 0.35 0.4359375 0.7 0.628125
11 0.9046875 0.28591658195418396 0.009375 0.02979658800127254
2 0.63671875 0.9486774745783222 0.059375 0.06944089067472703
10 0.5390625 0.8716888079249125 0.015625 0.03455681333545435
2 0.5390625 0.8443450579249125 0.0125 0.014207950668363622
11 0.53515625 0.893609261258776 0.0328125 0.1175693080044546
10 0.840625 0.7753036092457313 0.01875 0.03459317600254543
10 0.88671875 0.7625 0.0140625 0.025
10 0.90546875 0.7714240839035954 0.0203125 0.03304885733609062
11 0.90390625 0.803125 0.0328125 0.10625
11 0.8875 0.765625 0.021875 0.03125
11 0.8609375 0.7734375 0.028125 0.046875
10 0.86015625 0.76484375 0.0203125 0.0296875
10 0.83828125 0.7953125 0.0265625 0.090625
13 0.78125 0.875 0.1625 0.25
11 0.7890625 0.875 0.178125 0.25
2 390.82525634765625 589.2095336914062 424.18804931640625 639.2783813476562