8 0.1046875 0.44765625 0.209375 0.2234375
5 0.15390625 0.14765625 0.3078125 0.2953125
10 0.25 0.49296875 0.5 0.1328125
11 0.25 0.2796875 0.5 0.559375
13 0.8921875 0.09921875 0.16875 0.1984375
11 0.8515625 0.2796875 0.296875 0.559375
2 0.09800333736472577 0.577736198082965 0.015843176002545433 0.01884090359079611
13 0.10069253270208929 0.6074373336215844 0.023892033338636053 0.039198855386194255
13 0.35 0.578125 0.028125 0.0375
11 0.35234375 0.61171875 0.0484375 0.1046875
11 0.10176468403881636 0.6324418788011241 0.05307155068427179 0.12998748184962744
2 0.5469611947405875 0.9879651709556019 0.014207950668363622 0.01258181323171641
9 0.5484375 0.9984375 0.009375 0.003125
11 0.55703125 0.9890625 0.0484375 0.021875
3 154.9337158203125 511.43927001953125 194.83050537109375 578.6400756835938
3 510.30938720703125 67.65129089355469 525.1447143554688 88.90885925292969