8 0.2 0.11796875 0.4 0.2359375
10 0.2 0.24375 0.4 0.090625
11 0.2 0.14453125 0.4 0.2890625
8 0.6453125 0.1078125 0.490625 0.215625
10 0.7 0.19765625 0.6 0.1828125
11 0.7 0.14453125 0.6 0.2890625
2 0.925 0.3953125 0.15 0.196875
2 0.46328125 0.5515625 0.1265625 0.203125
13 0.91875 0.815625 0.1625 0.36875
13 0.69375 0.6578125 0.31875 0.684375
13 0.52421875 0.903125 0.2484375 0.19375
9 0.459375 0.764320322724361 0.0875 0.091643154678545
9 0.66640625 0.33046875 0.0921875 0.0828125
9 0.93671875 0.6097184701224944 0.090625 0.10886701734563572
11 0.828125 0.64765625 0.34375 0.7046875
11 0.6921875 0.64453125 0.4625 0.7109375
11 0.51328125 0.7234375 0.2265625 0.553125
2 549.1189575195312 200.6864013671875 89.7637939453125 232.613525390625
3 401.18804931640625 345.759033203125 58.927734375 74.930419921875
2 256.11181640625 296.80267333984375 85.500732421875 229.93792724609375
1 558.1729736328125 305.43768310546875 81.223876953125 53.410400390625
1 257.511962890625 410.33856201171875 72.1279296875 62.95306396484375
3 198.30874633789062 555.796630859375 58.794403076171875 84.1978759765625