2 0.07162411611170061 0.3984375 0.011019313231716588 0.0140625
13 0.07265625 0.41171875 0.0140625 0.0140625
11 0.0765625 0.40546875 0.025 0.0265625
5 0.9671875 0.14140625 0.065625 0.0859375
9 0.97578125 0.2921875 0.0484375 0.140625
11 0.8421875 0.2328125 0.315625 0.371875
13 0.22210940856076586 0.88203125 0.03144998789975162 0.034375
13 0.6630964602814092 0.54140625 0.0298783975406721 0.0328125
5 0.2164497610200939 0.84921875 0.01572499394987581 0.0171875
5 0.6597987434588964 0.51171875 0.01572499394987581 0.0171875
11 0.65234375 0.55234375 0.0546875 0.0984375
11 0.22204123086766875 0.8703125 0.040979524004105095 0.0609375
9 0.7898867401392468 0.54609375 0.01728749394987581 0.0171875
5 0.7826555022394952 0.51171875 0.02511817466803503 0.0203125
10 0.7996253545024314 0.60859375 0.0662522347764937 0.1078125
11 0.80614806527482 0.65546875 0.10966693325224205 0.31875
5 493.544677734375 321.0162353515625 516.37939453125 358.1165771484375
5 607.9476318359375 64.07063293457031 640.0 153.01393127441406