10 0.67578125 0.065625 0.1578125 0.13125
11 0.72421875 0.21953125 0.2890625 0.4390625
2 0.5225066347469509 0.93828125 0.03159544533736351 0.0296875
2 0.24319130474217837 0.903125 0.0458215773392725 0.04375
2 0.20554585407381473 0.890625 0.03166817067154533 0.0359375
2 0.1715702960693605 0.8578125 0.04585794000636341 0.046875
2 0.06550210940481489 0.8734375 0.030087489337999783 0.034375
2 0.0494407573997242 0.8359375 0.03166817067154524 0.0359375
2 0.00625 0.90078125 0.0125 0.0265625
9 0.1555549447405875 0.89140625 0.012663632001908986 0.0140625
9 0.2074719807447237 0.921875 0.018986357336090796 0.0203125
9 0.23272651941435996 0.94375 0.020567038669636162 0.021875
8 0.516611170751087 0.96875 0.022093176002545255 0.01875
13 0.2609375 0.965625 0.08125 0.06875
13 0.203125 0.959375 0.05625 0.08125
13 0.159375 0.9484375 0.075 0.103125
13 0.06953125 0.98359375 0.0359375 0.0328125
13 0.04140625 0.93828125 0.0734375 0.1234375
11 0.0453125 0.90625 0.090625 0.1875
11 0.0609375 0.92734375 0.096875 0.1453125
11 0.1484375 0.91484375 0.11875 0.1703125
11 0.1984375 0.934375 0.0875 0.13125
11 0.246875 0.940625 0.128125 0.11875
11 0.49921875 0.9578125 0.1171875 0.084375
13 0.9390625 0.54375 0.121875 0.1875
11 0.91015625 0.6828125 0.1796875 0.465625
2 143.7515869140625 564.9578857421875 29.451202392578125 44.9388427734375
2 22.12063217163086 524.132080078125 22.441665649414062 38.345703125
2 96.18558502197266 537.079833984375 26.887710571289062 40.2548828125
2 323.48175048828125 591.5009765625 21.3382568359375 33.21533203125
2 122.83477783203125 559.9945068359375 19.974090576171875 23.716796875
4 97.19283294677734 555.8430786132812 18.837493896484375 10.5958251953125