13 0.7811728959261852 0.2765625 0.39697028540736035 0.5453125
11 0.71953125 0.3 0.5609375 0.6
9 0.6709546532861386 0.75390625 0.08946248933799979 0.034375
5 0.6388057719605473 0.696875 0.1192590773392725 0.04375
10 0.6682740012730937 0.85 0.22721812269254435 0.190625
11 0.6859375 0.83671875 0.49375 0.3265625
3 551.2996826171875 611.5740356445312 587.7398681640625 640.0
1 395.66143798828125 453.71734619140625 460.05889892578125 477.55303955078125
5 364.0467529296875 420.42626953125 460.4161376953125 503.6651611328125
2 364.565185546875 421.20452880859375 460.71966552734375 503.8018798828125
1 406.6967468261719 456.0603942871094 458.7112731933594 473.9800109863281