8 0.25 0.36484375 0.5 0.3140625
5 0.23515625 0.09765625 0.4703125 0.1953125
10 0.25 0.559375 0.5 0.31875
11 0.25 0.359375 0.5 0.71875
8 0.63984375 0.39921875 0.2796875 0.4109375
5 0.61484375 0.0859375 0.2296875 0.171875
10 0.725 0.5875 0.45 0.2625
11 0.75 0.359375 0.5 0.71875
2 0.3922860740554187 0.8696927929400445 0.01101931323171641 0.014126132513557366
13 0.3869264083643742 0.8884746091968232 0.020439765027114733 0.021993174668035208
11 0.38766220656897604 0.8806575640172835 0.02677157825883114 0.0360920361043533
9 0.50625 0.76640625 0.0125 0.0359375
2 0.79375 0.95625 0.08125 0.0875
13 0.89140625 0.93515625 0.1703125 0.1296875
13 0.52578125 0.875 0.0515625 0.25
11 0.8765625 0.93203125 0.246875 0.1359375