5 0.41715516286237425 0.11484375 0.08647383118569749 0.0921875
2 0.25140744301479945 0.1359375 0.1037613251355733 0.109375
2 0.0109375 0.10546875 0.021875 0.1078125
9 0.01328125 0.22265625 0.0265625 0.0671875
9 0.25846089803165134 0.26640625 0.06444429508134383 0.065625
9 0.4383574762904825 0.23046875 0.056613614363184794 0.0625
13 0.4234375 0.3328125 0.13125 0.3125
10 0.29375 0.37578125 0.165625 0.2265625
13 0.08203125 0.34765625 0.1640625 0.2828125
11 0.14765625 0.259375 0.2953125 0.459375
11 0.29609375 0.27265625 0.3859375 0.4328125
11 0.40625 0.26875 0.165625 0.440625
5 0.79140625 0.128125 0.4171875 0.178125
9 0.80546875 0.365625 0.3890625 0.2375
11 0.74453125 0.24453125 0.5109375 0.4890625
13 0.05859375 0.74765625 0.1171875 0.5046875
11 0.1265625 0.74453125 0.253125 0.5109375
2 0.61015625 0.50546875 0.1828125 0.0328125
10 0.83828125 0.55625 0.3234375 0.134375
9 0.72890625 0.50390625 0.1015625 0.0296875
11 0.7578125 0.73359375 0.484375 0.4890625
2 130.88796997070312 58.404571533203125 63.6131591796875 131.31539916992188
5 234.93798828125 43.488555908203125 74.0615234375 126.75587463378906
4 138.30406188964844 122.43963623046875 47.33837890625 28.518310546875
3 530.1142578125 422.9326171875 61.7177734375 60.6727294921875
4 242.1605987548828 94.35296630859375 59.30113220214844 38.078765869140625
4 244.3405303955078 103.09628295898438 52.95213317871094 26.3626708984375