10 0.896875 0.303125 0.20625 0.321875
10 0.6 0.26171875 0.121875 0.2953125
9 0.928125 0.11625819985049049 0.096875 0.04900110226293632
9 0.59921875 0.11270297043675004 0.0890625 0.04426815046753822
2 0.60703125 0.04609375 0.1359375 0.0921875
2 0.934375 0.046875 0.13125 0.09375
11 0.8234375 0.259375 0.353125 0.51875
11 0.640625 0.259375 0.203125 0.51875
12 0.4765625 0.8498251996540989 0.0296875 0.0470477168225127
8 0.83515625 0.871875 0.3296875 0.25625
5 0.76953125 0.6453125 0.4609375 0.190625
11 0.76953125 0.76484375 0.4609375 0.4703125
2 560.114990234375 0.8803787231445312 640.0 91.84781646728516
2 344.5684814453125 0.0 427.4788818359375 91.36485290527344
3 424.8370361328125 166.05538940429688 470.39453125 205.22158813476562
4 560.9549560546875 42.42973709106445 638.2327880859375 63.09206008911133
4 560.2896728515625 42.845314025878906 620.1031494140625 61.20081329345703