10 0.8877662248175445 0.3001479074014252 0.12576359016268804 0.1319772287263694
5 0.9083554598886258 0.21330643755385034 0.04387726502711473 0.022129530054229286
11 0.8921875 0.3328125 0.184375 0.271875
9 0.5157174662333375 0.53213318472518 0.02199317466803503 0.020439765027114733
9 0.49983339099956847 0.4876928383159761 0.01729658430895533 0.01884999394987581
9 0.4655765656676035 0.5082053262157278 0.020421584308955333 0.01886817466803503
9 0.4187697433607006 0.5201967869881162 0.02199317466803503 0.020439765027114733
9 0.35630155961747934 0.526029151351301 0.023564765027114732 0.022011355386194253
9 0.31315554761542674 0.4958103862259905 0.020430674668035033 0.020430674668035033
9 0.02180838494944424 0.5076619881943392 0.034547716822512745 0.029887487899751618
9 0.0787623668972675 0.4940489400879331 0.025127265027114643 0.022020445745273776
9 0.12891235782208116 0.5195392985973853 0.025145445745273866 0.025145445745273953
9 0.19754872833358594 0.4996080727978822 0.028252265027114642 0.022038626463433176
9 0.2797026981811609 0.5202245789462022 0.023582945745273774 0.025136355386194253
2 0.12421875 0.48203125 0.0453125 0.0265625
2 0.19609375 0.47265625 0.0390625 0.0078125
2 0.28046875 0.4796875 0.0390625 0.021875
2 0.35625 0.48515625 0.0375 0.0328125
2 0.42109375 0.48515625 0.0359375 0.0328125
2 0.4625 0.47890625 0.034375 0.0203125
2 0.5203125 0.4890625 0.0375 0.040625
13 0.03828125 0.60625 0.0765625 0.196875
13 0.07986632464459391 0.5495131449083933 0.06605224687674208 0.07381929508134384
13 0.125533348648699 0.6101870244950843 0.11198289129415606 0.18033291549465283
13 0.19722199628756684 0.577737617977422 0.10244426483072289 0.15215337334017515
13 0.2359375 0.4984375 0.059375 0.059375
13 0.27626460167376116 0.6007160548439012 0.10096357806243947 0.16620678298109545
13 0.35755550828961946 0.6072746061717612 0.07739881303532492 0.1441954275949012
13 0.3164487192583996 0.5246984555078312 0.0441045240041051 0.06119203005422928
13 0.35694645423128507 0.5025871061717612 0.06280907220870695 0.05348861436318462
13 0.4125 0.5078125 0.075 0.078125
13 0.4247793697259379 0.6131337207313375 0.07277494554888211 0.15510565651766228
13 0.4746975564942213 0.5987803292407898 0.05238972267624522 0.14248748184962742
13 0.4937833788993201 0.5221041997522946 0.02677157825883114 0.03609203610435348
13 0.50546875 0.61171875 0.0671875 0.1546875
11 0.05 0.70078125 0.1 0.4640625
11 0.07421875 0.65859375 0.0734375 0.3796875
11 0.12109375 0.69375 0.1390625 0.45
11 0.19375 0.66484375 0.115625 0.3921875
11 0.2359375 0.63359375 0.075 0.3296875
11 0.271875 0.68359375 0.1125 0.4296875
11 0.31171875 0.65234375 0.0734375 0.3671875
11 0.33828125 0.6328125 0.0546875 0.328125
11 0.3515625 0.67578125 0.10625 0.4140625
11 0.4109375 0.63203125 0.09375 0.3265625
11 0.41796875 0.67578125 0.0859375 0.4140625
11 0.46015625 0.66015625 0.0734375 0.3828125
11 0.49375 0.64609375 0.065625 0.3546875
11 0.496875 0.6828125 0.084375 0.428125
2 320.01397705078125 300.9707946777344 24.5474853515625 46.471435546875
2 215.95819091796875 300.4104309082031 25.33221435546875 42.8798828125
5 39.97538375854492 300.0071716308594 22.249603271484375 23.06256103515625
2 258.8594970703125 300.0157470703125 23.489990234375 41.92242431640625
7 219.37173461914062 531.8749389648438 20.853271484375 33.6192626953125
5 564.2156982421875 127.67852783203125 32.42529296875 32.120147705078125
2 66.89265441894531 299.75396728515625 28.92840576171875 41.3284912109375
2 287.98968505859375 299.32147216796875 22.40283203125 31.640625
7 85.38456726074219 544.50390625 23.4683837890625 28.194091796875
7 258.0224609375 532.2626953125 19.0196533203125 31.968994140625
2 555.968017578125 480.55633544921875 84.031982421875 153.24951171875
7 60.82899856567383 552.2130126953125 26.113399505615234 35.7203369140625
5 114.04513549804688 300.4599609375 25.25311279296875 25.8143310546875
7 149.49539184570312 538.497802734375 28.2767333984375 35.9085693359375
3 144.34315490722656 426.8328857421875 13.63409423828125 24.5616455078125
1 581.02490234375 542.697265625 58.97509765625 72.78955078125
7 305.11346435546875 530.17822265625 21.08203125 26.865478515625
2 0.0 301.8671875 27.350231170654297 33.0552978515625
7 131.29953002929688 523.513671875 22.159210205078125 25.432373046875
7 106.4837646484375 529.0966796875 17.379302978515625 22.372802734375
7 0.0 552.9691162109375 13.49506950378418 45.3677978515625
7 329.3251647949219 558.0904541015625 15.757080078125 17.050537109375
4 70.15644836425781 315.0209045410156 23.617095947265625 11.75238037109375
5 0.0 302.765625 26.729686737060547 32.2393798828125
0 86.50281524658203 410.0360107421875 21.395828247070312 29.973876953125
2 551.232666015625 468.43701171875 29.692626953125 28.79443359375
5 171.03208923339844 311.9267272949219 19.406951904296875 30.008056640625
4 321.7528076171875 323.257568359375 21.082763671875 10.526611328125
4 0.5389156341552734 308.71209716796875 24.82424545288086 12.70269775390625
0 277.1428527832031 404.4654235839844 19.85052490234375 21.19232177734375
2 518.81884765625 463.38330078125 35.579345703125 34.6014404296875
4 218.23040771484375 321.46160888671875 21.118927001953125 10.725830078125
0 223.44015502929688 434.00469970703125 15.23785400390625 22.8262939453125
1 585.3695068359375 540.9652099609375 54.52734375 58.5322265625
5 191.90708923339844 300.35064697265625 18.8863525390625 23.968994140625
4 259.16156005859375 317.790771484375 21.1767578125 10.3079833984375
7 279.956298828125 525.6946411132812 20.5919189453125 20.321533203125