2 0.321875 0.309375 0.015625 0.046875
13 0.30859375 0.40625 0.0421875 0.0875
9 0.3234375 0.346875 0.0125 0.028125
11 0.28828125 0.33125 0.0828125 0.2375
12 0.3828125 0.2203125 0.10625 0.440625
13 0.66171875 0.5265625 0.1171875 0.153125
13 0.45546875 0.503125 0.0765625 0.10625
11 0.65859375 0.7203125 0.2078125 0.540625
11 0.4703125 0.65546875 0.134375 0.4109375
7 443.8821716308594 557.8775634765625 486.7074890136719 605.7274169921875
7 413.31170654296875 576.2288818359375 455.05902099609375 635.2781982421875