11 0.3203125 0.44490030855633445 0.01875 0.02198408430895533
2 0.7234375 0.22830472365820387 0.2046875 0.20587833703942993
5 0.51328125 0.4623398769544124 0.0125 0.011010222872636888
5 0.46015625 0.44155519916311947 0.0140625 0.014144313231716587
5 0.44453125 0.4533648527539157 0.0109375 0.011001132513557365
10 0.46015625 0.4703125 0.0171875 0.01875
11 0.4609375 0.45625 0.03125 0.046875
11 0.48671875 0.46171875 0.0390625 0.0359375
10 0.4890625 0.47109375 0.028125 0.0171875
10 0.50625 0.4671875 0.040625 0.025
9 0.69921875 0.4057893742239379 0.1140625 0.10847609621281204
11 0.71953125 0.2890625 0.5609375 0.38125
2 0.84453125 0.60078125 0.3109375 0.2421875
9 0.8734375 0.8737348774453917 0.171875 0.21506243949875808
13 0.6390625 0.91640625 0.315625 0.1671875
11 0.73984375 0.73984375 0.5203125 0.5203125