11 0.11015625 0.0140625 0.0484375 0.028125
2 0.859375 0.2817104830279778 0.1 0.07089428298109546
2 0.95 0.309375 0.1 0.1375
9 0.8875 0.3299843565645446 0.0453125 0.056513620413308985
9 0.8390625 0.34745365769601283 0.0546875 0.039380662567786474
10 0.90546875 0.45859375 0.1828125 0.1421875
11 0.78984375 0.359375 0.4203125 0.325
11 0.74765625 0.3565791937021704 0.3171875 0.2721578428931625
9 0.765625 0.6650052929400447 0.01875 0.01729658430895533
5 0.76796875 0.6290541574014252 0.025 0.020457945745273775
10 0.7578125 0.7314569947354427 0.06875 0.11446247579950324
11 0.75 0.7799399465308408 0.1125 0.3334670058537326
2 516.3638916015625 161.792236328125 583.8126220703125 244.43023681640625
2 570.90478515625 162.40530395507812 640.0 244.63247680664062
3 619.6925048828125 296.61749267578125 639.8670654296875 339.68988037109375
4 519.047119140625 197.30923461914062 559.5118408203125 216.39553833007812
3 477.7135314941406 397.5201416015625 500.9551086425781 437.5489501953125