8 0.41015625 0.01328125 0.0703125 0.0265625
8 0.13515625 0.10146469203531656 0.0671875 0.06796929734245412
8 0.3796875 0.13790382073517868 0.075 0.06337270401018139
8 0.38359375 0.30435552406904226 0.065625 0.06482611600890867
8 0.11796875 0.34657719736631665 0.059375 0.07256589067472703
5 0.14453125 0.02265625 0.0765625 0.0453125
5 0.15625 0.2509288900381801 0.096875 0.07456474267981754
5 0.3875 0.21455722740290586 0.0796875 0.06811474801081766
5 0.40234375 0.052229950071587615 0.09375 0.08077838001272672
10 0.0546875 0.0296875 0.109375 0.059375
10 0.190625 0.0953125 0.171875 0.190625
10 0.45625 0.08645095607890547 0.0625 0.14447725334181777
10 0.49296875 0.23515625 0.0328125 0.1265625
11 0.27890625 0.01953125 0.1140625 0.0390625
11 0.2 0.1171875 0.25 0.234375
11 0.05859375 0.07109375 0.1171875 0.1421875
11 0.03203125 0.1 0.0640625 0.2
11 0.0546875 0.29453125 0.109375 0.2484375
11 0.12421875 0.2046875 0.2484375 0.409375
11 0.1359375 0.30703125 0.271875 0.2234375
11 0.3453125 0.29296875 0.25 0.2515625
11 0.359375 0.209375 0.278125 0.41875
11 0.403125 0.11171875 0.2125 0.2234375
11 0.4140625 0.0375 0.190625 0.075
11 0.484375 0.20546875 0.05 0.3296875
8 0.6625 0.3109375 0.203125 0.215625
5 0.665625 0.046875 0.20625 0.09375
11 0.7546875 0.209375 0.490625 0.41875
11 0.38046875 0.7365856740531339 0.0140625 0.039226132001908984
13 0.64921875 0.8650032174172233 0.01875 0.023655676002545433
11 0.64609375 0.8719981047501324 0.0296875 0.05347044533736352
3 222.14401245117188 77.7044677734375 259.5386047363281 128.60980224609375
3 120.80416107177734 76.51406860351562 151.55929565429688 109.05549621582031
5 226.99229431152344 8.2801513671875 285.083251953125 79.14097595214844
5 51.12413024902344 0.6136627197265625 124.79876708984375 85.71475219726562
4 66.96578979492188 28.209518432617188 111.69215393066406 61.319915771484375
0 11.588177680969238 176.13290405273438 37.461795806884766 212.71121215820312