11 0.259375 0.26953125 0.4 0.5390625
11 0.4953125 0.26953125 0.26875 0.5390625
10 0.24375 0.34765625 0.25 0.3828125
10 0.50546875 0.375 0.2484375 0.328125
8 0.4921875 0.121875 0.159375 0.24375
8 0.234375 0.075 0.13125 0.15
5 0.6671875 0.1609375 0.075 0.1875
11 0.71640625 0.29453125 0.1734375 0.4890625
10 0.18984375 0.5984375 0.1890625 0.11875
9 0.08624903386485831 0.5947461419478206 0.05374314441741408 0.10686816534054522
11 0.29921875 0.67578125 0.5984375 0.2734375
2 0.8171536002198329 0.9779779073042741 0.022093168617911017 0.03775453866963616
10 0.8265625 0.9921875 0.03125 0.015625
11 0.828125 0.98046875 0.059375 0.0390625