2 0.18544557884800641 0.10326607192873057 0.018904536104353477 0.026780676002545346
2 0.240805244539051 0.12137063458786726 0.018895445745273954 0.025218176002545344
9 0.18221603971859074 0.12127118459582142 0.007867042154477843 0.009465906667727175
10 0.16964331684595385 0.133916635264185 0.033057939695149585 0.04256930800445433
10 0.24130469340758287 0.16979904392109457 0.028479524004105094 0.06126476400381797
11 0.24521548858712272 0.1689723405872309 0.05853063836728971 0.12411020934118148
11 0.17421264217791882 0.15417459126354868 0.06641586123992678 0.13670111600890866
5 0.349612617977422 0.7471962432368227 0.029823855386194253 0.023782945337363515
5 0.5233672387835144 0.9592224338797328 0.018840903590796286 0.015843176002545433
5 0.57890625 0.96953125 0.0203125 0.0171875
10 0.5234375 0.98828125 0.015625 0.0234375
11 0.578125 0.97421875 0.021875 0.0328125
11 0.51796875 0.975 0.0265625 0.05
13 0.345351843973317 0.8081791965706863 0.06766928903121965 0.08359429734245402
13 0.015625 0.88828125 0.03125 0.1421875
9 0.3424177415139889 0.7754030592377771 0.020430674668035033 0.020548857336090798
11 0.34857229274365287 0.7917365839035954 0.09910109621281223 0.11520792401336308
5 211.1648406982422 471.410400390625 21.90924072265625 28.52484130859375
2 147.18850708007812 68.64582061767578 13.904541015625 22.11279296875
3 208.50192260742188 512.4659423828125 16.8487548828125 18.3382568359375