11 0.12418030504029307 0.196875 0.03490224082661797 0.090625
13 0.12109166647661151 0.190625 0.01425339754067192 0.0328125
2 0.5164496182720095 0.6984375 0.032994307181592394 0.03125
2 0.8006337207313375 0.73125 0.04713862041330898 0.0453125
2 0.8420581514494969 0.728125 0.033030668617910666 0.0375
2 0.883605302015231 0.70390625 0.04715680113146803 0.0484375
2 0.9841411123200812 0.74609375 0.02989657825883114 0.0359375
2 0.99609375 0.7125 0.0078125 0.0375
9 0.8904183833973202 0.74140625 0.01414431323171641 0.0140625
9 0.8325013442679043 0.759375 0.01886817466803521 0.0203125
9 0.8019462358566483 0.77421875 0.02200226502711473 0.021875
8 0.515491106269957 0.72890625 0.02199317466803503 0.0203125
13 0.49947976600907323 0.7953125 0.06629768657189175 0.115625
13 0.7586547781093216 0.8296875 0.0852567648307228 0.1515625
13 0.8212320461614985 0.81640625 0.06007495764913058 0.1203125
13 0.8697013624182771 0.8109375 0.08045109016268803 0.13125
13 0.9458775221573934 0.87734375 0.03953519867214013 0.08125
13 0.97421875 0.83046875 0.0515625 0.1546875
11 0.95625 0.84375 0.0875 0.3125
11 0.9484375 0.86171875 0.103125 0.2765625
11 0.86171875 0.83828125 0.1328125 0.3234375
11 0.8078125 0.8515625 0.1 0.296875
11 0.7546875 0.85078125 0.140625 0.2984375
11 0.5062701214934634 0.83671875 0.12843511397040128 0.321875
2 496.39459228515625 456.57904052734375 28.46234130859375 45.9239501953125
2 317.36590576171875 438.458251953125 24.217529296875 34.8458251953125
2 526.8305053710938 455.584716796875 21.254638671875 24.83355712890625
3 591.6494140625 560.8601684570312 22.055419921875 27.0919189453125
7 316.7084045410156 615.5009765625 18.792236328125 20.97705078125
2 631.4994506835938 442.9879150390625 8.50054931640625 44.457275390625