5 0.25625 0.7625 0.059375 0.0375
9 0.346875 0.52421875 0.021875 0.0171875
9 0.25703125 0.8140625 0.0171875 0.0203125
10 0.2125 0.8546875 0.071875 0.1078125
10 0.3296875 0.58828125 0.046875 0.1015625
10 0.5890625 0.55625 0.08125 0.09375
11 0.5640625 0.6640625 0.13125 0.309375
11 0.34140625 0.6609375 0.1515625 0.303125
11 0.25078125 0.86953125 0.1859375 0.2609375
10 0.91328125 0.7859375 0.1734375 0.428125
11 0.85625 0.7546875 0.2875 0.490625
2 145.538818359375 479.49609375 31.60247802734375 46.951416015625
7 212.6934814453125 493.41619873046875 33.11395263671875 27.9814453125
6 213.13214111328125 494.0904541015625 32.654296875 27.639892578125
7 355.8084716796875 487.428466796875 30.9659423828125 44.10760498046875
4 150.99537658691406 499.2410888671875 22.557647705078125 15.438720703125
3 245.03128051757812 369.12725830078125 16.756072998046875 17.6639404296875