10 0.209375 0.25546875 0.41875 0.3671875
11 0.209375 0.21953125 0.41875 0.4390625
9 0.096875 0.12109375 0.19375 0.2421875
9 0.003125 0.75078125 0.00625 0.0234375
9 0.020660916182023925 0.711851825946866 0.020439765027114642 0.0221113573360908
9 0.0494080848981306 0.7388592212762753 0.023564765027114732 0.022147720003181704
9 0.10901943423420066 0.6975433306015485 0.026698855386194254 0.02374658267027261
9 0.09068706987101596 0.7602524159373211 0.02512726502711473 0.022165901336727068
9 0.17373591920708603 0.7186638052594125 0.02200226502711473 0.022129538669636163
9 0.14995298556206055 0.7783115252625942 0.026707945745273954 0.02530908267027243
9 0.1985041150505557 0.7582166539226854 0.023573855386194255 0.023710220003181702
9 0.27675638007767045 0.7354325872454132 0.025145445745273776 0.025290901336727067
9 0.41484375 0.8046875 0.0078125 0.025
9 0.37313595550783124 0.8194615945655956 0.028288626463433175 0.02845226400381797
9 0.3108359434075828 0.7858138479074134 0.031395445745273774 0.025363626670908877
9 0.2256660578689634 0.78914848058564 0.026717036104353477 0.026871582670272433
2 0.3866671903825207 0.7763383032304592 0.051853391490547907 0.05059998400699959
2 0.32044274756411306 0.7458610099061407 0.04400453005422929 0.044259077339272326
2 0.2840057986955813 0.6978507712444586 0.03616475897699054 0.03948067067154515
2 0.23531831382089177 0.7413831425843674 0.04400453005422929 0.0442590773392725
2 0.2065302384889268 0.7214069972549582 0.03774543969514958 0.04262385200509069
2 0.18251602156821817 0.6865325579249125 0.03458407825883114 0.03633748933799978
2 0.15956888007767045 0.7367961872613215 0.04243293969514959 0.04267839600572696
2 0.11547396731349213 0.6623143552673667 0.03614657825883114 0.036355670671545146
2 0.09715069330938694 0.7234609406031394 0.040879530054229285 0.0442227146721816
2 0.05820182279788222 0.7043842239417754 0.039298849336070064 0.04107953333863605
2 0.02400408479993472 0.6743154632797752 0.03772725897699045 0.03949885200509069
2 0.01015625 0.70859375 0.0203125 0.0453125
13 0.396875 0.85859375 0.04375 0.0828125
13 0.35234375 0.90546875 0.1328125 0.1890625
13 0.29398881099222135 0.8617860019096405 0.12282039734428025 0.16391814401654478
13 0.2726092355620605 0.7768842905792768 0.06758747579950324 0.06953179734245421
13 0.21192574473544265 0.8682092719207762 0.12446471057599666 0.17799882535009023
13 0.1299626724285398 0.8574450419319122 0.09775676483072289 0.15268974267981755
13 0.18896548858712273 0.7864507419239579 0.051944295081343836 0.06622498400699958
13 0.15555354576871502 0.755591640595185 0.06910452400410509 0.06173747867599957
13 0.10014388310273255 0.7460808279360485 0.08648292154477702 0.09474997334499946
13 0.06516891940347777 0.8496058172740483 0.09625789734428025 0.1636090613462721
13 0.028125 0.82421875 0.05625 0.1453125
13 0.017331383102732502 0.747044438613957 0.031477258976990455 0.039426126670908876
13 0.01484375 0.8296875 0.0296875 0.1625
11 0.3734375 0.86796875 0.090625 0.2640625
11 0.32734375 0.8703125 0.1828125 0.259375
11 0.2796875 0.85703125 0.178125 0.2859375
11 0.24921875 0.8375 0.1328125 0.325
11 0.19765625 0.85546875 0.1796875 0.2890625
11 0.16796875 0.84765625 0.1328125 0.3046875
11 0.14765625 0.834375 0.1140625 0.33125
11 0.1203125 0.85625 0.16875 0.2875
11 0.0796875 0.81953125 0.153125 0.3609375
11 0.06484375 0.84765625 0.1296875 0.3046875
11 0.04375 0.83984375 0.0875 0.3203125
11 0.02734375 0.8265625 0.0546875 0.346875
11 0.0265625 0.840625 0.053125 0.31875
9 0.6288359887835144 0.810124599260049 0.20411584913967823 0.1726760733609077
2 0.696875 0.5609375 0.434375 0.24375
10 0.62265625 0.915625 0.4078125 0.16875
11 0.709375 0.71953125 0.58125 0.5609375
2 118.65594482421875 450.7744140625 22.6036376953125 34.89453125
2 103.83943176269531 428.633544921875 21.100616455078125 32.5150146484375
2 189.06015014648438 463.9910888671875 27.70538330078125 44.99951171875
2 229.00723266601562 482.33984375 30.996673583984375 47.4873046875
2 2.7602767944335938 420.4015808105469 21.583515167236328 35.9366455078125
2 61.3697624206543 412.585693359375 21.187564849853516 37.64471435546875
2 168.25137329101562 435.91748046875 23.2862548828125 38.560302734375
2 24.45482635498047 439.026611328125 21.826507568359375 36.057373046875
2 138.711181640625 460.9632263183594 22.71075439453125 28.88720703125
2 47.035675048828125 450.9056701660156 26.266464233398438 40.13775634765625
4 189.68515014648438 484.29669189453125 21.39483642578125 13.6043701171875
3 474.52947998046875 577.041748046875 63.6455078125 45.4375
1 325.13970947265625 340.36279296875 181.52569580078125 119.52227783203125
2 312.77276611328125 279.2608642578125 242.90753173828125 286.99200439453125
3 510.23162841796875 515.3990478515625 100.4156494140625 124.202880859375
3 142.39727783203125 602.1593017578125 12.3603515625 17.9544677734375
4 229.10406494140625 504.9195556640625 22.955078125 14.7540283203125
4 49.25511169433594 468.65869140625 19.854232788085938 12.02154541015625