11 0.19722289530117676 0.21796875 0.03800906010845857 0.0875
9 0.13193982552835665 0.5515625 0.0470477168225127 0.0296875
9 0.32355865720503346 0.78359375 0.0439227168225127 0.0296875
10 0.0515625 0.5703125 0.103125 0.1625
10 0.3519694826351943 0.86875 0.15867608411256384 0.1484375
2 0.3721325125912277 0.76015625 0.1253636143631846 0.0625
5 0.17664833753040926 0.52109375 0.08158634328594587 0.0578125
11 0.10859375 0.6640625 0.2171875 0.36875
11 0.2453125 0.85078125 0.409375 0.2984375
13 0.9884740883159762 0.86796875 0.022193162567786827 0.0546875
5 0.9910996394474443 0.81953125 0.01572499394987581 0.0171875
11 0.9640625 0.89140625 0.071875 0.1734375