8 0.2359375 0.41796875 0.1875 0.1015625
5 0.21328125 0.221875 0.2328125 0.20625
11 0.16484375 0.284375 0.3296875 0.36875
9 0.8987359192070861 0.3428849959929793 0.04085225897699054 0.039298849336070064
5 0.6177762898167867 0.4256282765381879 0.06911361436318461 0.06289997579950324
5 0.9021745365953329 0.28899692671113847 0.047093168617910665 0.03777271077238851
10 0.87109375 0.41328125 0.1234375 0.1109375
11 0.68203125 0.43046875 0.2234375 0.0765625
11 0.8875 0.36953125 0.165625 0.1984375
11 0.18984375 0.734375 0.2796875 0.53125
11 0.04609375 0.734375 0.0921875 0.53125
11 0.01640625 0.48125 0.0171875 0.025
10 0.01640625 0.48125 0.0171875 0.025
8 0.00859375 0.56875 0.0171875 0.09375
8 0.2953125 0.52734375 0.06875 0.1171875
10 0.20859375 0.7640625 0.2421875 0.471875
10 0.03671875 0.8015625 0.0734375 0.390625
9 0.5973097745932803 0.7265963997801672 0.08305793969514959 0.04266928903121965
9 0.9018154674116878 0.7596190198006927 0.0955033975406721 0.033367011903856714
2 0.353125 0.5578125 0.046875 0.090625
2 0.5978779220357564 0.6289401497801672 0.17081246974937905 0.08692834913967822
2 0.9140205516224474 0.6760934474937897 0.1520261083130606 0.08056926483072288
13 0.88125 0.89453125 0.2375 0.2109375
13 0.59140625 0.8734375 0.3140625 0.253125
13 0.38125 0.84453125 0.103125 0.3109375
11 0.8640625 0.81171875 0.271875 0.3765625
11 0.6015625 0.78515625 0.4 0.4296875
2 335.911376953125 376.2681884765625 430.42340087890625 487.9058837890625
2 537.9107666015625 410.080322265625 627.2562255859375 507.6949462890625
5 558.6251220703125 176.2523651123047 592.7315673828125 229.0166473388672
3 314.34527587890625 525.568115234375 349.09820556640625 569.17578125
4 346.23052978515625 428.2964172363281 423.18450927734375 451.7702331542969
4 544.224365234375 451.35247802734375 616.93359375 475.0390625
3 5.061397552490234 502.5247802734375 48.208648681640625 541.2109375
4 561.141357421875 194.4857177734375 590.66796875 209.82489013671875
0 218.43991088867188 514.4681396484375 241.56338500976562 541.7535400390625