13 0.46484375 0.2748520925985748 0.1046875 0.26467155405833437
13 0.246875 0.2399902375069681 0.0671875 0.17226588544042354
9 0.47109375 0.1233259540348933 0.03125 0.0439318071815924
9 0.24140625 0.12589592125018947 0.0078125 0.026607951795398054
2 0.25859375 0.09162091520006524 0.046875 0.06746021077238851
2 0.46796875 0.05299527331673404 0.0421875 0.05805793969514968
11 0.44921875 0.384375 0.1484375 0.76875
11 0.25078125 0.325 0.0921875 0.65
8 0.23671875 0.8671875 0.4734375 0.196875
10 0.275 0.94609375 0.55 0.1078125
11 0.275 0.884375 0.55 0.23125
9 0.7859375 0.9276993157657994 0.046875 0.07058521077238851
2 0.7671875 0.81796875 0.121875 0.0984375
11 0.7265625 0.884375 0.228125 0.23125
2 453.908203125 493.50872802734375 527.9785766601562 600.7461547851562
6 274.09735107421875 440.44512939453125 318.13385009765625 492.51873779296875