13 0.30546875 0.04140625 0.1109375 0.0828125
11 0.26796875 0.07265625 0.1078125 0.1453125
11 0.4625 0.07890625 0.125 0.1578125
11 0.309375 0.15 0.146875 0.3
11 0.86328125 0.15 0.2734375 0.3
10 0.928125 0.19609375 0.14375 0.2078125
8 0.94765625 0.07421875 0.1046875 0.1484375
11 0.37904732192873053 0.5918679175377564 0.031886346674090585 0.0548693071815924
13 0.7157286145767314 0.8285714693565955 0.028597714672181595 0.040788626463433175
11 0.7173002052435041 0.8277993097156753 0.034956802673454315 0.05019998789975162
7 307.76788330078125 72.92649841308594 20.715087890625 25.83856201171875
6 308.212646484375 73.58547973632812 21.220703125 25.6605224609375