8 0.275 0.34296875 0.55 0.2515625
5 0.2953125 0.10390625 0.509375 0.2078125
11 0.275 0.234375 0.55 0.46875
2 0.571875 0.075 0.04375 0.040625
2 0.9890625 0.12265625 0.021875 0.0453125
2 0.9602996122218854 0.11300243140553032 0.033030668617910666 0.0376908975406721
2 0.9229996001216371 0.07884560002344117 0.04558521077238851 0.04713862041330898
2 0.8103632447354426 0.1029376058771736 0.02989657825883114 0.0361102168225127
2 0.791063798891973 0.06320748536566878 0.03302157825883114 0.0361283975406721
2 0.7367257568356911 0.13773985275391568 0.034538626463432996 0.02832498789975162
9 0.559375 0.11484375 0.01875 0.0234375
9 0.9079376815037261 0.11643195843469752 0.01258181323171641 0.014135222872636887
9 0.9640104195016737 0.14657345550783116 0.01886817466803521 0.020421584308955333
9 0.98984375 0.1671875 0.0203125 0.021875
13 0.9636604406771083 0.20672970550783126 0.05384313836728971 0.12374657220870695
13 0.9145235039088249 0.19295355181883922 0.07421927088084708 0.13480224687674197
13 0.8204689768796577 0.24584272336361632 0.03485678903121965 0.08301248789975162
13 0.787983729806524 0.18978362090428824 0.06811471662612104 0.15976588544042353
13 0.7283723804704538 0.23075405454931372 0.04772949375348414 0.1471477107723885
13 0.58046875 0.19375 0.0609375 0.159375
11 0.590625 0.259375 0.08125 0.41875
11 0.7273593263139236 0.27060234972885355 0.06582602966144577 0.30349770472226434
11 0.775 0.25390625 0.1125 0.4296875
11 0.8117479618525429 0.2677677203385542 0.08337714402463056 0.36609769867214015
11 0.90546875 0.259375 0.1015625 0.41875
11 0.959375 0.27890625 0.071875 0.3796875
11 0.97734375 0.284375 0.0453125 0.36875
5 0.025929157401425186 0.5188812893258073 0.03453862646343313 0.02832498789975162
9 0.022640530937992075 0.5470244700439666 0.018831813231716545 0.014171584308955331
10 0.01328125 0.58671875 0.0265625 0.0921875
11 0.0453125 0.61015625 0.090625 0.2171875
5 0.7469285003927835 0.7169854285768599 0.2805066740788599 0.410993083916172
11 0.771875 0.746875 0.44375 0.50625
8 0.7015625 0.96875 0.19375 0.0625
2 353.08123779296875 35.483970642089844 26.3818359375 45.102333068847656
2 574.7694091796875 37.25250244140625 30.58251953125 44.1937255859375
3 513.1988525390625 157.0928955078125 21.10546875 26.407928466796875
2 603.1800537109375 59.97666931152344 21.30126953125 27.31011962890625
2 495.54058837890625 28.323028564453125 22.317626953125 40.566619873046875
3 377.50732421875 162.87139892578125 13.9171142578125 21.30718994140625
2 459.8653564453125 78.71001434326172 25.22100830078125 22.457305908203125
2 626.7431640625 60.937744140625 13.2568359375 58.23722839355469
0 611.7785034179688 174.189208984375 18.901123046875 26.9761962890625
2 0.7909793853759766 321.7203063964844 25.905902862548828 33.49530029296875
3 469.392578125 165.22708129882812 13.848876953125 25.252685546875
2 507.06610107421875 51.67697525024414 23.073974609375 26.61703109741211
4 353.76812744140625 57.714561462402344 21.12933349609375 12.244155883789062
2 589.317626953125 16.544841766357422 15.1107177734375 21.969005584716797
5 1.033426284790039 321.4129638671875 25.396425247192383 33.8480224609375