11 0.1796875 0.10234375 0.359375 0.2046875
2 0.7472714723816576 0.20078125 0.03936248184962743 0.0515625
2 0.5827817255049156 0.12734375 0.07080337939029935 0.084375
13 0.54609375 0.240625 0.1640625 0.078125
9 0.7459498668972675 0.2421875 0.029869307181592218 0.03125
11 0.540625 0.13984375 0.30625 0.2796875
11 0.73671875 0.1890625 0.2203125 0.18125
8 0.4828125 0.6015625 0.246875 0.225
10 0.50390625 0.8578125 0.2890625 0.284375
10 0.88359375 0.88359375 0.2328125 0.2328125
5 0.5133817648307228 0.3890625 0.2901260720123153 0.1828125
11 0.58828125 0.64140625 0.4578125 0.7171875
11 0.7859375 0.63984375 0.428125 0.7203125
2 227.9962921142578 216.01702880859375 177.33335876464844 288.593505859375