11 0.2921875 0.3046875 0.04375 0.028125
10 0.5953125 0.11171875 0.125 0.2234375
11 0.60859375 0.159375 0.2796875 0.31875
2 0.12109375 0.359375 0.2421875 0.08125
9 0.13828125 0.46171875 0.1984375 0.2859375
13 0.22734375 0.7015625 0.3640625 0.596875
11 0.2046875 0.659375 0.409375 0.68125
8 0.5218788313971789 0.5556205546228657 0.12020450668363551 0.12638178134945371
8 0.82734375 0.3671875 0.1484375 0.096875
9 0.5874385547024075 0.34779841661363886 0.0458215773392725 0.044277258672817864
9 0.6924640514003606 0.5770762892664122 0.07745338534372692 0.07745338534372674
5 0.6796875 0.3875 0.184375 0.1375
5 0.52109375 0.3828125 0.1328125 0.128125
10 0.775 0.7828125 0.325 0.434375
10 0.87421875 0.659375 0.2515625 0.68125
10 0.55546875 0.79453125 0.2859375 0.4109375
11 0.55546875 0.3609375 0.1140625 0.084375
11 0.56953125 0.659375 0.3203125 0.68125
11 0.71796875 0.659375 0.4859375 0.68125
11 0.8578125 0.659375 0.284375 0.68125
5 385.73529052734375 206.71453857421875 112.1903076171875 184.50933837890625
3 265.30841064453125 486.1092529296875 79.6094970703125 87.4683837890625
3 400.1131896972656 38.992210388183594 22.52752685546875 30.760650634765625
3 385.20294189453125 497.85675048828125 52.074462890625 65.222900390625
1 295.33538818359375 295.8101806640625 73.96954345703125 68.884521484375
4 401.76947021484375 295.7672424316406 75.9593505859375 47.66259765625
2 0.32171630859375 204.5182647705078 145.12576293945312 146.08848571777344
3 555.6861572265625 376.6070556640625 46.77685546875 34.833251953125
5 279.70416259765625 210.42462158203125 105.96466064453125 181.30804443359375