8 0.39140625 0.084375 0.2546875 0.16875
10 0.2890625 0.2578125 0.459375 0.384375
11 0.259375 0.225 0.51875 0.45
9 0.9872433864223822 0.119215691836449 0.009438632513557366 0.010992042154477666
2 0.9857899707313376 0.10045660147736939 0.022074987899751618 0.03450226502711473
11 0.97890625 0.19140625 0.0421875 0.2171875
10 0.8490030430382405 0.11137994505790286 0.03157725292686635 0.056431807181592394
2 0.8406456423743105 0.07070494808296494 0.01731476502711473 0.021974993949875808
11 0.8542354437021704 0.15203676131468152 0.06672493344863355 0.18944429508134383
8 0.29921875 0.64765625 0.4390625 0.3359375
5 0.2875 0.47109375 0.4625 0.0421875
10 0.259375 0.85703125 0.51875 0.2859375
11 0.259375 0.725 0.51875 0.55
5 533.5548095703125 43.73665237426758 545.3614501953125 57.20088577270508
5 444.51220703125 419.00628662109375 515.4685668945312 538.0781860351562