11 0.5390625 0.2910997821955286 0.0203125 0.03136817466803503
13 0.5421875 0.29424296291368784 0.0109375 0.020376132513557365
10 0.809375 0.39296875 0.38125 0.0921875
8 0.76171875 0.24453125 0.2859375 0.3890625
11 0.809375 0.21953125 0.38125 0.4390625
8 0.3078125 0.6616481106507516 0.509375 0.3310884570599555
5 0.34765625 0.4734375 0.4640625 0.06875
10 0.309375 0.86328125 0.61875 0.2734375
11 0.309375 0.71953125 0.61875 0.5609375
10 0.7625 0.6 0.24375 0.321875
10 0.87421875 0.490625 0.1046875 0.103125
2 0.68203125 0.50078125 0.1265625 0.1234375
9 0.62734375 0.57890625 0.0171875 0.0703125
11 0.809375 0.71953125 0.38125 0.5609375
11 0.69140625 0.71953125 0.1453125 0.5609375