11 0.43359375 0.2140625 0.2703125 0.428125
2 0.9578125 0.028125 0.084375 0.05625
9 0.9562192255049154 0.11937358861056376 0.05500566256778683 0.05500566256778665
9 0.6864788972460844 0.0850041755517978 0.058176114363184796 0.06283634328594587
13 0.67890625 0.3 0.2203125 0.440625
10 0.92421875 0.32578125 0.1515625 0.4078125
11 0.86171875 0.26484375 0.2765625 0.5296875
11 0.7 0.26484375 0.2625 0.5296875
9 0.54296875 0.57578125 0.0515625 0.0921875
10 0.48515625 0.79921875 0.1671875 0.4015625
11 0.44609375 0.76484375 0.2453125 0.4703125
5 0.72265625 0.7375 0.3078125 0.234375
11 0.784375 0.80703125 0.43125 0.3859375
3 576.7821655273438 206.86941528320312 637.9600219726562 269.2062072753906
2 589.76904296875 0.20972442626953125 640.0 96.75847625732422
3 475.41796875 207.45523071289062 532.84423828125 268.0984802246094
4 594.3873291015625 25.908058166503906 638.8907470703125 57.881744384765625
4 416.417236328125 1.2831878662109375 467.58831787109375 29.583316802978516
3 259.78143310546875 346.3938293457031 311.0323486328125 441.0680847167969
3 488.4566345214844 590.4542236328125 547.2081298828125 639.5604248046875
2 408.08624267578125 0.0 473.95330810546875 67.73760986328125