2 0.15794378932580733 0.06484375 0.08962610226293624 0.096875
9 0.15334667203575636 0.18359375 0.05504202400410509 0.0609375
9 0.38125 0.2859375 0.015625 0.059375
10 0.36484375 0.43203125 0.0484375 0.2765625
13 0.1375 0.390625 0.2125 0.41875
11 0.159375 0.30546875 0.31875 0.5890625
11 0.32265625 0.34453125 0.1328125 0.5109375
9 0.4089517774219506 0.16484375 0.023692030054229284 0.04375
9 0.546819416083828 0.2359375 0.01580680718159222 0.03125
13 0.40625 0.31953125 0.034375 0.3046875
2 0.53474666296057 0.1625 0.05684087334017516 0.1015625
2 0.4140625 0.08203125 0.05 0.0859375
13 0.5719825216664141 0.3421875 0.11887830678880888 0.290625
11 0.41640625 0.31640625 0.0546875 0.5671875
11 0.56328125 0.35625 0.1515625 0.4875
12 0.7544899737563997 0.71953125 0.026798849336070064 0.040625
13 0.86640625 0.7640625 0.1984375 0.328125
11 0.86484375 0.8 0.2171875 0.4
2 70.71356201171875 7.597442626953125 60.4683837890625 125.5634765625
2 247.68569946289062 23.055683135986328 35.16748046875 100.97628402709961
2 323.9503173828125 71.70353698730469 51.4525146484375 78.9891357421875
4 72.82853698730469 62.64809036254883 49.562713623046875 33.52816390991211
1 72.32929992675781 62.133697509765625 49.4727783203125 29.862579345703125
3 369.0624084472656 246.76271057128906 23.84716796875 40.48948669433594
3 367.1109619140625 272.60052490234375 28.6053466796875 35.4744873046875