11 0.3796875 0.25 0.159375 0.4375
10 0.7296875 0.321875 0.540625 0.29375
11 0.7296875 0.234375 0.540625 0.46875
9 0.75234375 0.12265625 0.3890625 0.2453125
5 0.05390625 0.5895867582896195 0.0359375 0.02677157825883114
10 0.04921875 0.6567469872123806 0.0734375 0.10823974687674198
11 0.04921875 0.69375 0.0984375 0.365625
2 0.9578125 0.61640625 0.084375 0.1921875
9 0.97734375 0.7336185594210876 0.034375 0.06582498789975162
2 585.6881713867188 336.1087646484375 54.31182861328125 155.64215087890625
1 600.5824584960938 419.77545166015625 37.4569091796875 61.6151123046875
5 16.745559692382812 367.7359619140625 32.91191864013672 30.5821533203125