9 0.47421875 0.14473317867505578 0.0234375 0.022011355386194253
5 0.61640625 0.03374970599881055 0.0328125 0.029878397540672008
5 0.46953125 0.10726044975229465 0.0390625 0.033039758976990366
5 0.3015625 0.11292516335335354 0.209375 0.17309310811666875
11 0.1890625 0.17451716920708601 0.0765625 0.1160704275949012
11 0.4859375 0.225 0.171875 0.2875
11 0.63125 0.1563195975875542 0.128125 0.2960579094445287
11 0.753125 0.21328125 0.053125 0.2703125
11 0.34921875 0.184375 0.6984375 0.36875
10 0.63828125 0.1687786909716959 0.0859375 0.16299996974937897
10 0.471875 0.16349681421367518 0.06875 0.06289997579950324
8 0.6265625 0.06806561866479308 0.0265625 0.023592036104353474
5 289.3341064453125 60.2480354309082 26.3037109375 41.813777923583984
5 385.0975646972656 15.252113342285156 24.80419921875 37.8837890625
4 292.3070068359375 77.87464904785156 21.516357421875 12.75262451171875