13 0.01015625 0.22734375 0.0203125 0.1328125
13 0.01875 0.18817599339590618 0.0359375 0.08010567067154532
13 0.059375 0.25625 0.11875 0.203125
13 0.12421875 0.20502823341022366 0.05 0.10839430267345414
13 0.153125 0.2389583380808144 0.0953125 0.137046561346272
13 0.2484375 0.2455361494270866 0.0703125 0.1258181600095451
13 0.28984375 0.2858617047660409 0.103125 0.15119996801399935
13 0.33515625 0.2640625 0.0484375 0.11875
2 0.303125 0.16882874610117718 0.046875 0.05054544000636341
2 0.275 0.1458452320973591 0.0375 0.04262385200509069
2 0.16875 0.1305464014162689 0.0359375 0.03948067067154524
2 0.15234375 0.11941799741404173 0.0296875 0.03315794533736351
2 0.096875 0.11877256007317846 0.053125 0.05374316534054513
2 0.0234375 0.12260553739654254 0.021875 0.028379538669636252
2 0.01171875 0.10859375 0.0234375 0.0421875
2 0.00390625 0.0875 0.0078125 0.01875
9 0.015625 0.13188963072881532 0.00625 0.009447725334181811
9 0.0046875 0.14765625 0.009375 0.0140625
9 0.08984375 0.17103449407222399 0.0203125 0.026798857336090796
9 0.1671875 0.1664657200827234 0.01875 0.017405676002545434
9 0.27265625 0.18644296009704106 0.015625 0.01424431333545435
9 0.3 0.21566738343408626 0.01875 0.020530676002545434
11 0.00390625 0.0953125 0.0078125 0.0375
11 0.02109375 0.21015625 0.0421875 0.2078125
11 0.0203125 0.240625 0.040625 0.3125
11 0.1 0.20474642274026938 0.0328125 0.08788180800445425
11 0.06875 0.3125 0.1375 0.459375
11 0.12109375 0.24561687074313285 0.0921875 0.29482269867918126
11 0.1484375 0.29281004408017813 0.1375 0.36566245735199915
11 0.246875 0.26036171809354114 0.0984375 0.2777079240133631
11 0.2828125 0.34921875 0.153125 0.4203125
11 0.32421875 0.303125 0.0703125 0.2875
9 0.16875 0.61015625 0.228125 0.1015625
10 0.1796875 0.66953125 0.359375 0.2203125
11 0.1796875 0.690625 0.359375 0.2625
9 0.06328125 0.94921875 0.1265625 0.1015625
5 0.0875 0.78984375 0.175 0.1484375
11 0.1796875 0.83671875 0.359375 0.3265625
10 0.85859375 0.6171827880728603 0.015625 0.02518181333545435
5 0.86328125 0.5953623320734966 0.0125 0.012645450668363622
11 0.85625 0.6093430160725422 0.0328125 0.04725680800445442
2 179.6373748779297 97.42628479003906 206.56358337402344 141.72373962402344
2 165.09112548828125 84.34480285644531 186.50775146484375 125.87445068359375
1 99.1280517578125 91.36599731445312 115.21975708007812 106.84848022460938
2 179.69110107421875 97.56742858886719 206.625732421875 123.85641479492188
2 87.9061508178711 71.74459838867188 117.41141510009766 112.85739135742188
2 42.49964904785156 63.01445007324219 74.42448425292969 121.341796875
2 0.0 50.31733322143555 13.211835861206055 106.04499816894531
4 181.38369750976562 120.37306213378906 202.55654907226562 132.22117614746094
2 43.218788146972656 62.73484802246094 74.61351776123047 101.45037841796875