8 0.4703125 0.4430183679185493 0.0890625 0.07916133601209055
8 0.25703125 0.55625 0.0796875 0.046875
8 0.02265625 0.375 0.0453125 0.05
8 0.3640625 0.0419109485996394 0.0640625 0.0648079346753633
8 0.1078125 0.1378614373010924 0.0578125 0.0709852093411815
8 0.39921875 0.36572061859486693 0.059375 0.06319089067472686
8 0.5265625 0.0954888399109132 0.053125 0.05530566534054522
5 0.51328125 0.02421875 0.0859375 0.0484375
5 0.4 0.26805527792809425 0.09375 0.08859088001272682
5 0.47578125 0.3413922332511401 0.1078125 0.08094201201463562
5 0.0125 0.2828125 0.025 0.053125
5 0.128125 0.03515625 0.096875 0.0703125
10 0.52109375 0.2953125 0.1171875 0.35
10 0.48671875 0.525 0.1859375 0.109375
10 0.3796875 0.46204163526418507 0.1046875 0.16840564934754454
10 0.1671875 0.3332642966263655 0.15 0.33924540802036257
10 0.0171875 0.2625 0.034375 0.246875
10 0.0484375 0.43777107797581927 0.0890625 0.07603633601209055
10 0.04296875 0.51484375 0.0859375 0.1296875
5 0.26015625 0.46812000728041153 0.08125 0.0650079293443632
11 0.053125 0.22578125 0.10625 0.4515625
11 0.07578125 0.4125 0.1515625 0.334375
11 0.0734375 0.44140625 0.146875 0.2765625
11 0.10234375 0.1 0.2046875 0.2
11 0.15 0.28984375 0.26875 0.5796875
11 0.26015625 0.5015625 0.2109375 0.15625
11 0.4609375 0.4359375 0.2375 0.2875
11 0.38046875 0.3925012945974123 0.178125 0.33957267202418073
11 0.3453125 0.190625 0.2375 0.38125
11 0.33203125 0.12109375 0.2640625 0.2421875
11 0.49765625 0.28984375 0.1640625 0.5796875
8 0.953125 0.28984375 0.09375 0.2421875
11 0.896875 0.28984375 0.20625 0.5796875
8 0.34453125 0.71875 0.4703125 0.278125
10 0.28984375 0.903125 0.5796875 0.19375
11 0.28984375 0.78984375 0.5796875 0.4203125
5 268.44775390625 194.63986206054688 69.9859619140625 111.13607788085938
3 127.06695556640625 66.48429870605469 30.169891357421875 49.271820068359375
5 55.60664367675781 2.2866744995117188 54.91773986816406 62.527259826660156
4 270.77972412109375 240.8488006591797 66.0589599609375 30.569595336914062
5 228.45205688476562 141.23013305664062 57.63916015625 108.638671875
4 0.07822608947753906 190.6441192626953 27.45449447631836 27.528167724609375
2 376.88604736328125 431.711669921875 75.5968017578125 95.74676513671875
5 0.0 162.61331176757812 32.878501892089844 76.63330078125