10 0.1546875 0.43125 0.309375 0.2375
11 0.1546875 0.275 0.309375 0.55
9 0.215625 0.234375 0.1875 0.371875
8 0.89296875 0.075 0.2140625 0.15
8 0.3375 0.16015625 0.05625 0.2078125
10 0.403125 0.41953125 0.1875 0.2609375
10 0.83046875 0.35390625 0.3390625 0.3921875
11 0.446875 0.275 0.275 0.55
11 0.703125 0.275 0.59375 0.55
9 0.21484375 0.5888600504440971 0.0421875 0.07055793969514959
13 0.21171875 0.7904043697259379 0.1671875 0.3306601684215192
11 0.196875 0.775 0.225 0.45
2 0.5171875 0.7447777314568439 0.03125 0.028306807181592397
13 0.52265625 0.8034032977136226 0.075 0.056686337235821685
11 0.534375 0.7894089754067197 0.1109375 0.12564541549465283