11 0.096875 0.45234375 0.19375 0.1546875
11 0.15625 0.4140625 0.153125 0.23125
10 0.15565718588452065 0.41701672395279143 0.06470791549465282 0.11131020472226431
10 0.06796875 0.48984375 0.0703125 0.0796875
10 0.021875 0.4453125 0.04375 0.16875
9 0.1725583395735127 0.3676979800029157 0.023555674668035032 0.020448855386194252
9 0.10583899306611304 0.4485576154433392 0.012581813231716588 0.014135222872636887
2 0.18325949023744262 0.32700934748935834 0.040888620413308985 0.04554884933607006
2 0.10331343588452065 0.4173212509819587 0.05507838544042354 0.06750566256778648
2 0.0203125 0.2921875 0.040625 0.08125
12 0.5250788306947182 0.10367340408177546 0.05833065046753827 0.08939884328594587
12 0.7140095204880637 0.07991722063314173 0.031586343285945874 0.057994307181592396
12 0.8633737162333375 0.10404909134103821 0.02836134933607006 0.040788626463433175
12 0.990625 0.15859375 0.01875 0.0390625
12 0.9625424692583996 0.09487810353948252 0.014217036104353653 0.026644313231716586
12 0.9311288427949667 0.06693491072107491 0.014198855386194253 0.023519313231716587
12 0.9498652072563472 0.06448207641211949 0.00791249394987581 0.017232951795398143
12 0.009375 0.71796875 0.01875 0.0734375
12 0.26478168012898406 0.7358626936039745 0.030023843285945873 0.057985216822512696
12 0.3961498547970191 0.7554116034412867 0.025272710772388508 0.047020445745273774
10 0.11843742437344744 0.559364346998379 0.014217036104353476 0.026644313231716586
11 0.11615276170746495 0.5695342325369984 0.026989746876741983 0.07359203610435347
12 0.509375 0.78984375 0.140625 0.4203125
10 0.81484375 0.61796875 0.3703125 0.1765625
11 0.65234375 0.7265625 0.3578125 0.39375
11 0.74609375 0.76484375 0.5078125 0.4703125
11 0.88203125 0.76484375 0.2359375 0.4703125