2 0.77089077956325 0.15078125 0.03458407825883114 0.0359375
2 0.8576640717177277 0.16015625 0.037727258976990544 0.0390625
2 0.9498970235131257 0.16796875 0.039280668617910665 0.0375
2 0.7170845235131258 0.16796875 0.03615566861791084 0.0375
2 0.49651749345889645 0.12421875 0.03614657825883114 0.0359375
2 0.5510913639704013 0.1046875 0.03303066861791084 0.0375
2 0.8156583788993201 0.19140625 0.039307939695149584 0.0421875
2 0.5833589633064713 0.1453125 0.03460225897699054 0.0390625
2 0.6794708940246306 0.1484375 0.03303066861791084 0.0375
2 0.8853214391059744 0.2140625 0.040843168617910666 0.0375
2 0.6457544241770556 0.12734375 0.03303066861791084 0.0375
2 0.43736975243588694 0.16328125 0.04737496974937905 0.0859375
2 0.6240975927949666 0.16484375 0.03619203005422929 0.04375
2 0.9673572342855141 0.21484375 0.047129530054229464 0.04375
9 0.9566606288011241 0.25625 0.02509999394987581 0.0171875
9 0.9422845114128773 0.20234375 0.02200226502711473 0.021875
9 0.8761555173648057 0.25 0.02041249394987581 0.0171875
9 0.8523998547970191 0.1953125 0.02667158430895533 0.01875
9 0.8096447282353901 0.23203125 0.028252265027114733 0.021875
9 0.766416903001621 0.1875 0.023555674668035032 0.0203125
9 0.7126333728491959 0.20859375 0.02981476502711473 0.021875
9 0.6749833819243822 0.1828125 0.023546584308955332 0.01875
9 0.6443782765381878 0.159375 0.020430674668035033 0.0203125
9 0.6204322373105764 0.20625 0.026707945745273777 0.025
9 0.5765186108471433 0.178125 0.022011355386194253 0.0234375
9 0.5473941922292325 0.140625 0.023564765027114732 0.021875
9 0.5266367855151783 0.1984375 0.023564765027114732 0.021875
9 0.4920617976154267 0.1640625 0.02512726502711473 0.021875
9 0.4615066892041703 0.14921875 0.01884999394987581 0.0171875
9 0.43672940300162094 0.1875 0.02200226502711473 0.021875
9 0.39765625 0.16484375 0.0171875 0.0203125
2 0.4046875 0.1234375 0.03125 0.0375
2 0.44192998740877226 0.14140625 0.03928066861791084 0.0375
2 0.4659760205862595 0.11171875 0.033003397540672094 0.0328125
2 0.533436231358648 0.15859375 0.03928975897699054 0.0390625
13 0.4046875 0.23203125 0.03125 0.1453125
13 0.43046875 0.265625 0.0828125 0.159375
13 0.4648180415653025 0.18125 0.029932939695149586 0.0421875
13 0.4760827944921687 0.2375 0.07585449375348415 0.146875
13 0.5161401679305397 0.27421875 0.08994426483072289 0.1515625
13 0.5374697463857627 0.18046875 0.0628545240041051 0.0609375
13 0.5699009721852659 0.24921875 0.07415563836728971 0.1234375
13 0.6169441438282389 0.278125 0.10085449375348396 0.146875
13 0.6484708788993201 0.19140625 0.026707945745273777 0.025
13 0.6634418939264346 0.21328125 0.059674981849627426 0.0515625
13 0.7005197131100795 0.275 0.09453177088084708 0.134375
13 0.7574736950579029 0.26171875 0.08040563836728971 0.1234375
13 0.8511055203898679 0.24140625 0.03299430718159222 0.03125
13 0.9277680143397437 0.25859375 0.05200792759490121 0.0765625
13 0.9515625 0.3359375 0.096875 0.146875
13 0.8773958304983264 0.32890625 0.08995335518980241 0.153125
11 0.9265625 0.27734375 0.13125 0.2640625
11 0.9375 0.3 0.125 0.21875
11 0.87109375 0.3015625 0.1203125 0.215625
11 0.83359375 0.27421875 0.0953125 0.2703125
11 0.8 0.2875 0.13125 0.24375
11 0.74609375 0.26875 0.1203125 0.28125
11 0.69609375 0.275 0.1421875 0.26875
11 0.65546875 0.26640625 0.1078125 0.2859375
11 0.6467038458200287 0.15625 0.04901928298109546 0.1
11 0.6046875 0.27265625 0.146875 0.2734375
11 0.56171875 0.265625 0.1046875 0.2875
11 0.5427339633064714 0.1453125 0.07414654800821019 0.121875
11 0.5140625 0.2703125 0.1375 0.278125
11 0.46953125 0.2546875 0.1109375 0.309375
11 0.4375 0.24921875 0.096875 0.3203125
11 0.4359375 0.26328125 0.09375 0.2921875
11 0.41953125 0.25703125 0.0609375 0.3046875
11 0.04907084259857477 0.76640625 0.015779536104353474 0.0265625
11 0.3422441256778662 0.8015625 0.020530668617910842 0.0375
2 363.23486328125 82.9755859375 383.5633544921875 119.1778564453125
2 387.5822448730469 93.58755493164062 410.7546081542969 134.37362670898438
2 330.3433837890625 91.07832336425781 351.807861328125 133.17979431152344
2 603.6124877929688 124.92280578613281 633.4597778320312 171.6738739013672
2 538.185546875 93.04541015625 560.865966796875 132.07130432128906
2 482.3851318359375 88.07615661621094 504.1925048828125 127.55180358886719
2 595.873291015625 98.01422119140625 619.505126953125 138.60513305664062
2 330.65753173828125 90.96318054199219 351.76214599609375 118.96342468261719
2 510.2652587890625 110.72572326660156 533.1336669921875 139.63284301757812
2 291.7640075683594 61.737579345703125 307.8381652832031 82.62443542480469
2 424.9188232421875 85.23929595947266 445.373291015625 120.38860321044922
2 447.92425537109375 98.01814270019531 470.697021484375 137.24961853027344
2 404.93756103515625 71.08305358886719 423.30169677734375 110.52223205566406
2 305.115966796875 68.02548217773438 328.063720703125 108.236572265625
2 554.2012939453125 126.67767333984375 577.4478759765625 168.01864624023438
4 538.7935791015625 110.26675415039062 557.9893798828125 119.72515869140625
4 596.5452880859375 113.14456176757812 617.5341796875 123.48980712890625
4 605.1348876953125 146.99713134765625 628.8778076171875 157.82720947265625
4 363.7791748046875 99.05094909667969 382.490234375 109.08857727050781
4 306.71795654296875 86.52587890625 326.91693115234375 101.00668334960938
4 330.78448486328125 112.7545394897461 350.51666259765625 122.02161407470703