11 0.50234375 0.69765625 0.1546875 0.6046875
11 0.36953125 0.771875 0.1640625 0.45625
11 0.28984375 0.56875 0.034375 0.0921875
11 0.38046875 0.57890625 0.015625 0.0578125
10 0.38046875 0.5921875 0.015625 0.03125
10 0.28515625 0.5875 0.0140625 0.0328125
5 0.29140625 0.53125 0.025 0.0265625
5 0.38125 0.5671875 0.0171875 0.01875
5 0.340625 0.5828125 0.0875 0.08125
5 0.2734375 0.65703125 0.1046875 0.0921875
5 0.1296875 0.534375 0.03125 0.0328125
5 0.121875 0.64140625 0.09375 0.0828125
5 0.05234375 0.50859375 0.028125 0.0265625
8 0.0484375 0.55625 0.025 0.0375
8 0.02265625 0.596875 0.0453125 0.1625
8 0.1328125 0.5765625 0.021875 0.025
8 0.1125 0.73125 0.0578125 0.08125
8 0.3515625 0.678125 0.059375 0.0890625
8 0.29921875 0.77421875 0.078125 0.1109375
10 0.5203125 0.81875 0.11875 0.3625
10 0.38203125 0.85703125 0.1078125 0.2859375
10 0.29453125 0.92265625 0.2078125 0.1546875
10 0.13515625 0.8796875 0.1546875 0.240625
10 0.06171875 0.6265625 0.0359375 0.06875
10 0.790625 0.853125 0.1234375 0.1296875
5 0.77421875 0.76484375 0.04375 0.021875
11 0.7828125 0.87578125 0.178125 0.2484375
11 0.7671875 0.37578125 0.128125 0.1515625
2 188.06448364257812 346.6923828125 248.01861572265625 459.2769775390625
0 241.66738891601562 558.6868286132812 286.6163024902344 612.1309204101562