5 0.13359375 0.1 0.2671875 0.2
11 0.2046875 0.1 0.409375 0.2
5 0.50234375 0.13046875 0.1140625 0.1390625
11 0.56328125 0.1265625 0.3078125 0.146875
12 0.38847110577897775 0.3130377510801545 0.011164758976990541 0.039126132513557364
2 0.40078125 0.2375 0.0171875 0.075
13 0.396875 0.325 0.025 0.19375
11 0.3921875 0.4484375 0.034375 0.496875
10 0.4718603226996863 0.32772346155795545 0.011073855386194254 0.023501132513557364
5 0.4704114521881816 0.30820130191703504 0.006286361436318444 0.006286361436318444
11 0.4718830485973854 0.32381721155795545 0.02054884933607006 0.04074317466803503