2 0.14296875 0.1640625 0.0953125 0.109375
11 0.1890625 0.15625 0.3 0.125
12 0.13515625 0.3965893579328667 0.2109375 0.23682948002863516
12 0.4015625 0.23125 0.05625 0.025
12 0.36640625 0.240625 0.0828125 0.04375
12 0.32734375 0.25546875 0.1109375 0.0734375
12 0.271875 0.29609375 0.16875 0.1546875
2 0.82265625 0.225 0.0296875 0.0125
13 0.82734375 0.2764575765834129 0.071875 0.053961341343090476
11 0.81328125 0.27109375 0.1046875 0.1046875
2 342.5306091308594 342.6898193359375 367.9789123535156 369.14630126953125