9 0.115625 0.0859375 0.196875 0.171875
13 0.2 0.3296875 0.4 0.659375
11 0.2171875 0.3296875 0.434375 0.659375
11 0.7317819705999576 0.29596440144949687 0.29400891740926927 0.5610476260706496
11 0.65 0.3296875 0.3 0.659375
13 0.6392773919478205 0.1894785729942739 0.2704783213717256 0.28436695140261464
13 0.784544438613957 0.19253941959986948 0.1372112880330894 0.24453177088084715
2 0.725 0.01171875 0.125 0.0234375
2 0.7150506459659561 0.05545303093799205 0.13077838001272662 0.09450449980360834
2 0.56640625 0.046875 0.1328125 0.09375
0 501.027587890625 169.54611206054688 540.864501953125 223.21920776367188
2 321.7436828613281 0.0 400.7673645019531 62.11836624145508
3 472.1417236328125 201.62759399414062 501.66241455078125 236.85269165039062
2 4.22991943359375 0.0 148.47085571289062 101.7491226196289
3 500.9600830078125 171.27891540527344 541.047607421875 223.7686004638672