2 0.25 0.02578125 0.075 0.0515625
9 0.35859375 0.02836497457832223 0.0265625 0.03780908267027261
9 0.225 0.06429447859645779 0.0203125 0.034611357336090796
13 0.16953125 0.1625 0.1671875 0.29375
13 0.38671875 0.16328125 0.1703125 0.2921875
11 0.3484375 0.1546875 0.296875 0.309375
11 0.14921875 0.1546875 0.2765625 0.309375
9 0.64453125 0.18359375 0.1890625 0.2515625
10 0.775 0.25 0.45 0.11875
11 0.775 0.1546875 0.45 0.309375
10 0.12734375 0.4546875 0.2546875 0.290625
10 0.45546875 0.46953125 0.1890625 0.3203125
11 0.20625 0.6546875 0.4125 0.690625
11 0.375 0.6546875 0.35 0.690625
13 0.6203125 0.6296875 0.140625 0.328125
9 0.6640625 0.4035558785805494 0.04375 0.0505090773392725
5 0.6875 0.33359375 0.08125 0.0484375
11 0.64296875 0.6546875 0.1859375 0.690625
3 193.4838409423828 265.2267761230469 44.348236083984375 48.01116943359375
3 409.0990295410156 217.51852416992188 37.22857666015625 63.54656982421875