9 0.02109375 0.13125 0.0421875 0.075
13 0.13203125 0.27265625 0.2640625 0.4328125
11 0.15546875 0.24453125 0.3109375 0.4890625
9 0.46640625 0.95625 0.0859375 0.0875
5 0.42578125 0.65859375 0.1671875 0.1796875
11 0.3356890777678519 0.7237859161820239 0.08038745764913058 0.12077610831306043
11 0.315625 0.76640625 0.3875 0.4671875
9 0.53359375 0.76640625 0.0484375 0.0671875
9 0.9048208728491959 0.8156178504162245 0.05653180113146803 0.04876475292686626
2 0.8947550055591449 0.6969223925707022 0.16970448770335977 0.1650442587805987
2 0.5640625 0.61171875 0.109375 0.1484375
10 0.63984375 0.8890625 0.2609375 0.221875
10 0.9015625 0.8984375 0.196875 0.203125
11 0.84296875 0.7984375 0.3140625 0.403125
11 0.66953125 0.75859375 0.3203125 0.4828125
2 539.3826904296875 397.562744140625 622.1531982421875 534.654541015625
2 326.36602783203125 354.56719970703125 395.2470703125 514.2177734375
3 471.02691650390625 585.3063354492188 515.7161254882812 635.2980346679688
4 547.1590576171875 481.8438720703125 615.1290283203125 505.0137939453125
2 0.1764984130859375 0.24700164794921875 52.98564147949219 108.92464447021484
1 326.6846923828125 426.4159851074219 387.71685791015625 462.2076721191406
5 225.0698699951172 378.59197998046875 325.32489013671875 517.1315307617188
1 0.122528076171875 18.82220458984375 34.674766540527344 55.16929626464844
4 326.4186706542969 428.46435546875 386.5526428222656 465.949462890625
4 0.0 17.707351684570312 35.929039001464844 67.72599029541016
4 244.25181579589844 421.89324951171875 324.777587890625 485.464599609375