8 0.33625916598563216 0.16735865417997137 0.033057939695149675 0.04237839754067192
8 0.31040519311299525 0.1800086451047851 0.014144313231716587 0.014144313231716587
8 0.24573363905466086 0.2850688498270494 0.03785452400410509 0.061155668617910844
8 0.04920861787922613 0.22605798507108119 0.03146816861791082 0.0376818071815924
2 0.04006996721529619 0.18548752722555895 0.04564884328594587 0.058076120413308986
2 0.12144268706287105 0.1639210785534188 0.04564884328594587 0.058076120413308896
2 0.23976544018612903 0.23666771126336786 0.059838608313060426 0.08003293364502548
2 0.4158375816766767 0.18564504586691086 0.05829428903121965 0.08314884328594588
2 0.3272023285534188 0.1127256963344491 0.04564884328594587 0.058076120413308896
2 0.3074801810127468 0.14565182582294428 0.03310339149054773 0.050190897540671964
13 0.3477097503927834 0.21338422648687425 0.09744769262201594 0.09900110226293624
13 0.46875 0.296875 0.0625 0.225
13 0.19607400663929936 0.3611364461380574 0.13874537919390767 0.2148624515990063
13 0.14479785295030734 0.31221767798768474 0.12297493344863372 0.1897715480082102
13 0.0578125 0.3109375 0.115625 0.184375
11 0.0828125 0.32890625 0.165625 0.3609375
11 0.15859375 0.31796875 0.1890625 0.3828125
11 0.22421875 0.3515625 0.2484375 0.315625
11 0.30170690398357963 0.19802739207972295 0.07743517447164336 0.1504454275949013
11 0.3299591690106943 0.17598876561628982 0.14178856596219108 0.2008181323171656
11 0.4421875 0.3171875 0.115625 0.384375
11 0.7690120577707675 0.3302535639190876 0.017451120413308985 0.04541249394987581
9 0.12169617535540608 0.5311631207078966 0.03927157825883123 0.03616475897699054
9 0.1765625 0.51328125 0.028125 0.0078125
9 0.23203125 0.52109375 0.0296875 0.0234375
13 0.1320246212970717 0.6357869881943392 0.17004992134838534 0.2244192587805987
13 0.18949220853289334 0.5604551900879331 0.08018746974937896 0.08640110831306061
13 0.25091097668326595 0.6116586209042882 0.1433601563212707 0.20238972267624522
13 0.31484375 0.57734375 0.1296875 0.1359375
13 0.4015625 0.58359375 0.13125 0.1484375
13 0.46796875 0.5703125 0.0640625 0.121875
11 0.15078125 0.7453125 0.2609375 0.471875
11 0.20390625 0.69140625 0.1453125 0.3640625
11 0.26171875 0.72421875 0.2203125 0.4296875
11 0.32890625 0.684375 0.1859375 0.35
11 0.359375 0.646875 0.140625 0.275
11 0.41015625 0.69453125 0.1796875 0.3703125
11 0.4375 0.65625 0.125 0.29375
11 0.45390625 0.6328125 0.0921875 0.246875
11 0.45390625 0.6765625 0.0921875 0.334375