12 0.36953125 0.11640625 0.0328125 0.0453125
13 0.2375 0.2140625 0.240625 0.428125
11 0.2421875 0.21953125 0.29375 0.4390625
5 0.91171875 0.27421875 0.1765625 0.1640625
11 0.784375 0.30078125 0.43125 0.2765625
11 0.6453125 0.82734375 0.153125 0.3453125
10 0.85 0.8609375 0.3 0.278125
9 0.721875 0.7546875 0.065625 0.0578125
2 0.69609375 0.60078125 0.1984375 0.2171875
11 0.81171875 0.734375 0.3765625 0.53125
2 397.4510803222656 320.5047607421875 106.4473876953125 195.9197998046875
4 421.18768310546875 403.34930419921875 59.5849609375 102.07208251953125
4 420.77276611328125 409.7489013671875 56.676513671875 67.657470703125