13 0.8890625 0.2546875 0.221875 0.509375
11 0.70859375 0.2546875 0.1171875 0.509375
11 0.8796875 0.2546875 0.240625 0.509375
13 0.03359375 0.82578125 0.0671875 0.3484375
13 0.3921875 0.89140625 0.33125 0.2171875
2 0.46570577147002223 0.6393479279121859 0.2060146924256241 0.23050675469445317
2 0.02265625 0.55859375 0.0453125 0.0984375
9 0.4950973139190876 0.8241496419080496 0.0880363311856975 0.093205654678545
11 0.1078125 0.7546875 0.215625 0.490625
11 0.42890625 0.7546875 0.4421875 0.490625
13 0.76484375 0.709375 0.2296875 0.4
11 0.825 0.7546875 0.35 0.490625
2 244.0807342529297 343.89996337890625 117.87257385253906 202.85089111328125
3 598.7876586914062 528.0867919921875 41.21234130859375 72.989990234375
2 0.0 325.91656494140625 31.398128509521484 118.6380615234375