9 0.23474881202258988 0.07734375 0.020857940006363408 0.046875
2 0.23046875 0.01796875 0.0671875 0.0359375
13 0.19427944804263442 0.225 0.15785105203690736 0.271875
11 0.21953125 0.21953125 0.2203125 0.4390625
2 0.00390625 0.63046875 0.0078125 0.0109375
9 0.0015625 0.6453125 0.003125 0.009375
10 0.0046875 0.6609375 0.009375 0.03125
11 0.01328125 0.665625 0.0265625 0.08125
13 0.53984375 0.52421875 0.2203125 0.1703125
11 0.56171875 0.71953125 0.2640625 0.5609375
3 407.9539794921875 406.66497802734375 17.04931640625 25.6885986328125
2 124.44072723388672 0.0 46.83014678955078 58.537445068359375
4 128.55136108398438 8.419132232666016 34.96173095703125 26.40904998779297