13 0.525 0.04609375 0.1375 0.0921875
11 0.63203125 0.12421875 0.1546875 0.2484375
11 0.5609375 0.128125 0.1875 0.25625
11 0.49453125 0.165625 0.2453125 0.33125
11 0.234375 0.10078125 0.209375 0.2015625
11 0.4921875 0.97890625 0.04375 0.0421875
10 0.9734375 0.67578125 0.053125 0.2921875
11 0.93046875 0.76484375 0.1390625 0.4703125
11 0.9109375 0.91171875 0.178125 0.1765625
3 260.65972900390625 67.54481506347656 23.0950927734375 30.072860717773438
7 367.9716796875 103.37496948242188 30.1480712890625 51.620330810546875
6 260.354248046875 155.65765380859375 55.711669921875 50.92242431640625
3 570.4354248046875 529.96337890625 40.758544921875 70.07666015625
3 324.07568359375 54.59640121459961 19.4447021484375 34.346134185791016
6 368.1849060058594 105.02659606933594 29.78009033203125 50.922149658203125