11 0.37265625 0.09609375 0.2171875 0.1921875
9 0.796875 0.34375 0.14375 0.290625
13 0.70078125 0.290625 0.2015625 0.396875
2 0.91328125 0.24453125 0.1734375 0.4890625
11 0.8 0.24453125 0.4 0.4890625
11 0.928125 0.7796875 0.14375 0.440625
11 0.77109375 0.753125 0.1984375 0.49375
11 0.66484375 0.7890625 0.1296875 0.421875
9 0.6527512535160415 0.7100375544511179 0.048692030054229285 0.044031801131468026
9 0.8115904432111911 0.6669273830045366 0.03319429508134384 0.06581589754067192
9 0.9699569342342006 0.7050672115579555 0.05498748184962743 0.05188066256778665
5 0.96328125 0.6 0.0734375 0.065625
5 0.7700574490649237 0.5546728226996863 0.09111587939029944 0.08490224082661779
5 0.63984375 0.61640625 0.0796875 0.0671875
10 0.65234375 0.86796875 0.1046875 0.2640625
10 0.76171875 0.84609375 0.1453125 0.3078125
10 0.946875 0.86171875 0.10625 0.2765625
1 392.3126220703125 409.11865234375 440.24273681640625 437.87603759765625
5 591.980712890625 365.93524169921875 640.0 468.60699462890625
5 386.51513671875 374.9342956542969 442.6947021484375 468.6443176269531
5 466.75640869140625 328.44207763671875 528.6919555664062 451.074951171875
4 598.1538696289062 407.3912048339844 639.7747192382812 435.6097717285156