12 0.7543293467536324 0.7302157825883121 0.11595335868872621 0.16316359621281223
12 0.9296875 0.46796875 0.140625 0.1765625
12 0.6140625 0.47265625 0.19375 0.1859375
12 0.96171875 0.81328125 0.0765625 0.1234375
12 0.8794309861154946 0.941085625776062 0.04782042934436319 0.08152271077238851
12 0.9046875 0.97109375 0.040625 0.0578125
12 0.8524866781110404 0.9081185896717086 0.05417951734563573 0.09093407220870695
12 0.89453125 0.990625 0.0453125 0.01875
12 0.9828125 0.91640625 0.034375 0.0796875
12 0.8236071527689044 0.8431112132082754 0.07952496268299925 0.12076701795398108
12 0.94921875 0.6953125 0.1015625 0.16875
12 0.9828125 0.95859375 0.034375 0.0671875
12 0.978125 0.9828125 0.0375 0.034375
3 248.2239990234375 0.0 59.9840087890625 89.6458740234375