11 0.16328125 0.10078125 0.1546875 0.2015625
5 0.56796875 0.20546875 0.4984375 0.1859375
11 0.659375 0.23671875 0.68125 0.2859375
8 0.42578125 0.42040921327977515 0.0453125 0.06458975867281787
8 0.54921875 0.4416291379296851 0.0484375 0.07712612133990877
8 0.7203125 0.4482320319064589 0.059375 0.07412839067472685
8 0.6296875 0.5102240492520946 0.021875 0.020567038669636162
8 0.59609375 0.4926461979233217 0.0203125 0.014298857336090797
5 0.59609375 0.4621774479233217 0.0265625 0.02218408267027261
5 0.63046875 0.45787120858532193 0.034375 0.03477498933799979
10 0.6296875 0.5664740492520947 0.0640625 0.1398079346753633
11 0.59609375 0.47467744792332167 0.0328125 0.05663180800445424
11 0.62890625 0.5407018899188674 0.06875 0.19923747867599956
11 0.7375 0.68984375 0.215625 0.6203125
11 0.5203125 0.68984375 0.234375 0.6203125
11 0.4078125 0.68984375 0.178125 0.6203125
11 0.9140625 0.68984375 0.171875 0.6203125
10 0.93125 0.60546875 0.1375 0.4015625
10 0.4109375 0.594019435948457 0.1109375 0.2716033746817265
10 0.528125 0.6106245859325485 0.134375 0.26250109468490823
10 0.721875 0.6427451005729135 0.1359375 0.30470677601845375
3 565.1497802734375 506.11669921875 35.36279296875 48.8836669921875
6 94.915771484375 83.31829833984375 22.470993041992188 36.03460693359375
5 390.5096435546875 282.47808837890625 25.6168212890625 44.087890625
3 207.0273895263672 466.1003112792969 20.573211669921875 24.93701171875
6 121.12640380859375 87.78230285644531 22.9483642578125 42.67381286621094
0 246.184814453125 446.0589904785156 27.0919189453125 47.09320068359375
3 481.1610107421875 395.4761962890625 36.42205810546875 59.24365234375