11 0.88515625 0.28984375 0.1828125 0.5578125
11 0.809375 0.04296875 0.0375 0.0859375
11 0.9035143227978821 0.050606592402183105 0.017532933645025395 0.05947499394987581
10 0.9042183047457055 0.06389238758172286 0.017378397540672098 0.03291249394987581
10 0.8065984161820239 0.05707424013924678 0.01582498789975162 0.034465903590796196
5 0.81171875 0.00625 0.0265625 0.0125
5 0.9059307956705192 0.03812022794080248 0.01729658430895533 0.01884999394987581
5 0.8620898920797229 0.053490697886573194 0.09268746974937905 0.08647383118569749
5 0.7921223048439013 0.12808617690753019 0.10993860226293624 0.0975113251355733
5 0.64453125 0.0078125 0.0328125 0.015625
5 0.6367580939733168 0.10921293617910824 0.09894656010845856 0.08807269262201593
8 0.56171875 0.01875 0.0265625 0.0375
8 0.5140625 0.07265625 0.090625 0.1453125
8 0.6480819342342007 0.042870318692665596 0.023582945745273955 0.025136355386194253
8 0.6237217627876195 0.20132771330647134 0.061437469749379046 0.0862920240041051
8 0.8724501542781672 0.15277308040013055 0.0645988311856975 0.09256020472226431
8 0.8156320068356913 0.2501020774732643 0.08349427693097126 0.11766928903121965
10 0.8984375 0.37890625 0.121875 0.3796875
10 0.80390625 0.44453125 0.2234375 0.2484375
10 0.640625 0.3984375 0.16875 0.340625
10 0.5375 0.32890625 0.1375 0.4796875
10 0.5743535427436528 0.09244307181592352 0.03947156615858276 0.07053975897699054
8 0.88671875 0.91015625 0.2265625 0.1796875
5 0.8703125 0.6671875 0.259375 0.196875
11 0.734375 0.784375 0.53125 0.43125
3 569.4622802734375 231.11468505859375 617.4366455078125 278.10821533203125
5 475.59051513671875 51.44609069824219 541.5950317382812 133.29635620117188
2 522.280029296875 7.0743255615234375 581.946533203125 121.50302124023438
3 307.52691650390625 48.0635986328125 356.10382080078125 130.95494079589844
5 376.36376953125 45.86555480957031 438.76593017578125 115.2442626953125
4 537.0736694335938 59.25235366821289 577.6892700195312 94.25689697265625