13 0.91484375 0.3921875 0.1703125 0.353125
11 0.91015625 0.284375 0.1796875 0.56875
9 0.96875 0.20084175722847458 0.0625 0.0659886143631847
2 0.96015625 0.06171875 0.0796875 0.1234375
8 0.78046875 0.73671875 0.4390625 0.2859375
5 0.75703125 0.58671875 0.4859375 0.0359375
10 0.684375 0.940625 0.63125 0.11875
11 0.684375 0.784375 0.63125 0.43125
2 590.31591796875 2.0376129150390625 49.68408203125 154.7529754638672
4 602.432861328125 74.496826171875 37.3173828125 36.00921630859375
5 230.78152465820312 498.6590881347656 155.89569091796875 114.77413940429688