12 0.1859375 0.34179921896381205 0.034375 0.051762487899751616
8 0.14765625 0.7484375 0.2953125 0.303125
10 0.225 0.89765625 0.45 0.2046875
11 0.225 0.775 0.45 0.45
11 0.946875 0.775 0.10625 0.45
11 0.79609375 0.775 0.2609375 0.45
11 0.6078125 0.775 0.290625 0.45
9 0.58046875 0.6427117582896195 0.0578125 0.055023843285945874
9 0.75546875 0.6101361285065365 0.0578125 0.055023843285945874
9 0.92890625 0.56953125 0.0484375 0.0390625
5 0.56875 0.56171875 0.084375 0.0234375
10 0.60625 0.828125 0.196875 0.34375
10 0.78203125 0.79154066461089 0.15625 0.3196590359079618
10 0.95703125 0.7828125 0.0859375 0.409375