11 0.31953125 0.13671875 0.2109375 0.2734375
12 0.4875 0.0546875 0.071875 0.109375
11 0.83515625 0.8 0.3296875 0.4
11 0.69296875 0.8 0.2859375 0.4
11 0.5546875 0.61875 0.053125 0.0375
10 0.65625 0.60390625 0.021875 0.0078125
10 0.5546875 0.61171875 0.021875 0.0234375
5 0.6109375 0.6203125 0.109375 0.040625
5 0.5549660266152296 0.6823655097625574 0.1279261000159085 0.1179238190854491
8 0.6431654606142752 0.688883154474559 0.0793431493475449 0.1051420179539809
8 0.6066819732654577 0.8031501875538505 0.10467041335136287 0.13341246369925486
10 0.87734375 0.8 0.2453125 0.4
10 0.71796875 0.85546875 0.1828125 0.2890625
10 0.65234375 0.9296875 0.2921875 0.140625
10 0.51796875 0.90390625 0.1359375 0.1921875
6 226.17379760742188 116.77127075195312 22.81793212890625 38.462127685546875
3 455.795654296875 568.05126953125 48.8193359375 52.26611328125
6 203.92147827148438 137.86734008789062 23.38201904296875 36.196044921875
5 502.5173034667969 467.9468078613281 70.73831176757812 102.22897338867188
5 321.726318359375 405.8970947265625 82.904541015625 92.938232421875
1 337.4879150390625 439.0406494140625 74.0672607421875 113.484619140625