8 0.55703125 0.09140625 0.0453125 0.1828125
2 0.39371610021983283 0.2569006966104571 0.16100217427525151 0.2815419960216353
13 0.38828125 0.3421875 0.3828125 0.253125
11 0.51328125 0.234375 0.1328125 0.46875
11 0.3765625 0.2859375 0.40625 0.365625
8 0.3944241064663488 0.40375751527691167 0.0643352107723885 0.047620434675363296
11 0.8703125 0.234375 0.259375 0.46875
10 0.94453125 0.2921875 0.1109375 0.353125
9 0.9645967476623089 0.08357173726927565 0.04558521077238851 0.04740225867281787
0 487.31927490234375 181.10128784179688 73.9427490234375 58.21087646484375
2 574.443115234375 0.0 65.556884765625 71.29827880859375
4 588.6538696289062 4.3795318603515625 50.738037109375 34.505157470703125
3 400.517822265625 350.7906494140625 49.254150390625 70.5296630859375