8 0.07265625 0.32421875 0.1453125 0.2296875
8 0.32109375 0.3921875 0.2171875 0.09375
10 0.11328125 0.540625 0.1578125 0.203125
10 0.34453125 0.54140625 0.1546875 0.2046875
8 0.00234375 0.75625 0.0046875 0.04375
2 0.01640625 0.7046875 0.0328125 0.065625
2 0.15781496165615128 0.6855310382456528 0.07709883118569749 0.0926329275949012
13 0.11953125 0.89296875 0.1984375 0.2140625
11 0.0234375 0.834375 0.046875 0.33125
11 0.115625 0.81875 0.2125 0.3625
11 0.31796875 0.5421875 0.2234375 0.20625
11 0.11640625 0.5421875 0.2328125 0.20625
13 0.5890625 0.528125 0.096875 0.178125
13 0.45234375 0.4921875 0.0453125 0.10625
11 0.459375 0.63125 0.059375 0.384375
11 0.56328125 0.70546875 0.2390625 0.5328125