8 0.10012830678880888 0.05067477009528023 0.0362829336450254 0.05958407825883114
2 0.08984375 0.02109375 0.0578125 0.0421875
13 0.01484375 0.034375 0.0296875 0.06875
13 0.17421875 0.1046875 0.1359375 0.209375
13 0.2046875 0.0671875 0.121875 0.134375
13 0.2859375 0.0484375 0.115625 0.096875
11 0.29375 0.1609375 0.171875 0.321875
11 0.215625 0.18125 0.18125 0.3625
11 0.1796875 0.228125 0.240625 0.45625
11 0.02734375 0.03125 0.0546875 0.0625
13 0.8203125 0.07578125 0.09375 0.1515625
13 0.65078125 0.14453125 0.1546875 0.2890625
11 0.6734375 0.28984375 0.284375 0.5796875
11 0.8453125 0.22265625 0.203125 0.4453125
11 0.19296875 0.92890625 0.1640625 0.1421875
10 0.85078125 0.78984375 0.2921875 0.4203125
10 0.9421875 0.740625 0.115625 0.321875
11 0.8859375 0.78984375 0.228125 0.4203125
11 0.74921875 0.78984375 0.5015625 0.4203125
11 0.825 0.78984375 0.35 0.4203125