11 0.171875 0.0578125 0.06875 0.115625
11 0.41796875 0.171875 0.1296875 0.34375
11 0.1234375 0.12421875 0.128125 0.2484375
2 0.53515625 0.10078125 0.0921875 0.0828125
8 0.5453125 0.2010555234149299 0.075 0.08324883723582169
13 0.57734375 0.359375 0.1765625 0.265625
11 0.64140625 0.4140625 0.3046875 0.73125
13 0.06484375 0.85 0.1296875 0.140625
11 0.10546875 0.88984375 0.2109375 0.2203125
11 0.6328125 0.88984375 0.2875 0.2203125
2 312.82025146484375 46.3327751159668 372.73699951171875 127.53450012207031
7 114.51853942871094 0.1598968505859375 157.1668243408203 189.77197265625
3 462.4847412109375 330.6187744140625 486.23583984375 361.6209716796875
7 103.78512573242188 0.0 147.57806396484375 159.15386962890625
4 320.8183288574219 89.31448364257812 351.7899475097656 110.79324340820312
7 123.64167785644531 0.0 167.82640075683594 253.14443969726562