13 0.046875 0.159375 0.09375 0.31875
11 0.06328125 0.2140625 0.1265625 0.428125
13 0.7179308259211401 0.32858652478967204 0.14716693325224206 0.31959540339440445
9 0.6983682805452086 0.19979844945770706 0.03779089149054773 0.05021816861791084
2 0.6872404038853838 0.0983041271508042 0.08836358411256366 0.14894656010845858
11 0.728125 0.27578125 0.2875 0.5078125
2 0.04765625 0.55078125 0.0296875 0.0421875
13 0.0328125 0.6828125 0.065625 0.153125
13 0.20727006099222134 0.7228132477605047 0.10782263212077385 0.2709306444174139
9 0.04321262705260831 0.5886160306434045 0.023582945745273864 0.025136355386194253
11 0.1984375 0.76484375 0.146875 0.4703125
11 0.03671875 0.76484375 0.0734375 0.4703125
13 0.95703125 0.79765625 0.0859375 0.4046875
13 0.76015625 0.82578125 0.1953125 0.3484375
13 0.5890625 0.79921875 0.178125 0.4015625
2 0.73984375 0.5484375 0.0921875 0.0375
9 0.9875 0.56875 0.025 0.05625
9 0.7376484282822723 0.6269371454975685 0.05187157220870695 0.05342498184962743
11 0.58515625 0.76484375 0.1703125 0.4703125
11 0.78203125 0.76484375 0.2421875 0.4703125
11 0.93671875 0.76484375 0.1265625 0.4703125