5 0.95234375 0.22265625 0.0953125 0.2921875
11 0.834375 0.23125 0.33125 0.315625
9 0.3554751039545021 0.4545200366009121 0.08495680267345414 0.05098179201145392
9 0.634375 0.42109375 0.06875 0.0453125
9 0.05620180995386574 0.46268926197486476 0.09747498400699968 0.05268974267981754
2 0.33671875 0.403125 0.1734375 0.028125
13 0.59921875 0.5828125 0.1390625 0.3125
13 0.381836514600594 0.6057552725970942 0.33317831604072534 0.30383626137808883
13 0.12421875 0.64609375 0.2484375 0.3578125
11 0.5734375 0.69453125 0.190625 0.6109375
11 0.4125 0.69453125 0.49375 0.6109375
11 0.16953125 0.69453125 0.3390625 0.6109375
12 0.834375 0.69453125 0.33125 0.6109375
3 332.04620361328125 470.10028076171875 30.096923828125 58.2379150390625
3 146.41519165039062 507.0594177246094 31.31072998046875 43.755889892578125
4 185.638916015625 255.5843505859375 71.08636474609375 23.71563720703125
4 0.708282470703125 251.09432983398438 71.08462524414062 26.1649169921875
4 194.1192626953125 253.32174682617188 64.55010986328125 21.36553955078125
2 0.0142059326171875 249.64939880371094 75.90998840332031 87.74562072753906
2 176.79550170898438 251.01504516601562 87.93280029296875 61.31585693359375