9 0.83046875 0.3301649265993213 0.1421875 0.1204045013526354
5 0.99609375 0.0234375 0.0078125 0.028125
5 0.834375 0.03984375 0.2 0.0796875
11 0.70859375 0.053125 0.0640625 0.10625
11 0.96875 0.15234375 0.0625 0.2921875
11 0.76953125 0.26484375 0.4609375 0.5296875
10 0.81484375 0.43828125 0.3703125 0.1828125
10 0.98515625 0.08125 0.0296875 0.05625
10 0.4359375 0.734375 0.20625 0.409375
11 0.26953125 0.76484375 0.5390625 0.4703125
2 450.3420104980469 0.0 174.96707153320312 219.94833374023438
2 261.9052734375 493.296142578125 19.4837646484375 21.5352783203125
5 448.17364501953125 0.0 162.818603515625 216.450439453125
1 468.7806396484375 87.73062133789062 117.7620849609375 52.69697570800781