2 0.703125 0.30625 0.1984375 0.2390625
4 0.69453125 0.33359375 0.15 0.04296875
3 0.56171875 0.621875 0.08203125 0.09453125
2 0.690625 0.078125 0.1953125 0.15625
2 371.74072265625 110.2885513305664 151.79296875 108.73296356201172
2 371.2764892578125 0.977569580078125 148.9195556640625 120.275390625
9 412.85601806640625 224.72988891601562 66.9969482421875 52.964874267578125
11 336.61767578125 100.7923583984375 300.17041015625 539.2076416015625
11 357.97796630859375 0.1802978515625 163.07086181640625 133.1524658203125
10 399.50177001953125 246.1173095703125 201.42242431640625 361.4254150390625
11 145.96240234375 60.02899169921875 486.670654296875 579.9710083007812
10 572.5806884765625 297.34246826171875 67.4193115234375 244.99114990234375
11 441.0968017578125 0.0 198.6424560546875 304.1967468261719