2 0.3375 0.3234375 0.14140625 0.2
2 0.16484375 0.3078125 0.071875 0.16953125
2 0.6359375 0.32578125 0.14453125 0.20546875
2 0.73125 0.23359375 0.11796875 0.1765625
2 0.55859375 0.20625 0.1125 0.15078125
2 0.46484375 0.27734375 0.13125 0.19375
2 0.2765625 0.21953125 0.11640625 0.15390625
2 0.04140625 0.21640625 0.07890625 0.14921875
2 0.44453125 0.14140625 0.10703125 0.128125
2 0.31953125 0.15390625 0.08671875 0.1015625
2 0.80078125 0.22890625 0.0859375 0.15390625
4 0.34375 0.34609375 0.121875 0.0484375
4 0.478125 0.28515625 0.1015625 0.0359375
4 0.6328125 0.33046875 0.1265625 0.06015625
4 0.74140625 0.23984375 0.06875 0.0359375
4 0.5703125 0.21328125 0.09765625 0.0359375
4 0.4453125 0.1578125 0.0953125 0.02421875
4 0.2625 0.23359375 0.08046875 0.03984375
4 0.16328125 0.31640625 0.06875 0.0453125
4 0.08828125 0.31953125 0.06015625 0.03203125
2 0.08203125 0.30234375 0.090625 0.17265625
3 0.4046875 0.7203125 0.08828125 0.13515625
3 0.2390625 0.71953125 0.0828125 0.12265625
3 0.60625 0.42265625 0.09453125 0.0625
3 0.69453125 0.415625 0.09296875 0.071875
3 0.02734375 0.72734375 0.0546875 0.1140625
3 0.15390625 0.709375 0.06015625 0.0984375
3 0.096875 0.7109375 0.05625 0.09765625
3 0.94296875 0.22421875 0.07734375 0.14140625
3 0.68046875 0.0625 0.06953125 0.08828125
2 0.1546875 0.17109375 0.0640625 0.0984375
2 0.09609375 0.1734375 0.06328125 0.09609375
2 0.75234375 0.10625 0.0765625 0.08984375
2 0.621875 0.1921875 0.0671875 0.109375
2 0.6640625 0.153125 0.0921875 0.084375
2 0.82421875 0.11328125 0.07109375 0.06640625
2 0.925 0.12265625 0.0703125 0.08046875
2 0.36015625 0.12578125 0.059375 0.08828125
2 0.41171875 0.08046875 0.0671875 0.084375
5 0.19609375 0.06640625 0.0484375 0.05625
7 0.5296875 0.90625 0.0953125 0.11328125
7 0.75234375 0.89765625 0.1125 0.12578125
6 0.43046875 0.91171875 0.09765625 0.08984375
6 0.22578125 0.89609375 0.10078125 0.07734375
2 165.28048706054688 139.21768188476562 103.16851806640625 69.99771118164062
2 250.25241088867188 117.33271026611328 97.95880126953125 69.10167694091797
2 422.7862548828125 79.03709411621094 87.46563720703125 75.82406616210938
2 312.9193420410156 78.84550476074219 83.98541259765625 53.29815673828125
2 360.83984375 137.49134826660156 102.263671875 69.33236694335938
2 23.779449462890625 130.69627380371094 115.84808349609375 70.21408081054688
11 106.06397247314453 133.9598388671875 227.53630828857422 472.8372802734375
9 181.56454467773438 228.02984619140625 59.8438720703125 41.79473876953125
2 135.6639404296875 86.77105712890625 80.57537841796875 52.03857421875
2 455.63385009765625 27.99366569519043 55.16845703125 45.44572639465332
2 406.45635986328125 8.351886749267578 54.53271484375 40.71807861328125
10 131.65670776367188 252.0390625 157.74832153320312 168.52008056640625
2 609.86962890625 80.58595275878906 30.1025390625 71.77218627929688
9 43.59697723388672 215.44700622558594 72.40975952148438 37.462615966796875
9 450.9393310546875 164.791259765625 40.135009765625 39.027008056640625
2 498.44635009765625 87.1676025390625 43.6649169921875 58.532562255859375
2 576.2615966796875 92.82145690917969 43.094970703125 54.498199462890625
2 251.81817626953125 54.37929916381836 71.82562255859375 50.154483795166016
11 248.20254516601562 112.35552978515625 139.56976318359375 497.71258544921875
11 0.0 126.969970703125 184.26022338867188 475.8646240234375
11 416.697509765625 77.24969482421875 223.209228515625 531.089111328125
2 36.849273681640625 74.32089233398438 87.60652160644531 50.940338134765625
2 505.21051025390625 43.11249542236328 48.2845458984375 30.44390869140625
2 168.14984130859375 54.89122009277344 68.6258544921875 49.042694091796875
9 373.8564453125 222.60519409179688 60.5921630859375 37.140472412109375
2 112.4112548828125 90.12318420410156 42.77777099609375 52.525146484375
2 566.0364990234375 43.551300048828125 54.329345703125 32.9403076171875
9 2.1840009689331055 157.75999450683594 31.793519020080566 27.970916748046875
9 336.2544250488281 145.27850341796875 42.54144287109375 35.94097900390625
11 313.77935791015625 76.64433288574219 107.535400390625 140.32177734375
11 0.0 128.16876220703125 177.68695068359375 180.08697509765625
11 566.8565063476562 39.07603454589844 58.801025390625 152.14694213867188
10 0.7496490478515625 235.35208129882812 171.5744171142578 83.6734619140625
11 0.0 83.19000244140625 57.22822570800781 529.0200805664062
2 0.6985626220703125 88.73127746582031 46.79266357421875 52.80546569824219
11 494.493896484375 86.96759033203125 50.0035400390625 103.53558349609375
11 278.92987060546875 136.44561767578125 250.4117431640625 473.83074951171875
11 391.65594482421875 7.9946136474609375 74.67828369140625 124.85652160644531
11 108.86622619628906 90.28860473632812 61.658294677734375 146.25363159179688
10 328.5768737792969 250.92254638671875 163.24749755859375 139.5118408203125
10 393.89581298828125 57.30324172973633 69.35546875 46.307491302490234
11 0.12963104248046875 87.24284362792969 51.142127990722656 157.62115478515625
9 128.0208740234375 152.89688110351562 29.03094482421875 35.67266845703125
2 211.535888671875 18.474586486816406 79.89495849609375 33.13939666748047
2 290.9637145996094 14.916757583618164 41.22784423828125 37.565237045288086
10 500.0975341796875 189.68289184570312 135.9256591796875 121.1197509765625
9 151.66297912597656 155.09844970703125 31.044647216796875 38.708221435546875
11 251.5615234375 112.5980224609375 133.45257568359375 315.2601318359375
11 125.95757293701172 84.82473754882812 90.89142608642578 255.36978149414062
2 606.851318359375 26.7965087890625 33.148681640625 49.946922302246094
11 599.7588500976562 79.27166748046875 40.24114990234375 532.3861694335938
10 436.5909423828125 193.97805786132812 110.01177978515625 127.35845947265625
11 0.0 97.78453063964844 38.96611022949219 506.74586486816406
11 0.0 153.7149658203125 49.11846160888672 398.943115234375
9 506.33221435546875 162.3968963623047 20.3533935546875 26.3311767578125
2 290.2741394042969 15.396224975585938 69.12933349609375 38.322410583496094
11 109.420654296875 88.66567993164062 54.201416015625 104.64883422851562
11 422.7310791015625 75.96484375 148.55255126953125 322.165771484375
10 394.03814697265625 58.969329833984375 69.8941650390625 64.66067504882812
10 0.004421234130859375 179.56137084960938 40.940162658691406 54.08599853515625
11 276.03631591796875 13.906471252441406 110.943115234375 98.18677520751953
10 258.5199890136719 208.033935546875 106.0660400390625 68.99566650390625
10 292.89068603515625 46.71086120605469 93.6185302734375 51.635711669921875
2 0.0 90.82963562011719 22.45195770263672 46.93736267089844
11 454.2696533203125 26.645553588867188 95.0745849609375 158.77548217773438
11 194.43289184570312 48.35200500488281 67.94448852539062 97.39707946777344
11 440.0347900390625 0.5569992065429688 36.5306396484375 64.02198028564453
11 165.81637573242188 49.233856201171875 98.17214965820312 99.12074279785156
2 222.7330322265625 0.14139938354492188 40.77532958984375 22.837190628051758
10 434.25506591796875 192.01641845703125 112.934814453125 190.78155517578125
9 627.8175048828125 155.77951049804688 12.1824951171875 43.99212646484375
11 246.29693603515625 130.94097900390625 364.46173095703125 479.6385498046875
2 300.41082763671875 47.226417541503906 86.069580078125 53.68931579589844
2 204.64797973632812 45.28057861328125 51.4044189453125 37.39259338378906
9 591.922607421875 161.38296508789062 19.99365234375 24.6700439453125