5 0.71953125 0.1578125 0.03125 0.03046875
5 0.86875 0.1609375 0.03828125 0.03125
5 0.928125 0.16171875 0.02734375 0.03828125
5 0.98359375 0.1703125 0.0328125 0.046875
6 0.96171875 0.42734375 0.0390625 0.0296875
6 0.9734375 0.41015625 0.03515625 0.028125
3 0.734375 0.2171875 0.0171875 0.02109375
4 0.72265625 0.15859375 0.01484375 0.01171875
4 0.93046875 0.16484375 0.01953125 0.01484375
4 0.98828125 0.16640625 0.021875 0.01484375
6 0.8671875 0.4140625 0.02734375 0.03828125
6 0.83203125 0.4015625 0.034375 0.03359375
7 0.7203125 0.3484375 0.0265625 0.02265625
7 0.709375 0.3484375 0.01953125 0.01953125
6 0.9140625 0.3625 0.0234375 0.02890625
10 537.811767578125 114.94854736328125 34.199951171875 72.61517333984375
11 523.1370239257812 88.928955078125 52.6539306640625 184.5472412109375
10 602.3990478515625 117.20919036865234 30.802490234375 71.55115509033203
10 578.4493408203125 115.5860824584961 26.607177734375 47.42346954345703
11 442.213134765625 86.31884765625 28.5545654296875 141.6343994140625
10 444.06915283203125 110.30439758300781 20.2230224609375 42.505523681640625
11 594.1458740234375 88.10269165039062 45.623779296875 191.65890502929688
11 570.08056640625 93.33367919921875 39.358154296875 149.92318725585938
5 543.1256713867188 89.73423767089844 18.11328125 17.833328247070312
5 588.105712890625 95.9789047241211 12.329833984375 9.071319580078125
5 616.674560546875 87.64067077636719 22.19677734375 17.8426513671875
5 453.07818603515625 88.55693054199219 17.0732421875 12.7978515625
9 455.37872314453125 104.15482330322266 9.22625732421875 9.483123779296875
9 630.715087890625 110.18157958984375 8.259033203125 11.624420166015625
9 589.3857421875 109.75172424316406 8.52490234375 8.1505126953125
9 590.349609375 106.73965454101562 8.2364501953125 7.2057647705078125