2 0.21015625 0.346875 0.1015625 0.1265625
5 0.40390625 0.359375 0.053125 0.06953125
3 0.2265625 0.6453125 0.04921875 0.04296875
3 0.303125 0.478125 0.03828125 0.0375
3 0.3671875 0.5265625 0.03046875 0.05234375
3 0.4453125 0.52109375 0.0234375 0.0453125
5 0.25078125 0.37421875 0.04921875 0.07734375
3 0.28203125 0.5390625 0.0296875 0.04140625
7 0.4015625 0.6796875 0.05703125 0.0640625
7 0.35078125 0.703125 0.04921875 0.0546875
2 0.59765625 0.46640625 0.0375 0.034375
4 0.41015625 0.36328125 0.03203125 0.02421875
11 50.46177673339844 177.09197998046875 147.54244995117188 462.90802001953125
13 65.47325134277344 253.42864990234375 107.73103332519531 172.6331787109375
11 212.17279052734375 197.73219299316406 78.08499145507812 250.45628356933594
10 223.84725952148438 245.45896911621094 53.651824951171875 75.64112854003906
2 103.12164306640625 181.86688232421875 65.20773315429688 47.380096435546875
10 366.88739013671875 308.7376403808594 28.5035400390625 44.7672119140625
11 363.2137756347656 285.14947509765625 38.656494140625 88.56036376953125
9 130.9690704345703 239.65573120117188 20.874755859375 22.14495849609375
2 371.4573974609375 287.06109619140625 20.2862548828125 17.1123046875
11 135.91830444335938 186.14956665039062 70.58355712890625 272.856689453125
11 135.79556274414062 193.06396484375 60.11810302734375 209.60589599609375
9 146.12518310546875 242.38516235351562 19.7413330078125 21.724212646484375
9 248.5393829345703 233.6858367919922 22.082992553710938 21.524627685546875
5 244.9177703857422 201.27291870117188 29.761001586914062 22.6607666015625