2 0.815625 0.21796875 0.10546875 0.1125
5 0.5828125 0.265625 0.09140625 0.0953125
5 0.60546875 0.50625 0.09609375 0.09921875
5 0.471875 0.39453125 0.0671875 0.0640625
5 0.453125 0.2671875 0.05390625 0.0578125
5 0.3828125 0.33984375 0.05703125 0.075
5 0.2640625 0.2796875 0.0765625 0.0859375
5 0.14609375 0.33671875 0.07734375 0.084375
5 0.01796875 0.29921875 0.0359375 0.0578125
6 0.07734375 0.50078125 0.028125 0.03203125
6 0.03515625 0.5046875 0.03203125 0.03203125
5 0.50703125 0.25078125 0.04453125 0.06015625
5 0.88671875 0.4546875 0.04453125 0.0546875
3 0.37265625 0.53515625 0.028125 0.03203125
3 0.45078125 0.51640625 0.03359375 0.0390625
6 0.30390625 0.7171875 0.075 0.05390625
6 0.253125 0.7125 0.04375 0.04921875
6 0.2015625 0.646875 0.0515625 0.0546875
6 0.30625 0.95546875 0.08046875 0.04453125
0 0.14375 0.49765625 0.04453125 0.06015625
0 0.18515625 0.4921875 0.0359375 0.046875
0 0.43671875 0.48125 0.03203125 0.05234375
4 0.80546875 0.2265625 0.059375 0.028125
4 0.58359375 0.284375 0.05 0.0390625
4 0.4515625 0.26640625 0.040625 0.01640625
4 0.50546875 0.2484375 0.03203125 0.0203125
4 0.01796875 0.29921875 0.03046875 0.01484375
4 0.146875 0.35078125 0.04765625 0.03046875
11 0.06869888305664062 168.958740234375 60.8458251953125 333.19903564453125
11 323.9959716796875 256.33892822265625 611.524658203125 639.766845703125
5 342.1259765625 137.35269165039062 396.604248046875 190.81185913085938
10 499.247314453125 166.72543334960938 569.8673095703125 286.9739074707031
2 485.2413330078125 102.53469848632812 556.4136962890625 149.77984619140625
10 260.18023681640625 180.39340209960938 308.4935302734375 238.72567749023438
11 480.49652099609375 98.77981567382812 599.1166381835938 320.21142578125
11 87.14217376708984 146.768310546875 223.39559936523438 471.36663818359375
5 350.91925048828125 274.920166015625 406.51055908203125 327.845458984375
10 122.81849670410156 208.10887145996094 201.29933166503906 362.2786865234375
10 0.0 202.77877807617188 38.4678840637207 252.45138549804688
9 501.503662109375 154.06912231445312 526.43115234375 172.47311401367188
5 141.00526428222656 149.98532104492188 191.26478576660156 184.43240356445312
5 227.24758911132812 189.9047393798828 262.6274719238281 224.57041931152344
10 310.81591796875 174.50096130371094 346.514892578125 237.76356506347656
10 372.9784851074219 183.11459350585938 437.1036071777344 295.74212646484375
11 305.0299987792969 142.8828887939453 350.4217224121094 248.0044403076172
10 509.7881774902344 0.14568710327148438 579.6029052734375 56.076725006103516
11 344.62188720703125 130.69680786132812 454.93609619140625 298.3646240234375
11 256.54693603515625 149.24832153320312 311.28179931640625 248.97232055664062
5 0.0 171.25311279296875 21.38541030883789 189.22119140625
9 381.55206298828125 182.5070343017578 397.48516845703125 199.9005889892578
10 216.83059692382812 216.7568359375 274.4991760253906 336.99786376953125
9 2.6104769706726074 193.9462890625 18.142505645751953 206.81170654296875
11 494.8465576171875 0.104522705078125 639.8712158203125 297.6623840332031
10 381.0438232421875 318.19427490234375 595.0968627929688 478.88677978515625