2 0.38203125 0.2734375 0.178125 0.246875
2 0.70234375 0.33828125 0.2015625 0.25234375
4 0.36953125 0.3125 0.140625 0.07109375
3 0.3328125 0.69921875 0.1078125 0.12890625
3 0.42734375 0.73203125 0.1359375 0.0921875
3 0.11953125 0.625 0.0828125 0.0640625
3 0.9421875 0.825 0.11015625 0.1015625
1 0.68984375 0.37890625 0.16328125 0.0625
2 182.7705078125 94.30621337890625 305.3041076660156 199.1644287109375
2 386.45233154296875 137.2593231201172 513.88037109375 236.9904327392578
10 383.17578125 274.21063232421875 552.249755859375 532.9379272460938
10 118.22479248046875 230.41204833984375 326.1628112792969 518.46630859375
11 305.2294921875 134.6913604736328 638.6236572265625 604.2953491210938
9 405.6075439453125 253.2176513671875 464.9608154296875 286.9110107421875
11 0.2218017578125 242.81976318359375 167.41342163085938 640.0
9 189.48672485351562 210.6837615966797 275.8320617675781 253.85829162597656
11 33.95355224609375 84.16168212890625 360.4703674316406 544.7863159179688
9 207.74301147460938 214.3387451171875 274.921142578125 251.0888671875
13 185.11923217773438 0.08104705810546875 300.6421813964844 67.27670288085938
11 545.695068359375 553.07421875 640.0 640.0