9 0.46484375 0.32265625 0.0703125 0.0828125
5 0.43828125 0.16883674208304172 0.1015625 0.09024428668045381
10 0.45078125 0.43828125 0.0984375 0.1421875
11 0.41328125 0.29375 0.1734375 0.43125
11 0.7484375 0.17890898671227068 0.040625 0.0864102146721816
9 0.45625 0.51484375 0.025 0.0109375
10 0.3328125 0.6328125 0.30625 0.246875
11 0.33671875 0.7546875 0.3265625 0.490625
2 0.58828125 0.8401635653644076 0.0328125 0.03319430800445424
2 0.86640625 0.7918373427354968 0.046875 0.04585794000636341
2 0.9046875 0.7782202854073602 0.034375 0.03789998933799978
2 0.9359375 0.7434276620782692 0.046875 0.048982940006363405
9 0.9546875 0.7764583380808144 0.0140625 0.015788632001909164
9 0.9046875 0.8102515354073603 0.0203125 0.02054885733609062
9 0.88046875 0.8326259747374058 0.021875 0.022129538669636163
8 0.5953125 0.8699328813653622 0.0234375 0.020585220003181703
13 0.60078125 0.9364027660327713 0.065625 0.11482611600890884
13 0.85546875 0.8971788234006788 0.0859375 0.15256247334499945
13 0.91015625 0.8665651700747693 0.0609375 0.11945907200827222
13 0.9546875 0.8483333380808145 0.08125 0.13219542934436318
11 0.95078125 0.85703125 0.0984375 0.2859375
11 0.9203125 0.87734375 0.103125 0.2453125
11 0.8734375 0.88359375 0.14375 0.2328125
11 0.61875 0.90703125 0.13125 0.1859375
2 540.665283203125 496.139404296875 568.259765625 536.550048828125
2 365.69683837890625 529.1514892578125 389.80145263671875 563.6510009765625
2 569.252197265625 488.725830078125 589.6767578125 512.9840087890625
2 586.7296142578125 465.3017272949219 616.4154052734375 506.7814025878906
0 538.4991455078125 612.802490234375 560.0242919921875 636.6422119140625
5 253.5982208251953 85.84963989257812 322.31512451171875 239.18267822265625