9 0.35390625 0.53515625 0.1671875 0.1078125
5 0.1171875 0.45859375 0.234375 0.2609375
11 0.234375 0.35859375 0.46875 0.4609375
10 0.5933166453011769 0.3074973199692118 0.1922259449597071 0.5448499334486337
8 0.5236000847017388 0.0711921813073344 0.07252041549465282 0.11135565651766247
11 0.6203125 0.29453125 0.303125 0.5890625
11 0.490625 0.66015625 0.04375 0.1421875
11 0.52421875 0.665625 0.0734375 0.153125
11 0.56484375 0.65234375 0.0484375 0.1265625
11 0.59375 0.6703125 0.08125 0.1625
11 0.65 0.65078125 0.071875 0.1234375
11 0.6953125 0.66484375 0.09375 0.1515625
11 0.73828125 0.64765625 0.0609375 0.1171875
11 0.78359375 0.6703125 0.0953125 0.1625
11 0.82734375 0.653125 0.0578125 0.128125
11 0.87109375 0.67265625 0.0859375 0.1671875
11 0.91796875 0.65703125 0.0640625 0.1359375
11 0.95 0.646875 0.053125 0.115625
11 0.9625 0.671875 0.075 0.165625
11 0.97890625 0.66015625 0.0421875 0.1421875
6 436.4508972167969 450.04681396484375 17.12860107421875 23.5238037109375
7 482.94964599609375 451.7071533203125 19.3297119140625 30.972900390625
6 454.7308349609375 448.5864562988281 18.0599365234375 24.025146484375
6 364.7149658203125 451.0435791015625 17.56689453125 30.18603515625
6 612.68701171875 463.96533203125 14.568115234375 21.51580810546875
0 329.4228515625 69.43060302734375 30.94769287109375 48.76203918457031
6 595.1212768554688 462.6978454589844 16.877197265625 20.68878173828125
7 303.1863098144531 441.283447265625 21.45416259765625 27.0711669921875
6 594.9727783203125 455.3121337890625 18.499755859375 28.536376953125
7 403.46759033203125 430.9430236816406 14.48809814453125 23.36248779296875
6 385.18634033203125 445.26776123046875 20.3653564453125 30.07666015625
6 420.3588562011719 428.102294921875 16.55035400390625 24.2568359375
7 583.9371948242188 442.9061279296875 14.526123046875 21.28125
7 419.0157165527344 428.52703857421875 16.68255615234375 23.6015625
6 547.1767578125 453.4830322265625 23.35888671875 33.1544189453125
6 403.1217041015625 431.5701904296875 14.54791259765625 23.61669921875
7 530.8177490234375 442.2986145019531 15.0654296875 17.93292236328125
7 384.95367431640625 445.9549865722656 20.154052734375 29.82720947265625
6 611.6201171875 452.3816223144531 16.18994140625 32.6826171875