2 0.35 0.33359375 0.08828125 0.10703125
0 0.81796875 0.5125 0.059375 0.06640625
2 0.1296875 0.34375 0.04453125 0.065625
2 0.66171875 0.2984375 0.11640625 0.1296875
2 0.5734375 0.2765625 0.06640625 0.0828125
5 0.89140625 0.278125 0.11875 0.12578125
0 0.13359375 0.46484375 0.02265625 0.034375
0 0.05390625 0.4671875 0.03203125 0.034375
0 0.3171875 0.48671875 0.03828125 0.04375
0 0.3625 0.4625 0.04765625 0.046875
0 0.7046875 0.5046875 0.05703125 0.053125
0 0.4703125 0.46953125 0.0375 0.03359375
2 197.5606689453125 177.08639526367188 53.802398681640625 56.64227294921875
2 383.7040710449219 143.4486083984375 79.704345703125 64.78204345703125
2 67.49076080322266 198.78746032714844 30.197357177734375 25.384490966796875
11 134.423583984375 174.5390625 166.49618530273438 346.8895263671875
11 458.0233154296875 126.08564758300781 181.9766845703125 372.43614196777344
11 27.699417114257812 194.78648376464844 79.0750732421875 169.76112365722656
11 269.50384521484375 139.29052734375 369.69354248046875 364.04290771484375
10 39.61701202392578 228.14572143554688 44.87635040283203 79.9569091796875
10 305.2823486328125 204.1012725830078 126.3270263671875 173.96080017089844
10 140.238037109375 228.38116455078125 69.42724609375 82.24774169921875
2 341.88348388671875 147.41265869140625 46.336669921875 44.11688232421875
10 522.5347290039062 210.51409912109375 117.46527099609375 131.7935791015625
9 72.88987731933594 225.17227172851562 15.435882568359375 12.8675537109375
9 540.76416015625 192.69981384277344 35.8447265625 23.780364990234375
11 434.7071533203125 591.12890625 205.2928466796875 48.87109375