2 0.56328125 0.3765625 0.10078125 0.128125
4 0.74921875 0.37890625 0.10546875 0.0375
0 0.634375 0.73203125 0.04609375 0.08828125
3 0.3390625 0.73046875 0.0390625 0.06171875
4 0.284375 0.38828125 0.0765625 0.025
4 0.5546875 0.378125 0.07734375 0.0296875
2 0.26875 0.38984375 0.13046875 0.14453125
2 0.74765625 0.371875 0.115625 0.1453125
2 0.70546875 0.41640625 0.05546875 0.10703125
0 0.478125 0.3734375 0.06640625 0.0625
0 0.63359375 0.925 0.05078125 0.08984375
3 0.3390625 0.9171875 0.05 0.06640625
2 0.12265625 0.365625 0.13984375 0.190625
4 0.15078125 0.3765625 0.07890625 0.0453125
11 392.598876953125 190.89300537109375 614.3546752929688 639.7784423828125
2 26.528060913085938 164.62640380859375 132.77809143066406 243.1796875
10 262.6959533691406 278.5487365722656 391.6261901855469 469.9934997558594
2 125.97824096679688 195.1522216796875 214.43399047851562 256.7877197265625
10 432.786865234375 288.0400390625 579.523193359375 503.0450439453125
2 438.260986328125 194.2528076171875 523.0120849609375 249.569580078125
10 110.89092254638672 286.568115234375 223.84783935546875 481.28680419921875
10 0.0 291.39300537109375 160.8037109375 488.28594970703125
2 325.39141845703125 196.14022827148438 397.04461669921875 249.98593139648438
11 0.0 161.52947998046875 173.06723022460938 640.0
11 235.81591796875 193.12158203125 416.672119140625 640.0
11 86.4837646484375 191.22215270996094 245.6004638671875 639.991455078125
9 330.333740234375 250.62916564941406 374.0601806640625 279.3697509765625
9 444.43658447265625 250.33709716796875 508.86077880859375 285.19561767578125
9 163.2320098876953 259.22503662109375 203.2323455810547 296.90838623046875
2 0.11571502685546875 140.58517456054688 34.453102111816406 277.9786376953125
11 0.0 133.0697021484375 38.53342056274414 640.0
9 74.85458374023438 253.336181640625 118.22726440429688 291.2076416015625
11 0.0 134.50299072265625 46.477577209472656 537.15673828125