2 0.66171875 0.30234375 0.096875 0.128125
2 0.778125 0.3390625 0.08359375 0.11640625
2 0.09765625 0.3296875 0.1046875 0.1015625
2 0.88515625 0.3671875 0.059375 0.1
2 0.40078125 0.22421875 0.13046875 0.13515625
2 0.95859375 0.41328125 0.06015625 0.07109375
0 0.353125 0.37734375 0.04296875 0.08046875
0 0.1 0.3890625 0.0421875 0.05078125
0 0.13984375 0.3765625 0.05 0.03984375
3 0.27890625 0.38046875 0.0484375 0.04765625
7 0.96953125 0.73984375 0.0609375 0.0546875
7 0.8859375 0.76640625 0.0546875 0.059375
4 0.4 0.228125 0.09375 0.05078125
4 0.65546875 0.3234375 0.07265625 0.0328125
7 0.96640625 0.925 0.0671875 0.0453125
4 0.8796875 0.38046875 0.046875 0.0296875
10 380.7294006347656 233.95176696777344 101.93255615234375 120.63893127441406
11 570.2202758789062 239.63323974609375 69.4354248046875 251.05059814453125
11 150.416015625 47.14306640625 249.683349609375 567.6708984375
2 26.136817932128906 182.3312530517578 64.73480224609375 54.403045654296875
2 466.8343505859375 173.80844116210938 59.0150146484375 64.99249267578125
2 200.4764404296875 51.60174560546875 104.04742431640625 105.67558288574219
11 323.15289306640625 144.18341064453125 189.85980224609375 389.31103515625
9 244.43341064453125 157.802978515625 42.20794677734375 28.6044921875
2 385.62640380859375 145.06759643554688 73.2698974609375 69.9423828125
10 228.19961547851562 171.8889617919922 142.33074951171875 203.07289123535156
2 544.3928833007812 201.64227294921875 50.5013427734375 46.3123779296875
10 612.2691650390625 276.9451904296875 27.433837890625 104.5120849609375
10 468.38983154296875 245.48626708984375 89.1151123046875 116.32080078125
2 591.41650390625 245.07101440429688 40.54052734375 32.4735107421875
9 397.39508056640625 217.60772705078125 37.120849609375 21.3914794921875
11 517.8555908203125 198.84608459472656 107.816650390625 294.98606872558594
11 450.47076416015625 173.12936401367188 106.96673583984375 330.05157470703125
11 19.676727294921875 175.39935302734375 181.7689208984375 290.580322265625
10 525.5926513671875 253.92059326171875 75.7105712890625 118.08209228515625
11 12.984603881835938 175.138427734375 211.53799438476562 464.34906005859375
10 65.32855224609375 225.37741088867188 97.0615234375 123.9632568359375
9 555.10009765625 250.4744873046875 20.514892578125 15.811279296875
9 608.976318359375 277.0078125 16.0 13.88153076171875
11 447.55633544921875 183.33984375 160.064697265625 315.2210693359375
9 606.407958984375 278.0201721191406 16.8470458984375 13.69720458984375
11 446.194091796875 163.8424530029297 76.428955078125 362.94801330566406