3 0.5375 0.48515625 0.07734375 0.03984375
5 0.4390625 0.37421875 0.0546875 0.06171875
5 0.24921875 0.3453125 0.08359375 0.0921875
5 0.703125 0.42109375 0.04140625 0.04921875
5 0.60234375 0.42734375 0.04140625 0.0484375
5 0.496875 0.41640625 0.04296875 0.0640625
5 0.3453125 0.41640625 0.04375 0.05078125
5 0.10859375 0.3984375 0.0453125 0.04921875
3 0.453125 0.5234375 0.0375 0.04296875
3 0.12578125 0.4875 0.02890625 0.0265625
7 0.70078125 0.70546875 0.0390625 0.04296875
7 0.38828125 0.7703125 0.06015625 0.06640625
7 0.440625 0.74609375 0.0546875 0.04921875
5 0.28515625 0.3984375 0.040625 0.0546875
5 0.19921875 0.38828125 0.03984375 0.04140625
11 231.0685272216797 205.79248046875 97.91468811035156 300.5523681640625
11 23.78215789794922 235.2753143310547 77.55784606933594 184.63746643066406
10 115.20475006103516 244.94219970703125 71.27782440185547 130.82403564453125
11 415.6622314453125 248.72946166992188 72.9647216796875 213.5687255859375
11 362.8947448730469 259.54681396484375 52.19671630859375 164.832275390625
11 197.46707153320312 245.1936492919922 54.8897705078125 183.15357971191406
10 241.5047607421875 261.7998046875 72.90399169921875 94.48919677734375
10 370.86859130859375 283.87957763671875 37.3353271484375 42.560546875
10 205.08544921875 276.3747863769531 34.851898193359375 45.44354248046875
10 48.48088073730469 267.57708740234375 43.53218078613281 59.277587890625
5 132.7770233154297 190.93093872070312 49.967041015625 33.81927490234375
10 423.49176025390625 287.4543762207031 50.7618408203125 80.96917724609375
11 301.99237060546875 244.2294921875 44.746337890625 192.5643310546875
11 104.34095764160156 188.98883056640625 100.40390014648438 451.01116943359375
11 170.95184326171875 239.70217895507812 42.306884765625 173.747314453125
5 210.501953125 247.22491455078125 23.65081787109375 14.80059814453125
10 104.54048156738281 262.6398620605469 16.5732421875 59.2890625
10 312.3929443359375 278.32867431640625 28.1251220703125 59.7008056640625
5 266.25653076171875 205.8813018798828 38.111083984375 28.438568115234375
9 272.5111389160156 248.53738403320312 18.1729736328125 18.94647216796875
10 178.4102783203125 267.268310546875 25.40020751953125 51.802734375
9 441.34490966796875 273.8795166015625 15.29052734375 14.4395751953125
11 100.25181579589844 232.47352600097656 34.0882568359375 146.12840270996094
5 439.5465087890625 251.13076782226562 23.56951904296875 16.93841552734375
9 166.26492309570312 233.28138732910156 16.3819580078125 22.19464111328125
9 63.968345642089844 258.4471130371094 14.030685424804688 12.91278076171875
5 306.63519287109375 246.98077392578125 24.5093994140625 18.20501708984375
5 115.46002197265625 233.80722045898438 18.84283447265625 13.257293701171875
5 59.439369201660156 235.67457580566406 22.8319091796875 14.5623779296875
9 312.86395263671875 269.5014953613281 13.4647216796875 14.2452392578125
9 176.22665405273438 248.20269775390625 15.87042236328125 19.97698974609375
5 379.0235595703125 260.547119140625 15.02728271484375 13.0426025390625
9 380.949951171875 276.78778076171875 11.49652099609375 9.7796630859375
9 217.83279418945312 267.544677734375 11.81805419921875 13.4476318359375