2 0.49453125 0.31875 0.0296875 0.078125
5 0.3121041752466859 0.5826094354312228 0.13054202267663584 0.07494655068427196
5 0.19974108259073073 0.5023850387491781 0.13699201734563574 0.09220677601845359
5 0.1106909573122282 0.09738790873645134 0.07243862133990894 0.04927384134309047
5 0.2874710859723194 0.1478889900938593 0.04091590133672725 0.025472714672181596
9 0.2918404126352742 0.17528728409449562 0.023655676002545433 0.019022720003181705
9 0.12019267930459225 0.1537560874044967 0.04106135200509069 0.03797271467218159
9 0.20787975190964048 0.6087441267504508 0.07391021467218159 0.041479522676635835
10 0.4328125 0.44296875 0.153125 0.1515625
10 0.34921875 0.66328125 0.3203125 0.1109375
10 0.18125 0.63828125 0.153125 0.1609375
10 0.12048248595641109 0.2631492687380422 0.136829480028635 0.21250109468490824
10 0.2850540632956836 0.2213083087603139 0.08052384134309029 0.07280224801081765
11 0.2946012386219111 0.2737702374283592 0.12678286537236189 0.2889363253500902
11 0.42734375 0.46640625 0.1640625 0.3828125
11 0.278125 0.621875 0.4625 0.19375
11 0.16640625 0.575 0.3015625 0.2875
11 0.12165408728518408 0.2967612000715876 0.21637371873008798 0.469641980028635
11 0.0328125 0.284375 0.065625 0.5
5 49.698543548583984 51.91828155517578 94.10678100585938 111.39055633544922
5 170.53994750976562 90.19276428222656 198.76681518554688 120.09371948242188
4 55.54863357543945 75.16786193847656 93.49470520019531 93.68992614746094
0 453.98687744140625 25.98194122314453 529.8927612304688 91.92999267578125