5 0.10859375 0.46953125 0.0796875 0.09765625
5 0.17890625 0.43125 0.07890625 0.06953125
5 0.23828125 0.42265625 0.0484375 0.05859375
5 0.4890625 0.40390625 0.05078125 0.05625
5 0.66875 0.40859375 0.0546875 0.07109375
5 0.73828125 0.42890625 0.06015625 0.0734375
5 0.8890625 0.46484375 0.1 0.1046875
3 0.8203125 0.61015625 0.08515625 0.0828125
3 0.66484375 0.51796875 0.05 0.04296875
3 0.9 0.71953125 0.065625 0.07890625
3 0.653125 0.47890625 0.03671875 0.03046875
3 0.2796875 0.49765625 0.040625 0.03046875
3 0.26484375 0.52578125 0.03359375 0.0296875
4 0.2359375 0.41953125 0.0375 0.01796875
4 0.66484375 0.41171875 0.0453125 0.01640625
4 0.734375 0.42890625 0.053125 0.01953125
4 0.86875 0.46953125 0.05859375 0.04375
4 0.19609375 0.43203125 0.0375 0.025
4 0.4859375 0.40234375 0.03359375 0.0171875
2 564.8360595703125 420.802001953125 75.1639404296875 88.4443359375
2 47.8646240234375 393.4322509765625 82.23094177246094 56.75201416015625
11 76.63274383544922 242.40823364257812 142.45581817626953 127.20709228515625
2 565.429443359375 522.2526245117188 74.570556640625 98.1553955078125
10 408.7362060546875 278.61102294921875 46.9122314453125 45.6719970703125
5 543.640869140625 260.32696533203125 61.71142578125 43.024169921875
11 0.0 249.42724609375 118.80889129638672 274.3970947265625
5 411.9430236816406 239.89093017578125 33.91693115234375 20.174774169921875
11 514.706298828125 255.544921875 125.293701171875 181.746337890625
11 279.9012451171875 241.47784423828125 68.26007080078125 69.77001953125
11 389.8885498046875 238.0557098388672 73.08489990234375 90.10682678222656
11 547.9583129882812 415.36920166015625 91.955322265625 210.27099609375
5 452.48223876953125 249.0629119873047 39.4896240234375 21.467910766601562
10 533.0325927734375 323.4669494628906 92.37841796875 98.07684326171875
5 91.49977111816406 246.53880310058594 45.7742919921875 29.739883422851562
9 138.07916259765625 270.72015380859375 23.31793212890625 17.8184814453125
9 542.6278076171875 307.9373779296875 25.8642578125 22.60888671875
5 301.005126953125 243.15292358398438 22.1722412109375 13.03863525390625
9 455.86871337890625 280.44866943359375 20.09326171875 16.5167236328125
5 139.22622680664062 249.60781860351562 24.8785400390625 14.26611328125
9 415.2049560546875 269.649169921875 21.2626953125 15.20587158203125
10 456.1664733886719 290.6170654296875 55.44378662109375 72.48126220703125
10 285.97991943359375 272.7892150878906 53.01043701171875 38.71636962890625
9 302.5845642089844 261.29229736328125 16.89605712890625 12.867431640625
9 67.84297943115234 306.9989013671875 25.947235107421875 25.9627685546875
10 9.40863037109375 323.6439208984375 92.27796936035156 134.1114501953125
9 121.47407531738281 278.4449462890625 16.9378662109375 19.4454345703125
9 458.3407287597656 280.9715576171875 20.13812255859375 17.5465087890625
11 439.1744384765625 245.22462463378906 96.63275146484375 132.55064392089844
11 491.7214050292969 513.1947021484375 148.27859497070312 126.8052978515625