2 0.25 0.4265625 0.17109375 0.2046875
2 0.52421875 0.3796875 0.11953125 0.17265625
0 0.59296875 0.47421875 0.12109375 0.1125
4 0.271875 0.44140625 0.13046875 0.0828125
4 0.52109375 0.39296875 0.10390625 0.03046875
0 0.56640625 0.6125 0.13359375 0.12421875
2 100.38534545898438 199.650390625 222.6221923828125 293.5832214355469
2 286.911865234375 187.242431640625 373.3763427734375 259.7720947265625
11 6.83868408203125 193.27752685546875 312.293212890625 640.0
9 164.22036743164062 289.1861267089844 219.48580932617188 325.6471252441406
10 77.7926025390625 332.11859130859375 212.73068237304688 521.4795532226562
9 306.9354248046875 261.27734375 354.6556396484375 297.408447265625
9 527.2904052734375 125.72545623779297 640.0 272.88104248046875
10 558.6817626953125 198.6055450439453 640.0 530.5355834960938