4 0.59140625 0.4921875 0.0328125 0.025
3 0.7265625 0.60859375 0.03046875 0.0359375
4 0.6734375 0.478125 0.02734375 0.01328125
2 0.390625 0.47109375 0.08046875 0.084375
2 0.6046875 0.4828125 0.06015625 0.0625
2 0.68984375 0.4703125 0.0453125 0.053125
3 0.625 0.6796875 0.02734375 0.0265625
3 0.28984375 0.53984375 0.0265625 0.028125
7 0.73671875 0.7359375 0.0390625 0.034375
7 0.6421875 0.8203125 0.06328125 0.04296875
7 0.61796875 0.7890625 0.05234375 0.03984375
7 0.70859375 0.71953125 0.04453125 0.0296875
10 206.7235107421875 328.8868713378906 301.60321044921875 456.0234069824219
11 356.0286865234375 281.5792236328125 445.22076416015625 534.9378662109375
11 175.9329833984375 268.57708740234375 335.1309814453125 640.0
11 409.5426025390625 280.1732177734375 490.47357177734375 467.0067138671875
10 373.55755615234375 330.16363525390625 425.61468505859375 434.49212646484375
2 363.5300598144531 285.8956298828125 405.3797302246094 315.530517578125
2 223.21017456054688 271.3048095703125 272.39044189453125 319.1116943359375
2 422.1332092285156 283.00079345703125 455.6767883300781 306.452392578125
9 368.8450927734375 319.2074279785156 385.95947265625 334.1956481933594
9 432.2947998046875 309.81817626953125 447.116455078125 320.98480224609375
9 427.8688049316406 309.28033447265625 443.5099182128906 321.29400634765625
10 426.63958740234375 316.0169677734375 471.1768798828125 394.89849853515625
9 423.97479248046875 308.6961669921875 437.1578369140625 321.181884765625