2 0.30859375 0.3296875 0.0953125 0.1203125
2 0.4265625 0.3328125 0.034375 0.04921875
2 0.72890625 0.365625 0.115625 0.1296875
2 0.6234375 0.365625 0.08125 0.10703125
2 0.57109375 0.3484375 0.03828125 0.0640625
3 0.2703125 0.65 0.053125 0.06015625
3 0.3796875 0.5765625 0.034375 0.05625
4 0.61484375 0.365625 0.0640625 0.0296875
3 0.70390625 0.60859375 0.09375 0.0625
7 0.37421875 0.79296875 0.090625 0.065625
3 0.071875 0.640625 0.04375 0.0734375
2 0.671875 0.371875 0.04765625 0.09453125
4 0.57109375 0.35390625 0.03828125 0.01875
4 0.30859375 0.340625 0.0734375 0.02421875
4 0.42890625 0.3359375 0.03203125 0.02265625
6 0.546875 0.7640625 0.0828125 0.05859375
3 0.846875 0.61328125 0.0671875 0.05234375
3 0.55546875 0.503125 0.04609375 0.0484375
3 0.6046875 0.5203125 0.065625 0.0390625
3 0.54609375 0.4484375 0.025 0.0296875
3 0.42734375 0.43671875 0.0171875 0.02421875
0 0.44375 0.44296875 0.021875 0.028125
2 160.8135986328125 169.4350128173828 228.05844116210938 215.5112762451172
2 420.87158203125 187.1903076171875 505.2471923828125 252.57003784179688
11 127.84796142578125 168.08343505859375 266.0946350097656 640.0
11 323.74822998046875 193.04840087890625 451.79840087890625 550.2825317382812
10 344.7764892578125 254.73484802246094 444.17877197265625 383.309326171875
10 146.33773803710938 241.11087036132812 220.53549194335938 385.8464050292969
10 337.69134521484375 241.37783813476562 377.75396728515625 320.7048034667969
10 0.0 244.01266479492188 35.39720916748047 373.4316101074219
2 374.974853515625 199.25831604003906 425.8211669921875 233.0845184326172
2 259.8290710449219 195.3553466796875 282.6888122558594 216.23077392578125
11 390.487548828125 183.42236328125 574.7396240234375 640.0
10 255.960205078125 228.7351837158203 300.9019775390625 322.97100830078125
2 349.7170104980469 197.86920166015625 378.6904602050781 220.54034423828125
11 246.1218719482422 193.7106170654297 308.09820556640625 377.68475341796875
9 375.55413818359375 238.37823486328125 404.1202392578125 261.18157958984375
11 323.872314453125 195.54559326171875 388.6865234375 368.1920166015625
11 0.0 184.10755920410156 68.8975830078125 640.0
9 192.50027465820312 223.11056518554688 218.00399780273438 243.17135620117188
9 269.905029296875 219.0091552734375 282.8426513671875 230.16082763671875
9 358.9487609863281 225.31683349609375 375.9632263183594 238.8135986328125
9 447.8743896484375 254.600830078125 472.802001953125 276.3966064453125
10 434.769287109375 272.300048828125 552.5994873046875 489.27569580078125
11 416.53759765625 206.2025909423828 453.8135986328125 309.59808349609375