2 0.3546875 0.33125 0.171875 0.2375
4 0.35625 0.353125 0.12421875 0.046875
3 0.21953125 0.7625 0.1125 0.1015625
3 0.16171875 0.7625 0.0828125 0.10390625
3 0.21171875 0.93515625 0.11484375 0.09375
3 0.153125 0.94453125 0.0921875 0.090625
2 170.00775146484375 120.89966583251953 281.525634765625 212.714111328125
11 136.9702606201172 115.32708740234375 419.14385986328125 640.0
9 193.45657348632812 246.18719482421875 260.93011474609375 284.64801025390625
11 1.0745849609375 544.6710205078125 326.7864990234375 640.0
13 172.03404235839844 253.16473388671875 380.5771484375 518.367431640625
9 91.01687622070312 606.90771484375 177.37655639648438 639.802490234375