5 0.16796875 0.3828125 0.0625 0.075
5 0.66171875 0.4 0.053125 0.06171875
5 0.5375 0.40390625 0.0375 0.05078125
7 0.71875 0.7453125 0.04765625 0.07109375
7 0.6484375 0.73359375 0.04609375 0.06171875
7 0.51953125 0.7359375 0.05859375 0.05390625
7 0.828125 0.71328125 0.053125 0.06171875
4 0.6625 0.40078125 0.04453125 0.01640625
4 0.49765625 0.4140625 0.0390625 0.01328125
4 0.409375 0.39609375 0.04140625 0.01640625
4 0.34375 0.396875 0.04375 0.01796875
4 0.97578125 0.396875 0.04453125 0.0140625
4 0.7921875 0.396875 0.0390625 0.0125
4 0.74375 0.409375 0.0375 0.01328125
4 0.6171875 0.40625 0.03984375 0.01484375
4 0.175 0.38828125 0.04921875 0.01796875
2 0.33984375 0.39453125 0.05078125 0.0703125
2 0.403125 0.38828125 0.05625 0.07578125
2 0.4921875 0.4109375 0.05234375 0.06875
2 0.61953125 0.40390625 0.040625 0.0734375
2 0.74375 0.4046875 0.04453125 0.0640625
2 0.7921875 0.38984375 0.04765625 0.07265625
2 0.97109375 0.39375 0.0578125 0.06484375
2 0.15546875 0.6484375 0.0734375 0.04453125
3 0.66015625 0.51015625 0.028125 0.0328125
3 0.6859375 0.44375 0.04609375 0.02578125
3 0.74765625 0.56015625 0.02265625 0.02578125
3 0.84296875 0.55703125 0.03203125 0.02890625
3 0.91796875 0.56953125 0.0203125 0.02578125
7 0.77421875 0.71015625 0.046875 0.05390625
13 214.13800048828125 259.96533203125 292.96282958984375 369.021728515625
13 59.72628402709961 260.64013671875 139.48947143554688 371.2791748046875
2 239.69039916992188 222.39859008789062 275.8645324707031 250.125732421875
2 460.85150146484375 237.07089233398438 490.10723876953125 258.81304931640625
2 199.539794921875 227.736572265625 234.49539184570312 256.30303955078125
11 194.4627685546875 220.13232421875 291.42120361328125 507.703857421875
13 401.2745361328125 272.163818359375 457.5614013671875 360.7415771484375
11 393.03887939453125 232.9771728515625 483.7415771484375 504.05731201171875
2 607.8076782226562 231.04647827148438 639.9276733398438 255.24954223632812
2 380.9835510253906 235.893798828125 408.9736633300781 258.346435546875
13 179.66110229492188 265.74639892578125 231.94985961914062 362.81964111328125
2 491.24920654296875 226.94271850585938 522.1786499023438 252.26492309570312
11 170.59603881835938 226.2947998046875 237.49099731445312 470.467041015625
13 283.6712341308594 270.93817138671875 344.8000183105469 352.85601806640625
2 302.1329040527344 238.46609497070312 333.9241638183594 262.4642333984375
11 469.83349609375 224.96372985839844 548.673828125 468.826904296875
11 358.747802734375 235.14959716796875 411.68701171875 458.66009521484375
13 479.31658935546875 259.1622619628906 541.21044921875 352.9826965332031
11 325.94879150390625 236.95750427246094 371.00738525390625 456.300048828125
13 370.898681640625 268.82159423828125 405.9146728515625 334.22991943359375
11 268.29241943359375 234.64169311523438 347.80084228515625 486.6598205566406
9 416.15545654296875 259.95916748046875 433.98870849609375 274.25115966796875
11 0.01025390625 218.2812957763672 214.3533935546875 640.0
11 47.2735595703125 213.9021453857422 150.94454956054688 538.4706420898438
13 326.4999694824219 269.51739501953125 366.8340759277344 337.55609130859375
9 465.5169677734375 266.07977294921875 486.136474609375 282.20172119140625
2 86.76937866210938 217.90472412109375 130.79843139648438 247.58172607421875
11 455.70355224609375 236.641845703125 495.77001953125 441.02227783203125
9 498.92327880859375 255.04263305664062 517.222900390625 268.4911804199219
5 407.208251953125 236.12820434570312 437.43896484375 253.01034545898438
10 0.09619140625 0.0 85.40299987792969 38.592063903808594
11 581.076416015625 229.1563262939453 639.932861328125 481.67266845703125
13 457.5475769042969 277.59912109375 483.8293151855469 336.7255859375
9 251.8199920654297 257.8592834472656 268.46868896484375 271.5799255371094
2 331.9161376953125 239.81100463867188 354.6854248046875 256.47637939453125
13 596.3780517578125 264.0437927246094 639.9034423828125 338.9795227050781
9 204.6844940185547 261.535400390625 220.2850799560547 274.99273681640625
9 388.7261047363281 263.5244140625 402.3715515136719 275.21331787109375
9 613.1671142578125 259.63970947265625 632.2862548828125 274.28314208984375
13 118.318603515625 264.56396484375 146.02365112304688 358.7467041015625
9 335.9337158203125 261.387939453125 348.82598876953125 273.3974609375
11 115.35548400878906 238.13720703125 151.6273651123047 414.76202392578125
11 0.0970306396484375 0.0 114.286865234375 205.78060913085938
9 252.86268615722656 256.3484191894531 271.5152587890625 270.4847717285156
9 314.32080078125 268.27374267578125 329.639892578125 281.13311767578125
9 96.54887390136719 252.12933349609375 113.55215454101562 268.791259765625
13 589.21435546875 260.76727294921875 639.802001953125 411.66131591796875