11 0.10390625 0.21484375 0.2078125 0.4296875
10 0.903125 0.2179671873574586 0.0359375 0.05802157825883114
5 0.9046875 0.17342684699837907 0.015625 0.012590903590796287
9 0.90234375 0.18594048253699844 0.0140625 0.011019313231716588
11 0.89453125 0.23832968433239649 0.0625 0.1503636143631848
2 0.4203125 0.763024115541535 0.0984375 0.059947692622015936
2 0.21484375 0.7368757477605048 0.075 0.06137383723582168
2 0.34140625 0.8150456786750558 0.0421875 0.04555793969514958
2 0.06328125 0.5299450125912277 0.1015625 0.09277837334017516
9 0.0390625 0.5777421631569618 0.059375 0.0440954336450254
9 0.1953125 0.772926877249 0.03125 0.026744307181592396
9 0.35234375 0.8493570461614984 0.0265625 0.026717036104353654
9 0.41875 0.7942832059006146 0.053125 0.03312157220870695
13 0.478125 0.9111252722555893 0.1984375 0.1449044756031114
10 0.36640625 0.8938064829297818 0.0734375 0.06448974687674217
10 0.17890625 0.8433348260193361 0.1140625 0.13660109621281222
11 0.06953125 0.72265625 0.1390625 0.5546875
11 0.4296875 0.85703125 0.340625 0.2859375
11 0.3703125 0.8625337570320829 0.109375 0.1490738251355733
11 0.20234375 0.84921875 0.2296875 0.3015625
2 3.023223876953125 312.35986328125 69.2159423828125 388.3204345703125
2 112.69720458984375 450.8853759765625 159.52615356445312 505.98577880859375
2 205.76333618164062 503.922119140625 236.37142944335938 553.23486328125
2 244.5057373046875 472.7366943359375 295.63592529296875 518.2669677734375
3 25.281375885009766 389.7621765136719 55.60823440551758 422.3550720214844
3 173.6949462890625 590.77099609375 208.3697509765625 620.114501953125
4 116.03702545166016 470.19140625 147.42520141601562 493.2906494140625
3 109.04020690917969 554.7888793945312 161.28016662597656 591.2029418945312
4 6.051399230957031 337.7626953125 51.631004333496094 365.4688720703125
0 109.17738342285156 554.681884765625 161.3236541748047 590.9715576171875
4 209.17904663085938 526.8456420898438 233.46548461914062 539.6715698242188