2 0.26875 0.39296875 0.07734375 0.0734375
2 0.0921875 0.4015625 0.0546875 0.06015625
2 0.84375 0.3640625 0.13515625 0.1640625
3 0.771875 0.5671875 0.1015625 0.0734375
4 0.83203125 0.39296875 0.11640625 0.03203125
2 0.15625 0.4015625 0.0234375 0.021875
4 0.2609375 0.40625 0.04296875 0.0265625
4 0.0828125 0.40859375 0.0359375 0.01875
2 499.1226501464844 177.67398071289062 589.0013427734375 246.69595336914062
2 145.65724182128906 226.63656616210938 191.13978576660156 259.8123474121094
9 159.73312377929688 262.54193115234375 179.09317016601562 278.97320556640625
2 40.847808837890625 239.24627685546875 73.26263427734375 258.86944580078125
11 42.22160339355469 237.35206604003906 93.27693176269531 304.84912109375
9 510.43133544921875 255.12942504882812 565.0436401367188 281.4574890136719
13 169.98739624023438 273.8886413574219 219.46682739257812 317.2165832519531
11 427.039794921875 174.104736328125 639.897705078125 637.8519287109375
13 55.00419616699219 268.1663513183594 90.30262756347656 303.1615905761719
13 166.92587280273438 271.96392822265625 219.24911499023438 342.4896240234375
11 143.91433715820312 224.2130126953125 222.58285522460938 453.49261474609375
9 47.061614990234375 259.971435546875 58.929725646972656 271.01751708984375