2 0.275 0.3671875 0.08125 0.09609375
2 0.4640625 0.4 0.0609375 0.0828125
2 0.67734375 0.4140625 0.06875 0.08984375
2 0.8578125 0.41171875 0.10078125 0.1140625
1 0.66875 0.42578125 0.0625 0.01875
4 0.46796875 0.40390625 0.053125 0.0203125
4 0.85078125 0.41875 0.08828125 0.02109375
4 0.2828125 0.37265625 0.08125 0.02578125
3 0.21875 0.65546875 0.04140625 0.04921875
3 0.34453125 0.6421875 0.03359375 0.04921875
3 0.40859375 0.62890625 0.03359375 0.04296875
3 0.6078125 0.6421875 0.02890625 0.0359375
3 0.73515625 0.64765625 0.03671875 0.03203125
3 0.55 0.5828125 0.03359375 0.0390625
3 0.80390625 0.66796875 0.028125 0.03203125
3 0.8546875 0.71484375 0.05078125 0.03515625
7 0.51953125 0.81171875 0.05078125 0.04921875
7 0.44609375 0.81328125 0.0484375 0.0546875
11 497.00146484375 225.49256896972656 619.1617431640625 640.0
2 146.86297607421875 201.164306640625 202.68756103515625 241.18832397460938
10 132.9708251953125 270.194091796875 212.515380859375 415.62353515625
11 374.7648010253906 232.5340576171875 492.2301330566406 640.0
2 518.567138671875 226.267578125 582.587890625 271.1412353515625
10 395.34375 296.5701904296875 473.6439208984375 405.2586669921875
11 105.09934997558594 198.74090576171875 233.3093719482422 639.899169921875
11 237.941650390625 223.27911376953125 369.1171875 639.9368896484375
2 411.33245849609375 233.36740112304688 456.03814697265625 272.6472473144531
2 275.31640625 226.06558227539062 315.4295654296875 258.4881286621094
10 512.646484375 305.07135009765625 609.432373046875 460.58233642578125
9 288.90521240234375 264.84832763671875 311.72003173828125 281.55474853515625
9 171.52932739257812 244.755859375 198.74581909179688 261.26080322265625
9 413.49530029296875 276.059326171875 435.05938720703125 291.07421875
10 260.54833984375 284.92669677734375 346.8316650390625 388.21661376953125
9 523.0790405273438 273.338623046875 549.0588989257812 289.3404541015625