9 0.39296875 0.45546875 0.1015625 0.0671875
9 0.18828125 0.42421875 0.1234375 0.1296875
5 0.20664841315696178 0.3257328156676035 0.11121930113146812 0.04908291549465282
5 0.3721688740275463 0.344665143730043 0.11916815651766229 0.07256586729005096
11 0.2859375 0.3890625 0.571875 0.2
2 0.6919915363989411 0.14711641539645698 0.17559087334017515 0.10258062021691723
10 0.66171875 0.3734375 0.1640625 0.23125
11 0.91640625 0.33046875 0.1671875 0.3171875
11 0.71328125 0.28671875 0.2671875 0.4046875
9 0.719548388956465 0.24493629185989008 0.07379202400410509 0.06136474687674198
2 0.50390625 0.53984375 0.1515625 0.1015625
2 0.521875 0.5984375 0.115625 0.134375
2 0.05625 0.628125 0.1125 0.196875
2 0.45235075683569115 0.7773690803019347 0.1761635659621911 0.20101812021691715
2 0.084375 0.92890625 0.15 0.1421875
2 0.425 0.9328125 0.20625 0.134375
11 0.328125 0.51640625 0.23125 0.0546875
5 0.5609375 0.86015625 0.0375 0.1296875
9 0.54072693472518 0.8958559807694728 0.029951120413308985 0.0454852168225127
2 0.07734375 0.821875 0.1546875 0.128125
10 0.07602006099222139 0.7353345537637468 0.10385222872636941 0.12559996369925486
10 0.21306099785870067 0.8150407553627531 0.17790787314378348 0.23227721057599676
5 0.2045859434075828 0.6602987132082754 0.10370678298109545 0.10059996369925486
9 0.2839189194034777 0.7216998215213359 0.040897710772388504 0.047111349336070064
11 0.4828125 0.60234375 0.19375 0.2265625
10 0.4457245486955812 0.5734173785065366 0.07748971662612103 0.1598204275949012
10 0.55625 0.7625 0.046875 0.190625
10 0.17421875 0.96796875 0.1296875 0.0640625
11 0.146875 0.92890625 0.29375 0.1421875
11 0.0765625 0.70390625 0.153125 0.2703125
11 0.2305302989901688 0.7667032493126289 0.3317601018701529 0.3581680657657994
11 0.54609375 0.89609375 0.0671875 0.2078125
11 0.4523553020152309 0.7765878303019347 0.17307492739850955 0.20724993949875808
11 0.52109375 0.70078125 0.1171875 0.3484375
12 0.7737126724285399 0.6464049057320954 0.012990879390299349 0.08444772287263688
2 234.4405975341797 451.529296875 341.26593017578125 556.7803955078125
2 382.82080078125 59.72867965698242 497.60906982421875 183.66001892089844
2 0.0 367.43463134765625 66.81193542480469 458.0933837890625
2 298.6473388671875 366.810546875 369.60791015625 427.7703857421875
4 214.663818359375 244.23114013671875 281.86273193359375 289.7685546875
5 101.02301025390625 394.5974426269531 189.678466796875 490.3802795410156
5 384.3080749511719 60.667022705078125 495.7950744628906 184.32095336914062
2 0.6725845336914062 490.6756896972656 108.00325775146484 638.3721923828125
2 0.180938720703125 490.04083251953125 98.06365966796875 571.9656372070312
4 424.011474609375 111.2037353515625 495.1220703125 149.54443359375
2 270.89727783203125 310.24853515625 369.85186767578125 370.474609375