9 0.015625 0.41648754235086943 0.028125 0.023601126463433174
8 0.35859375 0.046875 0.1046875 0.09375
5 0.03671875 0.39058357250329456 0.034375 0.02832498789975162
10 0.32890625 0.359375 0.2796875 0.440625
10 0.03203125 0.51171875 0.0640625 0.1359375
11 0.0359375 0.471875 0.071875 0.215625
11 0.27265625 0.28984375 0.3921875 0.5796875
13 0.3609375 0.67890625 0.115625 0.1984375
13 0.1625 0.6859375 0.140625 0.2125
11 0.35625 0.78984375 0.16875 0.4203125
11 0.15703125 0.78984375 0.2203125 0.4203125
3 131.47776794433594 493.65692138671875 19.754852294921875 35.2537841796875
3 243.84292602539062 496.3515625 18.418121337890625 32.46533203125
3 51.544044494628906 435.07952880859375 20.802474975585938 29.30419921875
2 9.288293838500977 139.96951293945312 45.71394157409668 52.595306396484375