2 0.3171875 0.3640625 0.1796875 0.23671875
1 0.3421875 0.38828125 0.09296875 0.0640625
0 0.425 0.72734375 0.1015625 0.07578125
0 0.46640625 0.696875 0.12265625 0.075
0 0.46640625 0.9125 0.12265625 0.08046875
2 0.3078125 0.0609375 0.18125 0.121875
2 136.09130859375 157.70166015625 265.9805908203125 258.3971862792969
10 0.0 232.8001708984375 239.4957733154297 522.4862060546875
9 176.0009765625 259.2559509277344 227.9564208984375 305.7978820800781
13 133.51220703125 0.1217041015625 269.2174072265625 80.03042602539062
11 0.057220458984375 149.68406677246094 331.07342529296875 522.2635498046875
10 0.0 522.43701171875 276.4012451171875 639.75390625
13 0.396484375 523.1569213867188 288.82025146484375 640.0
11 110.03732299804688 0.06475830078125 406.7659606933594 288.484130859375
11 0.0 522.6328735351562 368.60076904296875 640.0