4 0.3421875 0.45234375 0.04765625 0.025
2 0.515625 0.415625 0.0640625 0.065625
7 0.496875 0.61796875 0.075 0.0640625
2 0.3453125 0.4546875 0.0640625 0.06796875
4 0.515625 0.4203125 0.0453125 0.0296875
7 0.525 0.71171875 0.05390625 0.05859375
0 0.403125 0.59609375 0.04140625 0.028125
0 0.2796875 0.4390625 0.0453125 0.1078125
7 0.5234375 0.90625 0.06015625 0.0546875
10 183.01779174804688 305.0938720703125 240.86236572265625 393.6474609375
11 298.70037841796875 235.0020751953125 422.77874755859375 462.47442626953125
2 304.806884765625 240.33583068847656 345.9769287109375 275.4462890625
5 199.98944091796875 269.3272705078125 239.48477172851562 295.748779296875
9 324.7469482421875 271.39349365234375 343.1673583984375 290.75244140625
10 342.43145751953125 266.9671630859375 395.56640625 332.38330078125
11 163.97769165039062 262.71453857421875 289.2948913574219 505.67303466796875
9 213.04995727539062 295.6483154296875 231.96597290039062 309.1175537109375
11 162.42599487304688 234.81536865234375 290.0041809082031 633.171875
11 165.4482421875 238.58123779296875 386.601318359375 640.0