2 0.5109375 0.41796875 0.0515625 0.075
2 0.67578125 0.41171875 0.06640625 0.06796875
2 0.31484375 0.54453125 0.0921875 0.084375
7 0.540625 0.73828125 0.03984375 0.04921875
7 0.45390625 0.73046875 0.040625 0.046875
1 0.309375 0.5484375 0.065625 0.046875
4 0.5109375 0.41875 0.046875 0.01875
4 0.6765625 0.4140625 0.05 0.0203125
0 0.625 0.50703125 0.05078125 0.0375
0 0.75859375 0.4921875 0.04375 0.028125
0 0.753125 0.4828125 0.04375 0.0203125
7 0.5375 0.9234375 0.04765625 0.05078125
7 0.45390625 0.92890625 0.046875 0.05390625
7 0.68515625 0.92109375 0.05859375 0.04296875
7 0.3953125 0.5046875 0.05234375 0.03203125
3 0.23125 0.65859375 0.0609375 0.06953125
7 0.690625 0.75 0.05078125 0.0546875
7 0.740625 0.74140625 0.0515625 0.0484375
10 294.13787841796875 285.95159912109375 60.282470703125 90.144775390625
11 262.28704833984375 236.40606689453125 152.5731201171875 249.53375244140625
2 308.63836669921875 239.633544921875 36.02557373046875 28.204010009765625
11 387.49462890625 234.82223510742188 117.4473876953125 275.34674072265625
2 412.8077087402344 238.203125 41.3773193359375 29.30645751953125
10 401.3506774902344 282.7076110839844 59.01971435546875 93.44512939453125
11 89.21002197265625 308.79693603515625 155.21932983398438 331.20306396484375
2 176.07992553710938 317.879638671875 54.15283203125 43.7562255859375
9 176.46646118164062 352.37738037109375 27.92547607421875 20.777099609375
10 115.19061279296875 366.5548095703125 106.14895629882812 109.15325927734375
9 314.9240417480469 275.52117919921875 19.28680419921875 14.66876220703125
9 428.95147705078125 268.9036865234375 13.5328369140625 13.41748046875
9 316.7899169921875 274.0161437988281 19.0279541015625 13.6478271484375