7 0.3953125 0.73359375 0.07734375 0.09140625
4 0.2734375 0.33359375 0.06015625 0.0453125
4 0.50625 0.2890625 0.06171875 0.03515625
4 0.7328125 0.2640625 0.06015625 0.0390625
4 0.859375 0.296875 0.0484375 0.028125
5 0.2578125 0.33515625 0.1015625 0.1140625
5 0.5109375 0.2953125 0.0921875 0.103125
5 0.40625 0.3078125 0.0796875 0.07265625
5 0.634375 0.31171875 0.05703125 0.05390625
5 0.73515625 0.2640625 0.1015625 0.1046875
5 0.85859375 0.29765625 0.06796875 0.0734375
3 0.39375 0.625 0.04140625 0.0640625
3 0.59921875 0.6203125 0.04375 0.06015625
3 0.81875 0.58671875 0.0640625 0.05625
3 0.1953125 0.371875 0.05078125 0.1109375
3 0.64453125 0.58671875 0.04140625 0.046875
3 0.37421875 0.50234375 0.034375 0.04453125
1 0.3953125 0.31171875 0.0453125 0.0265625
4 0.6296875 0.31171875 0.0375 0.01640625
11 517.3363037109375 162.076904296875 612.7193603515625 473.10491943359375
10 258.26959228515625 226.69537353515625 379.69622802734375 392.85723876953125
11 88.58831787109375 173.95606994628906 228.73690795898438 639.5736083984375
9 305.65087890625 195.87860107421875 342.01702880859375 223.85137939453125
10 520.5948486328125 215.01904296875 590.4381103515625 346.8350830078125
9 243.95541381835938 206.7147674560547 268.2402648925781 226.89012145996094
9 451.17401123046875 176.04055786132812 492.30279541015625 205.04641723632812
9 151.2471160888672 217.77874755859375 190.38902282714844 249.62997436523438
5 440.3019714355469 132.68992614746094 500.0307922363281 157.6841278076172
9 535.7798461914062 193.90585327148438 563.0822143554688 211.70645141601562
11 232.8621826171875 150.25390625 395.19610595703125 640.0
5 238.07424926757812 169.77545166015625 284.0625305175781 197.97100830078125
5 529.2141723632812 164.49887084960938 567.1256713867188 180.88436889648438
5 296.77197265625 151.86367797851562 350.9189453125 177.47805786132812
10 430.551025390625 206.18081665039062 527.8153076171875 413.4131774902344
10 98.27566528320312 249.08335876464844 212.90310668945312 467.021728515625
5 391.04107666015625 184.02352905273438 413.18719482421875 197.36068725585938
9 394.38385009765625 204.16455078125 410.56634521484375 217.31707763671875
11 416.8275146484375 131.01995849609375 547.786865234375 626.1310424804688
11 372.7569580078125 182.35574340820312 438.9185791015625 432.1778869628906
5 127.71139526367188 176.5640411376953 192.65493774414062 224.6949920654297
10 388.23406982421875 221.1595916748047 435.1243896484375 353.02996826171875
11 223.48675537109375 168.6732177734375 312.05224609375 514.6697998046875
10 233.84945678710938 230.0435028076172 282.6509704589844 382.93084716796875
5 128.26864624023438 176.70074462890625 193.88577270507812 207.88729858398438
10 402.9224853515625 223.9071044921875 451.796630859375 394.83203125
11 420.40118408203125 144.93115234375 546.1021118164062 504.0621337890625