5 0.04296875 0.5265625 0.03984375 0.0546875
5 0.13125 0.53515625 0.03984375 0.04375
5 0.22109375 0.5375 0.03203125 0.04375
5 0.2875 0.53515625 0.034375 0.034375
5 0.43203125 0.53046875 0.0359375 0.0453125
5 0.521875 0.5375 0.03828125 0.04140625
5 0.61328125 0.53515625 0.03984375 0.05078125
5 0.690625 0.57734375 0.0421875 0.04921875
5 0.746875 0.53125 0.03984375 0.0453125
5 0.78671875 0.56015625 0.04296875 0.05234375
4 0.43203125 0.5296875 0.02578125 0.01171875
4 0.1296875 0.53046875 0.02734375 0.0125
4 0.046875 0.52265625 0.025 0.0125
4 0.21953125 0.5359375 0.0265625 0.0125
4 0.2875 0.52890625 0.0265625 0.0125
4 0.5203125 0.534375 0.02421875 0.0140625
4 0.61484375 0.534375 0.02890625 0.01171875
4 0.684375 0.57421875 0.021875 0.01015625
4 0.74453125 0.52890625 0.02734375 0.0125
4 0.78203125 0.55625 0.025 0.01171875
3 0.1203125 0.621875 0.02421875 0.028125
3 0.00703125 0.65859375 0.0140625 0.01875
3 0.14765625 0.6234375 0.0265625 0.0265625
3 0.1703125 0.66953125 0.0203125 0.028125
3 0.2390625 0.67109375 0.0265625 0.01484375
3 0.4171875 0.640625 0.0296875 0.0203125
3 0.43828125 0.64375 0.0265625 0.01875
3 0.4796875 0.66875 0.02421875 0.02421875
3 0.553125 0.66875 0.021875 0.0265625
3 0.5765625 0.66875 0.02265625 0.02109375
3 0.64453125 0.67109375 0.02578125 0.03359375
7 0.38984375 0.78359375 0.0359375 0.04296875
7 0.3234375 0.7828125 0.03203125 0.0453125
7 0.27578125 0.78203125 0.034375 0.0390625
7 0.2125 0.7921875 0.0453125 0.0265625
7 0.17421875 0.79453125 0.03203125 0.03203125
7 0.1359375 0.784375 0.03359375 0.03359375
7 0.0953125 0.78359375 0.02890625 0.03046875
7 0.05546875 0.775 0.03203125 0.028125
7 0.02734375 0.775 0.02890625 0.028125
7 0.43515625 0.78671875 0.04140625 0.03984375
7 0.49375 0.7953125 0.04453125 0.03046875
7 0.53671875 0.8015625 0.028125 0.04375
7 0.58828125 0.80703125 0.0453125 0.03046875
7 0.63125 0.81328125 0.02265625 0.03203125
7 0.66171875 0.81640625 0.0390625 0.03046875
7 0.69453125 0.8203125 0.03515625 0.03203125
7 0.728125 0.81796875 0.0375 0.0390625
7 0.77109375 0.834375 0.0453125 0.0390625
7 0.80859375 0.8421875 0.05390625 0.04140625
11 235.2104034423828 324.13818359375 304.83782958984375 516.2137451171875
11 151.66842651367188 328.07177734375 221.76373291015625 512.63916015625
11 40.384159088134766 324.0982666015625 112.89984130859375 513.0098266601562
11 0.0 319.0354309082031 57.26289749145508 507.6832580566406
11 92.82870483398438 327.672119140625 165.39828491210938 516.698486328125
11 301.35821533203125 328.11712646484375 365.7662353515625 524.71630859375
11 482.35919189453125 340.140625 540.3637084960938 546.2349853515625
10 492.635986328125 374.888671875 530.50830078125 456.97503662109375
11 444.5716247558594 322.4730224609375 496.2804260253906 535.5361328125
10 419.71484375 382.91058349609375 454.4473876953125 444.57659912109375
11 413.1716003417969 350.1962890625 459.9678039550781 532.1911010742188
10 311.4931640625 357.75469970703125 355.13623046875 422.53387451171875
11 361.4446716308594 326.26287841796875 418.6033020019531 528.0272216796875
5 383.09503173828125 326.87847900390625 405.42657470703125 340.64825439453125
5 430.7460021972656 351.8257141113281 451.6490783691406 364.4576721191406
10 249.13677978515625 355.0672607421875 297.1417236328125 427.3145751953125
9 269.0188903808594 344.4034423828125 282.4075622558594 353.9710693359375
9 384.5761413574219 347.1626892089844 400.1044616699219 360.0152893066406
5 468.2166748046875 324.5118408203125 490.2978515625 335.884033203125
10 454.8836669921875 358.9224853515625 490.9620361328125 438.2398681640625
9 471.015380859375 341.9239501953125 485.369140625 354.8114013671875
5 489.50933837890625 341.99005126953125 513.39013671875 354.52239990234375
9 178.97909545898438 340.3504638671875 192.39071655273438 352.62109375
9 22.886775970458984 340.59576416015625 35.55839920043945 351.21270751953125
5 16.359622955322266 319.7402648925781 39.32868957519531 337.3439636230469
9 134.42616271972656 347.59881591796875 148.02528381347656 359.18768310546875
10 110.88015747070312 359.06829833984375 160.25424194335938 425.18194580078125
10 370.064453125 359.43499755859375 413.37408447265625 437.78338623046875
9 327.0722351074219 347.93426513671875 339.2648010253906 358.68414306640625
9 432.36370849609375 368.8554382324219 447.9600830078125 380.3056335449219
9 494.84185791015625 359.6507568359375 511.63140869140625 373.058837890625
11 375.0638427734375 331.96966552734375 422.858154296875 529.6709594726562
5 322.5873718261719 329.0063781738281 343.1276550292969 341.7624206542969
9 75.68159484863281 344.72149658203125 90.65995788574219 356.0263671875
2 267.08294677734375 325.94854736328125 286.48626708984375 339.72283935546875
5 73.1632080078125 326.7086486816406 95.31967163085938 341.2950744628906
5 176.56314086914062 329.08538818359375 193.71701049804688 338.84503173828125
2 131.9462890625 329.106201171875 153.2481689453125 343.339599609375
13 55.787654876708984 353.99761962890625 102.43539428710938 409.1688232421875
9 432.09869384765625 370.59588623046875 446.77655029296875 382.06304931640625
5 131.8251953125 328.89349365234375 152.586669921875 343.41510009765625
13 163.74972534179688 352.60791015625 210.10525512695312 422.7855224609375