5 0.41796875 0.1703125 0.0828125 0.0875
9 0.38984375 0.3171875 0.1390625 0.14375
10 0.2875 0.4515625 0.34375 0.315625
11 0.23984375 0.33671875 0.4390625 0.5453125
13 0.7734375 0.3309001759230036 0.025 0.04404090133672707
11 0.7765625 0.37148881325591265 0.078125 0.1915340666772723
8 0.2390625 0.83359375 0.440625 0.2734375
5 0.271875 0.66484375 0.375 0.1109375
10 0.2296875 0.91953125 0.459375 0.1609375
11 0.2296875 0.8046875 0.459375 0.390625
12 0.609375 0.7456899292648214 0.009375 0.01573408800127272
12 0.59609375 0.7442819705999576 0.0125 0.015770450668363446
12 0.58046875 0.742120033935412 0.0109375 0.015752269334818082
12 0.56484375 0.7407393472708665 0.0109375 0.01887726933481808
12 0.55390625 0.7393041166056846 0.0109375 0.02043976933481808
12 0.54453125 0.7378507046069573 0.0125 0.018895450668363446