4 0.88671875 0.3265625 0.0828125 0.028125
4 0.96328125 0.28671875 0.06953125 0.028125
4 0.26796875 0.38203125 0.096875 0.0265625
2 0.1171875 0.40625 0.209375 0.25390625
2 0.2671875 0.38046875 0.10703125 0.14453125
2 0.6578125 0.32578125 0.08125 0.1125
2 0.87265625 0.31953125 0.10625 0.13203125
3 0.61328125 0.5875 0.05078125 0.05859375
4 0.1234375 0.4453125 0.128125 0.04140625
1 0.66171875 0.33046875 0.06953125 0.03359375
2 0.96015625 0.28203125 0.0796875 0.109375
2 0.80078125 0.33984375 0.06796875 0.0921875
4 0.8046875 0.346875 0.0546875 0.02265625
6 0.7203125 0.8171875 0.06875 0.08046875
6 0.63515625 0.79765625 0.06328125 0.0625
6 0.7234375 0.925 0.07578125 0.065625
6 0.6421875 0.95 0.05234375 0.0578125
3 0.36015625 0.590625 0.04375 0.065625
10 493.28936767578125 248.0783233642578 132.472412109375 144.91539001464844
10 382.4361877441406 242.7303009033203 85.59197998046875 140.18785095214844
2 394.24273681640625 169.13815307617188 54.56927490234375 41.360595703125
10 119.01580047607422 282.48822021484375 102.84406280517578 188.84918212890625
11 471.34912109375 151.33229064941406 166.9326171875 488.66770935058594
2 136.42269897460938 193.27072143554688 70.1368408203125 49.49761962890625
2 585.4465942382812 139.5892333984375 54.55340576171875 44.56378173828125
2 4.8408660888671875 174.56234741210938 137.15260314941406 110.26171875
2 513.2781372070312 156.25857543945312 84.472900390625 62.0234375
11 359.88824462890625 165.78741455078125 128.2550048828125 474.21258544921875
9 407.96917724609375 219.02392578125 28.796875 21.27740478515625
9 156.05178833007812 254.8440704345703 43.07513427734375 29.767562866210938
9 598.8385009765625 188.7869415283203 32.623779296875 23.027191162109375
11 113.72530364990234 189.41021728515625 123.73389434814453 450.1436767578125
2 490.1065673828125 178.52764892578125 39.044189453125 45.3720703125
11 0.0 169.81126403808594 147.09689331054688 470.12294006347656
9 42.57901382446289 284.67694091796875 57.173152923583984 34.7261962890625
9 537.9075317382812 218.9189453125 48.3397216796875 23.94097900390625
11 574.5645141601562 137.41192626953125 65.3779296875 502.58807373046875
9 501.3914794921875 225.20004272460938 23.4134521484375 19.11083984375
11 473.7099609375 176.99948120117188 63.5794677734375 99.0499267578125
10 0.00250244140625 307.3475341796875 130.0701904296875 327.989990234375
10 584.7896728515625 211.2749786376953 55.2103271484375 149.90794372558594
11 574.8206787109375 136.2668914794922 65.1793212890625 349.23841857910156
11 576.0265502929688 136.11654663085938 63.97344970703125 141.56781005859375
11 0.11553955078125 176.13299560546875 220.1103973388672 463.24774169921875