2 0.8046875 0.45 0.103125 0.09609375
4 0.79140625 0.45703125 0.065625 0.028125
2 0.28359375 0.54453125 0.05859375 0.06171875
0 0.3171875 0.65546875 0.0359375 0.0359375
0 0.690625 0.54453125 0.0453125 0.04296875
2 480.1039733886719 255.85235595703125 71.92678833007812 45.69207763671875
10 483.7586364746094 301.4660949707031 117.91604614257812 138.7042236328125
9 488.73931884765625 296.40496826171875 19.1602783203125 20.163818359375
10 114.22090911865234 354.25933837890625 78.41339874267578 77.6773681640625
11 110.3001937866211 324.68572998046875 113.80384063720703 118.6265869140625
2 169.76544189453125 328.6684265136719 29.16943359375 23.5291748046875
11 419.03643798828125 249.6002197265625 215.932861328125 296.992919921875
9 172.149658203125 352.28277587890625 17.24774169921875 16.333251953125