2 0.1515625 0.09765625 0.15625 0.1953125
2 0.48515625 0.07578125 0.0890625 0.1515625
2 0.4546875 0.05 0.046875 0.1
5 0.3020250665513663 0.07222639871902234 0.09743860226293641 0.09743860226293628
9 0.4788779371610669 0.15556964296348577 0.028370439695149584 0.04235112646343318
9 0.5234375 0.240625 0.0125 0.121875
9 0.29581090710683766 0.200383214975801 0.04252384328594587 0.05805793969514968
10 0.19375 0.4046875 0.2625 0.15
10 0.29668708499632646 0.31834287461672145 0.030351096212812224 0.1142352168225127
10 0.39375 0.33125 0.153125 0.296875
10 0.42889105181883913 0.28788723927449367 0.05579652380771307 0.19094316256778665
10 0.48671875 0.32578125 0.0859375 0.3078125
2 0.42073870511504785 0.0777855314289714 0.052062469749379045 0.08623748184962735
9 0.4249625968019874 0.15744576035173258 0.03616475897699019 0.03927157825883114
2 0.3531512293155446 0.14692641686939495 0.01897725897699054 0.03917158430895533
11 0.32595694935951114 0.2556747029737484 0.09685786104353493 0.2661795119038567
11 0.4250762262904825 0.13791451035173258 0.06847833098930564 0.22226588544042353
11 0.46640625 0.23984375 0.1265625 0.4796875
11 0.49453125 0.23984375 0.0703125 0.4796875
11 0.3734375 0.24921875 0.225 0.4609375
2 0.1875 0.23984375 0.375 0.4796875
2 251.97171020507812 22.393539428710938 43.98577880859375 93.12423706054688
5 163.96536254882812 17.269668579101562 59.41571044921875 130.60267639160156
4 255.5057373046875 69.03984069824219 35.8973388671875 19.588043212890625
4 169.80758666992188 76.0885009765625 32.530029296875 57.120269775390625