5 0.44765625 0.503125 0.1546875 0.2359375
4 0.271875 0.29609375 0.09296875 0.03984375
4 0.571875 0.31875 0.09609375 0.03515625
4 0.75390625 0.3390625 0.096875 0.03046875
2 0.26953125 0.29453125 0.1453125 0.19296875
2 0.575 0.30390625 0.12109375 0.1765625
2 0.75859375 0.33515625 0.1 0.16171875
3 0.8625 0.63828125 0.0875 0.07265625
4 0.44765625 0.49296875 0.1203125 0.04296875
3 0.540625 0.553125 0.07890625 0.08046875
3 0.69140625 0.64453125 0.06875 0.0765625
11 120.63491821289062 225.544921875 313.2137451171875 301.04425048828125
2 452.92352294921875 161.8699951171875 67.97222900390625 51.229095458984375
10 184.5625 371.40472412109375 201.35992431640625 153.4326171875
9 249.73318481445312 337.88623046875 74.541015625 49.94921875
2 126.13766479492188 121.82038116455078 90.41729736328125 69.20384979248047
5 245.763427734375 233.52731323242188 91.273681640625 55.56939697265625
13 102.98151397705078 229.1534423828125 143.51549530029297 234.3052978515625
2 326.0662841796875 136.49960327148438 78.86669921875 60.199798583984375
11 59.55877685546875 118.60015869140625 202.53729248046875 402.27239990234375
11 417.5694580078125 156.97430419921875 204.1837158203125 373.89520263671875
11 306.4412841796875 133.43080139160156 167.98333740234375 389.60362243652344
9 149.14926147460938 200.48692321777344 56.2276611328125 50.4532470703125
10 450.73431396484375 257.45159912109375 101.82916259765625 171.89935302734375
9 460.67510986328125 229.98699951171875 45.7022705078125 34.274261474609375
9 342.47174072265625 214.93048095703125 55.59246826171875 39.82611083984375
10 325.242919921875 246.84927368164062 113.01513671875 202.36004638671875