13 0.43203125 0.18125 0.0453125 0.196875
10 0.2109375 0.5782649772438223 0.1765625 0.21142949069063519
2 0.1609375 0.4366592799172765 0.1375 0.06878745735199913
9 0.1171875 0.48248085725654893 0.0390625 0.037954533338636055
11 0.16484375 0.66171875 0.3296875 0.5359375
2 0.56328125 0.4265625 0.3078125 0.29375
9 0.54140625 0.67890625 0.2640625 0.3109375
13 0.7046875 0.84140625 0.590625 0.3171875
11 0.7046875 0.63984375 0.590625 0.7203125
6 100.8467025756836 532.9503173828125 197.21963500976562 583.51416015625
2 60.66442108154297 262.4837646484375 114.80204010009766 319.14776611328125
2 100.25909423828125 262.20294189453125 147.155029296875 310.10882568359375
4 63.121849060058594 290.14385986328125 91.43543243408203 306.938720703125