2 0.2484375 0.38359375 0.1171875 0.12421875
0 0.29296875 0.66640625 0.06953125 0.1015625
0 0.46015625 0.52734375 0.05390625 0.071875
2 0.6015625 0.278125 0.109375 0.12578125
4 0.24765625 0.40546875 0.03984375 0.0546875
4 0.5875 0.29375 0.0578125 0.03984375
0 0.7296875 0.571875 0.06171875 0.08125
2 349.2423095703125 135.247802734375 74.47296142578125 60.534423828125
11 261.0594482421875 129.37060546875 251.75665283203125 391.473876953125
11 0.0 198.64007568359375 204.74508666992188 319.273681640625
2 123.052001953125 204.53329467773438 70.791259765625 74.37319946289062
10 345.38995361328125 205.84808349609375 119.6551513671875 163.58135986328125
13 346.0354919433594 205.66424560546875 119.615478515625 163.54998779296875
10 0.0 254.70372009277344 132.17788696289062 209.52308654785156
9 131.14378356933594 254.12338256835938 27.3699951171875 31.85430908203125