2 0.6046875 0.45546875 0.08359375 0.12421875
4 0.29140625 0.32734375 0.06171875 0.0734375
4 0.60234375 0.47265625 0.0640625 0.0265625
3 0.76875 0.69765625 0.078125 0.07265625
0 0.35625 0.559375 0.08125 0.075
2 0.2875 0.3046875 0.125 0.1703125
2 357.08404541015625 253.7353515625 67.733154296875 44.67510986328125
11 0.0 46.778076171875 326.1374206542969 593.221923828125
10 0.2287445068359375 219.24072265625 208.69801330566406 420.75927734375
2 22.541244506835938 122.7558364868164 204.9274444580078 122.44188690185547
5 1.45306396484375 119.53145599365234 226.34884643554688 128.55255889892578