10 0.41796875 0.02890625 0.1765625 0.0578125
10 0.071875 0.03671875 0.14375 0.0734375
11 0.09609375 0.103125 0.1921875 0.20625
11 0.071875 0.17265625 0.14375 0.3453125
11 0.0796875 0.38203125 0.159375 0.1140625
11 0.2609375 0.10390625 0.303125 0.2078125
11 0.4109375 0.10703125 0.265625 0.2140625
11 0.075 0.46015625 0.05 0.0421875
11 0.775 0.72265625 0.45 0.5546875
8 0.8953125 0.86640625 0.209375 0.2671875
5 0.86015625 0.60703125 0.2796875 0.2109375
3 51.62933349609375 0.3018951416015625 53.83729553222656 45.66411590576172
3 69.38507080078125 1.890289306640625 32.42291259765625 44.437171936035156