11 0.2625 0.00546875 0.04375 0.0109375
2 0.4546875 0.20234375 0.071875 0.1359375
9 0.44296875 0.28359375 0.0484375 0.0421875
11 0.48359375 0.05625 0.1296875 0.1125
2 0.45546875 0.05234375 0.0734375 0.1046875
10 0.50234375 0.42421875 0.1671875 0.3046875
11 0.5328125 0.35859375 0.228125 0.4609375
13 0.08515625 0.796875 0.1703125 0.271875
2 0.09609375 0.61328125 0.0828125 0.0484375
11 0.0890625 0.79453125 0.178125 0.4109375
2 267.86126708984375 91.53784942626953 47.6314697265625 106.63127899169922
0 591.7645263671875 155.7887725830078 47.72509765625 41.155059814453125
0 267.63983154296875 226.5078125 50.95166015625 43.4390869140625
4 268.9970703125 140.09945678710938 37.96142578125 33.82781982421875
2 264.6267395019531 0.1619720458984375 59.18377685546875 63.288429260253906
2 599.1922607421875 0.09635162353515625 40.7818603515625 52.335357666015625
0 28.209686279296875 511.02130126953125 24.819618225097656 47.508544921875