4 0.54140625 0.3703125 0.059375 0.0265625
7 0.5734375 0.78046875 0.10625 0.09453125
2 0.53515625 0.35234375 0.08671875 0.1015625
2 0.31015625 0.33125 0.03515625 0.0375
0 0.565625 0.60859375 0.03984375 0.06015625
0 0.375 0.44921875 0.03046875 0.0390625
0 0.340625 0.5390625 0.04140625 0.0578125
2 0.10390625 0.309375 0.01796875 0.01953125
2 0.14375 0.309375 0.02109375 0.01796875
2 0.13671875 0.30234375 0.0140625 0.0140625
2 0.16640625 0.30703125 0.02265625 0.021875
13 293.3799743652344 255.42532348632812 383.0804138183594 385.8271179199219
11 159.35595703125 195.32749938964844 248.5369873046875 361.920166015625
2 315.69549560546875 191.18594360351562 369.59051513671875 230.48519897460938
10 179.51119995117188 226.60777282714844 234.45346069335938 285.5887451171875
11 276.69256591796875 188.28858947753906 413.97711181640625 528.1365966796875
2 186.6467742919922 198.854736328125 212.24427795410156 219.3455810546875
9 340.4957275390625 240.13003540039062 362.638427734375 261.5467224121094
10 541.0029296875 0.6414794921875 637.731201171875 145.3355712890625
11 21.782794952392578 199.47128295898438 48.632266998291016 249.12835693359375
11 53.55791091918945 186.82867431640625 88.16621398925781 242.0203857421875
2 60.282291412353516 190.10983276367188 73.44134521484375 201.88394165039062