2 0.82109375 0.3671875 0.09140625 0.10390625
2 0.8453125 0.31484375 0.0859375 0.0640625
0 0.7421875 0.47734375 0.03359375 0.04375
0 0.7796875 0.5484375 0.04453125 0.04921875
7 0.3765625 0.6984375 0.07578125 0.05859375
7 0.2171875 0.77265625 0.084375 0.06015625
2 0.2421875 0.33515625 0.0828125 0.07734375
11 453.5201416015625 181.12940979003906 173.7451171875 366.80650329589844
2 495.4440002441406 199.31015014648438 62.730682373046875 51.40087890625
10 527.0061645507812 232.45684814453125 85.787109375 196.02606201171875
2 134.19696044921875 198.2994384765625 40.573974609375 20.1517333984375
9 517.2415771484375 245.18235778808594 20.749267578125 27.387832641601562