7 0.765625 0.68359375 0.08828125 0.06796875
7 0.67890625 0.66484375 0.09296875 0.06015625
2 0.66640625 0.29296875 0.06484375 0.07265625
2 0.62421875 0.35625 0.0421875 0.05859375
4 0.66484375 0.296875 0.046875 0.02578125
4 0.625 0.3515625 0.0390625 0.0203125
11 375.88079833984375 155.92974853515625 141.677001953125 299.25042724609375
2 403.2667236328125 163.64315795898438 39.10986328125 31.0745849609375
10 412.92626953125 198.33306884765625 81.3795166015625 114.01361083984375
9 420.090087890625 189.96798706054688 17.9891357421875 19.49591064453125
9 391.95745849609375 226.2989959716797 16.51953125 14.374359130859375
5 383.89996337890625 206.2479248046875 29.0440673828125 20.63104248046875