1 0.65625 0.16015625 0.15 0.1640625
1 0.25859375 0.33046875 0.17265625 0.14296875
2 0.23984375 0.315625 0.221875 0.41640625
2 0.646875 0.17734375 0.1828125 0.3546875
13 316.30889892578125 190.47369384765625 299.5111083984375 449.52630615234375
11 261.72076416015625 0.0 375.5263671875 640.0
2 77.6496810913086 60.90410614013672 140.74897003173828 159.57117462158203
9 384.37615966796875 117.3490219116211 90.3017578125 94.02637481689453
13 28.66265869140625 318.51104736328125 244.64654541015625 321.48895263671875
11 2.7685546875 33.925537109375 273.924560546875 606.074462890625
9 125.91688537597656 223.22146606445312 95.21826171875 105.39288330078125
5 338.88702392578125 0.02880096435546875 136.38543701171875 114.79310607910156
2 339.3555908203125 0.3227386474609375 133.3343505859375 114.49911499023438