5 0.39609375 0.59609375 0.0703125 0.084375
5 0.653125 0.56328125 0.0625 0.08515625
5 0.90546875 0.5640625 0.059375 0.0734375
5 0.16328125 0.73203125 0.16796875 0.16796875
3 0.37109375 0.71953125 0.04140625 0.04140625
3 0.73046875 0.68515625 0.0359375 0.0453125
3 0.90546875 0.66484375 0.03671875 0.0375
3 0.475 0.703125 0.0359375 0.046875
4 0.4 0.6 0.06015625 0.03046875
4 0.653125 0.56484375 0.065625 0.0265625
4 0.90546875 0.5671875 0.05390625 0.02109375
5 0.1625 0.61875 0.0890625 0.07109375
4 0.20625 0.74140625 0.0828125 0.053125
5 40.733028411865234 388.11077880859375 107.66940689086914 102.1339111328125
10 373.82696533203125 379.7333679199219 91.150390625 95.5390625
10 535.1734008789062 377.12908935546875 68.1868896484375 119.95660400390625
5 228.94427490234375 351.9832458496094 46.92626953125 25.62957763671875
5 392.9776611328125 330.23779296875 46.30029296875 26.490234375
5 560.895751953125 336.6834411621094 36.5966796875 19.6383056640625
9 406.169189453125 366.89471435546875 25.6544189453125 18.68304443359375
10 220.0363006591797 388.45941162109375 73.84950256347656 114.17724609375
9 122.94304656982422 469.206298828125 36.16956329345703 56.4921875
11 189.55630493164062 348.98626708984375 130.12493896484375 130.093505859375
9 564.1387939453125 367.79541015625 25.30517578125 16.5255126953125
9 244.49884033203125 389.0738220214844 29.3270263671875 20.2222900390625
11 367.57403564453125 326.58697509765625 109.92236328125 191.391845703125
11 4.8836517333984375 523.2513427734375 181.99842834472656 116.7486572265625
11 9.844390869140625 365.447265625 219.95555114746094 274.552734375
11 189.40228271484375 348.35791015625 130.308837890625 201.9952392578125
11 526.3613891601562 333.59954833984375 81.0279541015625 236.33538818359375
10 219.67295837402344 388.6153564453125 73.61268615722656 66.7796630859375