0 0.48359375 0.65234375 0.071875 0.06015625
1 0.26328125 0.35703125 0.10703125 0.0546875
2 0.24765625 0.321875 0.16015625 0.1953125
2 0.584375 0.46015625 0.04375 0.0390625
2 0.7859375 0.571875 0.0515625 0.0578125
2 0.5 0.25859375 0.0265625 0.03359375
2 0.503125 0.08203125 0.03125 0.02265625
2 0.24375 0.0640625 0.15625 0.12734375
2 104.01815795898438 138.57815551757812 112.25381469726562 92.82980346679688
13 361.86456298828125 305.34539794921875 32.08148193359375 51.01373291015625
11 3.63629150390625 135.58880615234375 313.910888671875 305.0079345703125
9 146.64886474609375 236.4635009765625 41.9781494140625 33.810394287109375
2 364.3998107910156 279.69830322265625 22.210205078125 15.64288330078125
11 361.63360595703125 276.98260498046875 37.93603515625 168.1636962890625
11 0.0509033203125 135.6842041015625 317.2781982421875 504.3157958984375
10 1.131195068359375 260.62890625 178.98410034179688 379.37109375