2 0.69453125 0.37578125 0.146875 0.14296875
2 0.246875 0.47421875 0.1078125 0.11640625
3 0.184375 0.575 0.06015625 0.046875
0 0.76328125 0.659375 0.06796875 0.065625
3 0.203125 0.6609375 0.0546875 0.0453125
7 0.81953125 0.703125 0.12421875 0.11875
7 0.10078125 0.68515625 0.07734375 0.09375
4 0.72109375 0.40703125 0.065625 0.07734375
7 0.95625 0.78828125 0.0875 0.1328125
11 0.623260498046875 262.13311767578125 193.79466247558594 473.62457275390625
10 490.3340148925781 188.05361938476562 640.0 343.4934997558594
11 388.0714111328125 173.22877502441406 640.0 491.1044921875
11 553.3809814453125 297.0794677734375 640.0 640.0
10 1.20880126953125 277.7315979003906 141.07540893554688 393.5082092285156
11 543.217041015625 202.19915771484375 639.8990478515625 639.6036987304688
2 128.03456115722656 265.45550537109375 192.95274353027344 327.26898193359375
9 126.22858428955078 304.3725280761719 147.87054443359375 329.0690002441406
9 128.36007690429688 300.7452392578125 160.28744506835938 330.3345947265625