10 0.328125 0.08046875 0.2 0.1609375
11 0.084375 0.225 0.16875 0.45
11 0.27265625 0.225 0.4671875 0.45
12 0.9509196889095828 0.3292013159214127 0.034647710772388506 0.047274989337999784
11 0.95234375 0.225 0.0953125 0.45
9 0.39012711377400955 0.5995581745703681 0.058094301131468205 0.04911020934118149
2 0.41953125 0.50625 0.1734375 0.1125
10 0.09140625 0.728125 0.1828125 0.54375
10 0.35390625 0.790625 0.2796875 0.41875
11 0.3265625 0.725 0.44375 0.55
11 0.13515625 0.725 0.2703125 0.55
11 0.921875 0.725 0.15625 0.55
2 225.2671356201172 289.22320556640625 87.85548400878906 105.908203125
3 120.24813079833984 457.49615478515625 50.36560821533203 57.93646240234375
4 227.6773223876953 342.67718505859375 68.06932067871094 23.978271484375
3 0.0 60.48855972290039 37.5151481628418 56.69021224975586
5 204.2905731201172 353.0426940917969 19.15496826171875 23.82977294921875
3 111.32017517089844 417.1486511230469 48.31622314453125 51.66064453125
3 146.33114624023438 108.15021514892578 46.68902587890625 70.08751678466797
3 10.889610290527344 133.5065460205078 40.4841194152832 55.942138671875