2 0.4 0.1515625 0.0828125 0.078125
2 0.5546875 0.17421875 0.109375 0.08125
1 0.53984375 0.2234375 0.0453125 0.0421875
1 0.40625 0.19765625 0.053125 0.034375
0 0.3984375 0.39140625 0.0734375 0.1140625
0 0.27421875 0.4015625 0.08359375 0.0890625
0 0.51015625 0.35703125 0.0671875 0.11484375
7 0.49609375 0.8171875 0.10625 0.0859375
7 0.58984375 0.71953125 0.07421875 0.1109375
2 320.80230712890625 83.02096557617188 69.31591796875 52.37115478515625
2 226.47642517089844 66.57151794433594 59.52320861816406 54.80133056640625
11 128.57467651367188 63.4498291015625 177.934326171875 208.7103271484375
9 240.37582397460938 135.98211669921875 29.837066650390625 24.89013671875
10 161.52987670898438 157.9642333984375 124.99331665039062 98.848388671875
9 337.0225830078125 150.04156494140625 31.22381591796875 25.81854248046875
10 328.05047607421875 159.64620971679688 89.264892578125 96.79058837890625
11 182.3750457763672 286.850341796875 248.67543029785156 248.2489013671875
11 312.205078125 80.97311401367188 137.057373046875 176.91290283203125