12 0.20234375 0.18298795938095233 0.0578125 0.08973520934118148
12 0.3890625 0.16016062873963302 0.03125 0.05817612667090888
12 0.53828125 0.183771946093223 0.0265625 0.04093408267027261
12 0.2390625 0.5411924527370877 0.0109375 0.015752269334818082
12 0.225 0.5386850707351787 0.0125 0.01733295066836362
12 0.2078125 0.5361413260661788 0.0109375 0.01731476933481808
12 0.19140625 0.5336066720639516 0.0125 0.020457950668363624
12 0.1796875 0.5319078120623607 0.0109375 0.02200226933481808
12 0.16953125 0.5294458833943153 0.0125 0.020457950668363624
13 0.83671875 0.8156571980824052 0.0328125 0.061319308004454245
11 0.8421875 0.8399395827498143 0.0765625 0.17901588534372684