11 0.21015625 0.21015625 0.4203125 0.4203125
13 0.29921875 0.7546875 0.4609375 0.490625
11 0.30625 0.7546875 0.446875 0.490625
11 0.6421875 0.71328125 0.203125 0.4078125
11 0.7748474046709507 0.7218276074292977 0.18951805971567523 0.3479658430895542
11 0.8359375 0.65390625 0.140625 0.2890625
10 0.8350132659108773 0.5862355410743232 0.06000223477649343 0.10815793364502539
10 0.750151931700118 0.6693384116840239 0.06463519262201593 0.09881020472226432
10 0.6737939647794093 0.6337367340891226 0.09645788524403187 0.1974295119038567
9 0.8493666574014253 0.5363173543060398 0.021993174668035208 0.020439765027114733
9 0.7863939587292851 0.617203739942855 0.011010222872636888 0.012563632513557365
9 0.659375 0.5265625 0.021875 0.034375
2 0.7826649707313378 0.5867122640451561 0.05349770472226441 0.06437157220870696
7 529.4949951171875 466.963134765625 550.5145263671875 491.02294921875