5 0.41875 0.41015625 0.08359375 0.10546875
2 0.71796875 0.421875 0.08203125 0.09140625
2 0.31953125 0.44140625 0.071875 0.09375
2 0.10234375 0.29453125 0.06015625 0.06171875
2 0.3453125 0.53515625 0.12734375 0.1203125
3 0.1453125 0.31015625 0.04921875 0.028125
3 0.77578125 0.63359375 0.04140625 0.0390625
2 0.3734375 0.734375 0.1140625 0.11640625
2 0.1046875 0.03671875 0.071875 0.06796875
4 0.41875 0.41953125 0.05234375 0.04140625
4 0.71640625 0.434375 0.046875 0.03125
6 0.72578125 0.6984375 0.08359375 0.11640625
3 0.4078125 0.90234375 0.05390625 0.05625
3 0.15078125 0.01640625 0.0390625 0.0328125
3 0.42734375 0.6625 0.06171875 0.05859375
3 0.7171875 0.54765625 0.03671875 0.05078125
2 180.2811279296875 249.4262237548828 228.74929809570312 293.25006103515625
11 421.237548828125 232.21763610839844 551.3953857421875 471.875
11 19.50257110595703 249.43865966796875 260.478515625 534.1678466796875
2 431.25030517578125 236.9603271484375 481.99420166015625 278.4866943359375
11 20.554752349853516 161.0946502685547 113.31588745117188 352.49481201171875
2 42.667938232421875 166.610107421875 86.17620849609375 195.320556640625
2 183.12765502929688 300.881103515625 266.6338195800781 381.15447998046875
11 215.66925048828125 215.508056640625 551.4281616210938 550.620361328125
5 236.1993408203125 223.75607299804688 287.83349609375 261.27398681640625
10 42.42436218261719 315.642822265625 207.18824768066406 463.26348876953125
9 255.87530517578125 266.8092956542969 282.750732421875 290.7240295410156
10 437.26080322265625 287.70013427734375 517.2630004882812 416.361572265625
10 29.883819580078125 196.87152099609375 97.63444519042969 283.34161376953125
9 188.009033203125 363.32342529296875 209.7344970703125 382.03851318359375
9 446.6022033691406 283.02593994140625 470.3415222167969 304.00067138671875
13 39.773590087890625 316.11773681640625 209.949462890625 464.78363037109375
11 0.0 536.3759155273438 446.7066345214844 639.9097290039062
11 139.32763671875 246.68283081054688 232.45367431640625 336.8755798339844
10 269.406005859375 262.28717041015625 440.7142333984375 415.5902099609375
9 60.615966796875 191.2635955810547 81.87690734863281 206.80921936035156