2 0.45234375 0.44453125 0.07890625 0.08046875
2 0.675 0.521875 0.05859375 0.08828125
2 0.73125 0.50859375 0.05234375 0.090625
2 0.24765625 0.48046875 0.0640625 0.09609375
5 0.58359375 0.4984375 0.06796875 0.07734375
3 0.5796875 0.3890625 0.0359375 0.04921875
5 0.1890625 0.48203125 0.06640625 0.0640625
3 0.63125 0.4875 0.03125 0.0484375
5 0.76171875 0.5828125 0.0640625 0.07890625
0 0.7859375 0.7328125 0.03671875 0.04140625
0 0.73515625 0.71953125 0.040625 0.05234375
0 0.6296875 0.7171875 0.0375 0.05078125
4 0.59140625 0.5015625 0.04609375 0.03046875
4 0.4421875 0.45234375 0.05078125 0.02421875
4 0.67421875 0.534375 0.046875 0.02109375
4 0.7265625 0.5234375 0.04296875 0.02109375
4 0.75703125 0.59140625 0.04453125 0.02421875
3 0.384375 0.63046875 0.05 0.0453125
2 0.159375 0.4828125 0.05078125 0.04921875
2 0.0125 0.4671875 0.02421875 0.071875
11 215.12530517578125 247.7575225830078 105.62640380859375 261.35520935058594
11 43.69720458984375 268.6329345703125 158.3819580078125 371.065185546875
2 262.36383056640625 254.05584716796875 49.4794921875 37.561279296875
10 231.61752319335938 300.2679443359375 68.71234130859375 114.40087890625
2 410.9140930175781 303.0229797363281 41.2904052734375 38.0052490234375
2 132.382568359375 269.66314697265625 49.355224609375 44.379638671875
2 448.94110107421875 297.3109130859375 40.053955078125 38.62744140625
11 256.5943298339844 288.6016845703125 158.2052001953125 351.3983154296875
11 465.250732421875 346.60662841796875 101.4320068359375 249.31463623046875
10 399.97467041015625 359.01141357421875 73.6116943359375 87.28497314453125
10 492.9258117675781 368.50732421875 65.99191284179688 108.81768798828125
2 0.0 267.9533386230469 17.171772003173828 40.585693359375
10 475.00714111328125 370.5983581542969 55.19744873046875 56.7391357421875
9 422.7798156738281 346.260498046875 21.85723876953125 16.3033447265625
10 56.7625732421875 319.84344482421875 76.98628234863281 106.331787109375
11 380.34857177734375 295.480224609375 118.2747802734375 344.519775390625
5 466.1687927246094 345.8369445800781 36.70550537109375 37.3958740234375
9 268.968505859375 291.916259765625 22.51336669921875 17.637939453125
11 212.9141387939453 250.54283142089844 109.25035095214844 389.45716857910156
13 58.36419677734375 320.3056640625 105.14706420898438 108.413330078125
10 57.866085052490234 319.2706604003906 106.16580581665039 108.73419189453125
11 0.0 264.77001953125 19.52715301513672 232.2801513671875
11 0.0 261.425048828125 31.541635513305664 377.3582763671875
13 0.0 321.62841796875 17.374746322631836 116.80438232421875