2 0.9140625 0.44375 0.090625 0.04921875
0 0.81953125 0.57109375 0.06875 0.0546875
4 0.8859375 0.4734375 0.040625 0.02265625
0 0.53203125 0.5046875 0.0375 0.05625
0 0.3796875 0.46484375 0.0375 0.05234375
2 0.48359375 0.4734375 0.0484375 0.04140625
2 550.233154296875 267.5540771484375 68.64208984375 37.9556884765625
9 556.0790405273438 305.5587158203125 26.09228515625 19.9686279296875
11 484.7210693359375 261.88250732421875 155.163330078125 377.711669921875
11 259.0965881347656 280.7850341796875 122.611572265625 359.2149658203125
10 287.88787841796875 324.4140319824219 46.7193603515625 68.7362060546875
11 334.2581787109375 303.1815185546875 47.509765625 117.1453857421875
2 290.9232177734375 288.6949462890625 33.8515625 22.9874267578125
11 486.43310546875 261.38470458984375 153.5618896484375 267.9661865234375
2 343.46771240234375 300.70953369140625 31.953125 25.16094970703125
11 273.07550048828125 281.40228271484375 86.137451171875 219.3834228515625
10 516.3682250976562 321.6933288574219 108.734619140625 111.43609619140625
10 345.0115966796875 337.10784912109375 28.6854248046875 44.6048583984375
9 295.26507568359375 321.0665283203125 18.18359375 22.193603515625
9 356.8083190917969 328.7469482421875 11.9647216796875 12.4617919921875