4 0.66171875 0.3390625 0.18828125 0.0640625
4 0.1671875 0.34453125 0.20078125 0.0734375
2 0.17421875 0.32265625 0.28828125 0.296875
2 0.678125 0.32265625 0.2359375 0.2921875
2 19.244598388671875 105.00345611572266 207.256103515625 226.98312377929688
2 353.95330810546875 104.9169921875 517.823974609375 211.33349609375
9 374.9119873046875 246.7139434814453 472.902099609375 295.51019287109375
9 59.848052978515625 242.82470703125 142.6605682373047 295.6810302734375
10 44.68431854248047 326.98321533203125 211.73565673828125 640.0
10 43.202392578125 318.19317626953125 322.3651123046875 639.9978637695312
11 260.04278564453125 102.6361083984375 601.7550048828125 640.0
2 350.8460693359375 0.123260498046875 516.7181396484375 79.3421630859375
10 306.45111083984375 309.177490234375 485.19512939453125 639.6886596679688
11 3.62725830078125 98.80126953125 467.81829833984375 640.0
11 347.14251708984375 0.06737518310546875 521.56689453125 99.80039978027344