2 0.5625 0.4625 0.07734375 0.08125
2 0.55625 0.58125 0.0984375 0.09375
2 0.7640625 0.61796875 0.1015625 0.09453125
2 0.9265625 0.61953125 0.10234375 0.09375
4 0.74453125 0.6265625 0.0703125 0.034375
3 0.42109375 0.509375 0.034375 0.06015625
0 0.45078125 0.46796875 0.03125 0.04140625
0 0.75390625 0.92578125 0.04765625 0.08046875
0 0.9375 0.9328125 0.0546875 0.0921875
4 0.9421875 0.628125 0.0609375 0.0359375
0 0.44140625 0.4203125 0.04140625 0.0453125
3 0.61796875 0.903125 0.0390625 0.05234375
4 0.5515625 0.46875 0.05 0.02109375
4 0.52421875 0.59453125 0.046875 0.0265625
2 557.5594482421875 360.56884765625 67.2537841796875 54.4375
11 538.8843994140625 358.145751953125 98.9437255859375 281.854248046875
2 455.1741943359375 360.781005859375 68.7191162109375 53.69879150390625
11 446.193603515625 358.69073486328125 93.3416748046875 281.30926513671875
11 253.11842346191406 258.968017578125 165.20762634277344 381.031982421875
13 295.22637939453125 398.7205810546875 110.434326171875 156.6221923828125
2 337.69378662109375 265.6494140625 48.341064453125 40.633544921875
10 466.377685546875 430.8437194824219 68.600830078125 195.13284301757812
10 545.443603515625 432.859375 74.3427734375 190.6937255859375
9 338.91107177734375 303.68597412109375 18.41754150390625 16.8233642578125
10 466.3753662109375 431.32818603515625 70.4156494140625 129.2962646484375
9 457.95751953125 403.5353088378906 21.85821533203125 18.5986328125
9 600.8380126953125 402.4903564453125 21.246337890625 19.224609375
10 543.7203369140625 433.20513916015625 74.829833984375 129.0147705078125