2 0.375 0.29140625 0.14609375 0.19140625
0 0.43203125 0.65625 0.0921875 0.065625
3 0.8078125 0.5625 0.06875 0.0375
4 0.36171875 0.3203125 0.10546875 0.0640625
4 0.8546875 0.33671875 0.07109375 0.03046875
2 0.85859375 0.32265625 0.11328125 0.128125
2 0.36953125 0.09609375 0.1484375 0.184375
2 0.86796875 0.0640625 0.11640625 0.128125
0 0.33828125 0.58046875 0.08046875 0.07890625
7 0.06796875 0.66875 0.103125 0.12734375
7 0.26875 0.61484375 0.0796875 0.08046875
3 0.821875 0.51875 0.059375 0.046875
4 0.3671875 0.04921875 0.10546875 0.065625
4 0.8546875 0.03984375 0.075 0.03046875
2 203.02340698242188 124.70355987548828 83.66171264648438 86.15386199951172
2 513.9925537109375 163.8754425048828 73.89453125 44.838714599609375
10 120.82278442382812 204.373779296875 128.63250732421875 185.5433349609375
11 477.51324462890625 160.1398162841797 162.48675537109375 254.29200744628906
10 559.9259033203125 215.91160583496094 79.984619140625 177.44068908691406
9 536.888916015625 218.06771850585938 33.71728515625 23.950927734375
11 98.35867309570312 122.5107421875 192.55093383789062 307.843994140625
9 202.9859619140625 214.48126220703125 37.629150390625 33.26446533203125
2 201.95364379882812 28.907867431640625 84.92214965820312 93.49674987792969
11 57.57506561279297 0.12541961669921875 228.52936553955078 120.76333618164062