2 0.53203125 0.50078125 0.046875 0.06328125
2 0.2625 0.51015625 0.0453125 0.06484375
4 0.265625 0.51796875 0.03671875 0.0109375
3 0.7046875 0.6078125 0.028125 0.0265625
4 0.6390625 0.4953125 0.05234375 0.01328125
2 0.634375 0.4890625 0.071875 0.078125
4 0.53515625 0.50703125 0.0359375 0.015625
3 0.51171875 0.6578125 0.03046875 0.03046875
3 0.2 0.646875 0.01875 0.02109375
2 0.66484375 0.48515625 0.025 0.0609375
11 301.077880859375 297.741943359375 60.0106201171875 209.8602294921875
10 137.2535400390625 342.9461975097656 46.309234619140625 73.359619140625
2 387.45977783203125 288.04296875 43.4566650390625 26.6353759765625
2 324.7806091308594 299.7939453125 30.6358642578125 18.6343994140625
10 351.146728515625 343.76922607421875 64.3294677734375 94.6356201171875
11 350.9559020996094 283.50421142578125 112.67352294921875 264.95440673828125
10 310.2161865234375 337.6020812988281 42.0174560546875 97.0953369140625
2 152.28262329101562 307.62908935546875 26.67974853515625 19.93505859375
9 402.92047119140625 323.4295654296875 17.6292724609375 15.7794189453125
9 336.99169921875 324.9175720214844 15.2132568359375 13.3580322265625
11 123.390380859375 306.33642578125 97.36257934570312 208.259521484375
9 161.02862548828125 331.27166748046875 15.4954833984375 12.3140869140625
9 160.22067260742188 332.7723693847656 14.8427734375 12.42449951171875
9 164.8567352294922 330.52783203125 12.77349853515625 12.387939453125