8 0.8231067436552882 0.16484375 0.09288745764913067 0.1203125
8 0.48825956586399516 0.21796875 0.11012949980360834 0.1296875
5 0.5048198310875016 0.11015625 0.10821247579950324 0.06875
5 0.79453125 0.03515625 0.1421875 0.0703125
10 0.77421875 0.34609375 0.2890625 0.1265625
11 0.76796875 0.2046875 0.4640625 0.409375
11 0.48515625 0.23203125 0.2515625 0.3546875
10 0.1796875 0.896875 0.359375 0.20625
11 0.1796875 0.7046875 0.359375 0.590625
3 434.659423828125 166.1717529296875 38.4619140625 35.619415283203125
5 279.6245422363281 44.92093276977539 78.58636474609375 75.89828109741211
5 474.0394592285156 0.474029541015625 83.18453979492188 77.18318176269531