10 0.33984375 0.09140625 0.1546875 0.1828125
11 0.3140625 0.25703125 0.328125 0.5140625
11 0.1078125 0.284375 0.215625 0.56875
9 0.4149356953524904 0.8359375 0.08641928903121965 0.0828125
5 0.45 0.77890625 0.078125 0.0984375
10 0.4125 0.92890625 0.146875 0.1421875
11 0.3734375 0.8625 0.23125 0.275
8 0.6421875 0.91875 0.1875 0.1625
5 0.53515625 0.81171875 0.0921875 0.2546875
11 0.74453125 0.825 0.5109375 0.35
3 173.8228759765625 582.1495361328125 236.5518798828125 638.63671875
6 195.19273376464844 246.41358947753906 245.1463165283203 324.8094482421875
3 130.59396362304688 111.95243835449219 169.61386108398438 162.41819763183594
4 247.40753173828125 497.028564453125 307.80438232421875 537.76611328125
5 239.26380920410156 471.0976257324219 312.5191650390625 567.512451171875
3 211.06634521484375 173.087646484375 263.3663330078125 271.02349853515625
3 150.72471618652344 14.884635925292969 185.2594451904297 85.43537139892578
3 151.4073486328125 14.911893844604492 183.0521240234375 60.00157165527344
3 149.9041748046875 36.249114990234375 197.49822998046875 94.0694580078125