4 0.61328125 0.48359375 0.075 0.0484375
3 0.28671875 0.2453125 0.04921875 0.07734375
3 0.3234375 0.3046875 0.0453125 0.06796875
2 0.62578125 0.4828125 0.1296875 0.103125
0 0.365625 0.3625 0.06015625 0.07109375
3 0.284375 0.08671875 0.0546875 0.06953125
3 0.31953125 0.0328125 0.03984375 0.06328125
2 0.71328125 0.51640625 0.08046875 0.07890625
2 0.20390625 0.50703125 0.0703125 0.08671875
2 0.34609375 0.45859375 0.07734375 0.11640625
2 0.5125 0.48828125 0.07890625 0.08828125
4 0.3359375 0.44609375 0.04765625 0.028125
4 0.20546875 0.50234375 0.046875 0.0265625
11 53.92242431640625 298.422119140625 124.6151123046875 341.577880859375
11 146.74688720703125 96.50860595703125 344.12579345703125 543.4913940429688
5 107.86282348632812 301.3787536621094 47.63031005859375 25.89019775390625
9 166.96060180664062 1.208221435546875 34.033935546875 77.02513885498047
10 77.84370422363281 349.74505615234375 77.76290893554688 162.5386962890625
10 198.3883514404297 0.94921875 433.06239318847656 288.07891845703125