2 0.13523962587425792 0.7330284866327288 0.2058601563212706 0.20394425469445315
2 0.48515625 0.9046875 0.0671875 0.190625
2 0.1765625 0.9765625 0.153125 0.046875
11 0.0421875 0.4859375 0.084375 0.125
10 0.4484375 0.559375 0.140625 0.165625
11 0.43515625 0.44453125 0.1671875 0.0703125
11 0.428125 0.575 0.18125 0.225
2 0.1777594448615111 0.9239529312937746 0.16170109016268785 0.13312267735518085
10 0.18587140583029135 0.8410404339592746 0.10854881908544903 0.12781701201463563
10 0.309375 0.9046875 0.1875 0.190625
5 0.3167668818261863 0.7785757019414572 0.10684996369925485 0.10436133068109026
9 0.38668447208707 0.844172882598685 0.042460210772388506 0.04736589600572714
11 0.22265625 0.97578125 0.3203125 0.0484375
11 0.1497384631100796 0.8078648546308198 0.24846581283893307 0.2763101507001803
11 0.33125 0.84921875 0.34375 0.3015625
11 0.48671875 0.90234375 0.0640625 0.1953125
11 0.98046875 0.81875 0.0390625 0.096875
10 0.99375 0.778125 0.0125 0.0125
9 0.9937197463857628 0.7890099312142327 0.0063136325135573655 0.011010225334181811
10 0.99375 0.80546875 0.0125 0.0265625
2 34.27021408081055 435.54339599609375 108.48917007446289 88.416259765625
5 173.23861694335938 470.6186828613281 86.36614990234375 89.95187377929688
2 68.1331787109375 553.851318359375 94.79576110839844 79.324462890625