2 0.4 0.30234375 0.08046875 0.09453125
2 0.57890625 0.240625 0.103125 0.11640625
0 0.3171875 0.459375 0.078125 0.040625
0 0.67421875 0.35859375 0.0765625 0.07578125
4 0.5734375 0.25234375 0.05625 0.06171875
4 0.4 0.3109375 0.0625 0.03984375
7 0.61875 0.7453125 0.09609375 0.16796875
0 0.528125 0.4921875 0.0578125 0.0625
7 0.4875 0.746875 0.06953125 0.1421875
7 0.42109375 0.75078125 0.09609375 0.1390625
2 0.5875 0.07734375 0.121875 0.10703125
2 0.39375 0.0390625 0.08203125 0.07734375
4 0.571875 0.07109375 0.0640625 0.05625
2 225.67626953125 158.39187622070312 51.979156494140625 46.24041748046875
11 171.9829559326172 152.43873596191406 179.19801330566406 475.50218200683594
10 359.400146484375 204.5069122314453 122.53411865234375 111.75633239746094
9 244.358154296875 204.20736694335938 22.40185546875 19.917999267578125
10 242.3659210205078 210.54197692871094 84.33262634277344 108.48036193847656
11 320.6791076660156 91.86370849609375 174.159423828125 548.0911254882812
11 305.0059814453125 78.96954345703125 334.77947998046875 561.0304565429688
11 535.6309204101562 0.0 104.2884521484375 336.06854248046875