4 0.69921875 0.3078125 0.103125 0.04296875
4 0.565625 0.38671875 0.09140625 0.0375
4 0.4203125 0.37421875 0.0734375 0.0390625
3 0.40703125 0.446875 0.06484375 0.08046875
3 0.509375 0.56328125 0.09921875 0.0484375
3 0.71015625 0.5921875 0.08671875 0.0765625
2 0.7046875 0.3 0.1296875 0.17421875
2 0.565625 0.38125 0.11875 0.1578125
2 0.41953125 0.3703125 0.09921875 0.1375
4 0.7015625 0.02578125 0.09921875 0.0359375
3 0.4328125 0.5765625 0.05234375 0.0546875
3 0.47890625 0.59296875 0.046875 0.05390625
2 0.69453125 0.0578125 0.1390625 0.115625
10 427.66015625 207.94944763183594 575.50830078125 445.6484375
2 230.51141357421875 188.27371215820312 298.4617919921875 243.16171264648438
2 395.3296813964844 130.04071044921875 498.7000427246094 203.534912109375
11 389.9942626953125 123.71502685546875 593.8289794921875 639.7135009765625
9 424.84539794921875 203.80767822265625 469.91766357421875 237.698974609375
2 319.679931640625 193.1140899658203 398.7984619140625 247.18898010253906
9 257.67083740234375 250.1820068359375 289.84857177734375 274.99066162109375
11 312.33013916015625 186.32582092285156 472.74444580078125 640.0
9 340.16070556640625 250.9940185546875 374.18035888671875 280.1219482421875
11 209.40792846679688 175.65606689453125 356.9780578613281 640.0
11 218.21969604492188 184.84242248535156 473.2057189941406 640.0
13 211.34503173828125 266.3836669921875 342.8353271484375 452.3447265625
10 238.32858276367188 263.232666015625 374.6491394042969 440.6571044921875
11 134.11016845703125 0.0 514.9470825195312 116.51188659667969
10 210.91903686523438 263.02191162109375 338.0612487792969 452.4713134765625
10 244.82237243652344 267.8626708984375 444.5889892578125 415.78912353515625