0 0.40234375 0.75 0.03203125 0.04296875
0 0.21171875 0.73515625 0.04921875 0.03984375
2 0.15 0.46484375 0.06171875 0.07265625
2 0.32890625 0.62734375 0.06171875 0.07890625
6 0.14375 0.796875 0.06328125 0.05625
6 0.0796875 0.796875 0.05703125 0.0546875
6 0.14296875 0.86953125 0.06328125 0.05234375
6 0.078125 0.871875 0.05625 0.06015625
0 0.40078125 0.915625 0.040625 0.05078125
3 0.16953125 0.6375 0.0359375 0.04296875
2 0.0828125 0.48046875 0.03203125 0.03671875
2 0.19140625 0.484375 0.02890625 0.03359375
4 0.3328125 0.6375 0.040625 0.01875
7 0.32265625 0.74140625 0.0390625 0.04765625
7 0.38359375 0.75078125 0.03203125 0.03828125
7 0.3234375 0.92734375 0.04765625 0.0484375
2 80.08035278320312 274.7276916503906 115.84603881835938 306.6928405761719
10 41.518898010253906 308.9619140625 102.60314178466797 404.280517578125
11 28.175674438476562 268.279052734375 142.40496826171875 523.2760009765625
11 140.60552978515625 370.47503662109375 258.928955078125 494.13714599609375
5 194.35433959960938 373.6044921875 225.83554077148438 405.388916015625
9 206.74090576171875 408.03973388671875 220.7955322265625 421.20709228515625
11 102.57986450195312 286.37469482421875 133.84918212890625 386.8673095703125
9 89.556884765625 305.0845947265625 105.7550048828125 320.22930908203125
2 44.273990631103516 297.2882080078125 59.69614791870117 314.811767578125
11 131.81539916992188 369.06036376953125 263.5062561035156 640.0
2 194.94073486328125 375.26171875 225.40606689453125 405.6319580078125
11 28.050888061523438 272.6661376953125 167.59597778320312 640.0