9 0.2938847927436529 0.2125 0.09554884933607007 0.040625
5 0.33172113602959874 0.1546875 0.12529998184962743 0.0515625
10 0.28940130494209715 0.31171875 0.24496810811666875 0.209375
11 0.31484375 0.446875 0.6296875 0.665625
2 0.7784274435057787 0.36640625 0.01729658430895533 0.01875
9 0.7759518832991242 0.3890625 0.011028403590796288 0.015625
13 0.7695018953993726 0.4234375 0.033167024004105095 0.0609375
11 0.7702922357584523 0.421875 0.04763859016268786 0.13125
9 0.1361813770526083 0.8609375 0.023555674668035032 0.0203125
5 0.13641772638867833 0.8203125 0.0376727168225127 0.0296875
5 0.3140625 0.83125 0.209375 0.103125
11 0.4416955788480063 0.853125 0.06943177693097127 0.1171875
11 0.13359375 0.9 0.1515625 0.2
11 0.3234375 0.88984375 0.646875 0.2203125
10 0.1415410427436529 0.8796875 0.06753293364502548 0.059375
12 0.95390625 0.928125 0.0578125 0.14375
5 71.76646423339844 515.901123046875 101.13706970214844 560.3349609375
5 154.82711791992188 77.60308837890625 254.03067016601562 164.4944610595703
4 122.57540893554688 603.021728515625 258.3230285644531 640.0
4 146.8905029296875 608.4345703125 256.31671142578125 640.0
2 129.26864624023438 499.50750732421875 287.362548828125 640.0