5 0.5703125 0.3984375 0.0953125 0.08984375
5 0.384375 0.42109375 0.06328125 0.06015625
5 0.2109375 0.4046875 0.06015625 0.071875
5 0.02578125 0.4109375 0.0515625 0.09375
5 0.75078125 0.415625 0.0640625 0.08828125
5 0.81953125 0.4234375 0.084375 0.075
3 0.64921875 0.5609375 0.04296875 0.04296875
3 0.0390625 0.62265625 0.06171875 0.046875
4 0.215625 0.41015625 0.05859375 0.0265625
4 0.38359375 0.4234375 0.059375 0.02109375
1 0.74921875 0.42578125 0.040625 0.02421875
7 0.321875 0.80625 0.05625 0.06171875
7 0.15703125 0.83203125 0.06328125 0.06640625
7 0.215625 0.803125 0.0640625 0.04375
7 0.40859375 0.7828125 0.0734375 0.0484375
7 0.32578125 0.9375 0.04140625 0.05859375
7 0.409375 0.95703125 0.07265625 0.046875
7 0.21640625 0.93984375 0.06328125 0.05234375
7 0.159375 0.915625 0.05859375 0.06015625
1 0.02421875 0.41953125 0.0484375 0.0296875
10 442.96392822265625 302.02142333984375 131.10308837890625 172.220458984375
11 72.97593688964844 232.9044189453125 85.00190734863281 311.71630859375
10 308.9609069824219 278.8119201660156 79.11785888671875 144.4317626953125
11 295.0228271484375 220.90936279296875 133.08502197265625 418.78387451171875
11 417.45867919921875 234.70489501953125 171.76702880859375 405.15289306640625
11 188.26495361328125 249.11146545410156 89.61553955078125 281.62217712402344
10 204.43667602539062 295.4325866699219 62.28045654296875 125.6336669921875
13 0.15267562866210938 286.3243408203125 43.46260070800781 152.890869140625
11 0.0 226.96063232421875 67.74532318115234 411.37274169921875
9 466.5677490234375 275.3626403808594 25.4144287109375 19.43328857421875
5 461.5928955078125 238.37704467773438 38.13690185546875 26.28643798828125
5 114.51358032226562 235.8035888671875 39.141510009765625 19.871826171875
10 88.77249145507812 283.3902282714844 59.271026611328125 131.0150146484375
5 340.2379150390625 222.76336669921875 47.9788818359375 32.368896484375
9 367.442138671875 265.49847412109375 14.0361328125 21.6075439453125
5 226.43972778320312 249.2975311279297 35.2667236328125 18.469985961914062
9 4.3319244384765625 273.34869384765625 22.06195068359375 19.3323974609375
9 236.174072265625 275.17034912109375 22.269073486328125 15.82470703125
9 130.2355499267578 265.40533447265625 21.408905029296875 17.96978759765625
11 420.58050537109375 234.24534606933594 91.256591796875 404.31483459472656
5 0.0 229.4698486328125 29.407270431518555 34.06427001953125
2 499.33038330078125 241.8162841796875 61.96142578125 30.96453857421875