4 0.51953125 0.41328125 0.109375 0.03046875
4 0.77265625 0.45703125 0.09765625 0.028125
3 0.67421875 0.62734375 0.1296875 0.05859375
3 0.159375 0.334375 0.0859375 0.08125
2 0.79375 0.43984375 0.16015625 0.17265625
2 0.5125 0.39296875 0.13984375 0.17109375
2 454.57135009765625 224.77273559570312 560.5791625976562 296.3554992675781
2 287.03533935546875 193.0047607421875 377.95458984375 257.2529296875
11 436.6936340332031 220.9466552734375 622.971435546875 639.6665649414062
10 247.1779022216797 305.771728515625 406.17510986328125 640.0
11 71.93807983398438 182.94700622558594 429.2894287109375 640.0
9 315.5127868652344 272.6030578613281 359.5445251464844 304.0539245605469
10 445.68597412109375 342.86114501953125 595.4923706054688 638.4625244140625
9 465.75042724609375 300.45855712890625 490.71893310546875 331.55218505859375