2 0.20078125 0.2625 0.16328125 0.14453125
2 0.81328125 0.2890625 0.14765625 0.1578125
3 0.31171875 0.42734375 0.07734375 0.07265625
3 0.4921875 0.37109375 0.04140625 0.05390625
0 0.44140625 0.315625 0.046875 0.0734375
0 0.78671875 0.48046875 0.09609375 0.07265625
0 0.65078125 0.60234375 0.09140625 0.06171875
4 0.8125 0.2984375 0.1015625 0.05390625
4 0.21015625 0.265625 0.11171875 0.0359375
3 0.034375 0.6671875 0.0546875 0.0578125
2 0.08359375 0.3375 0.0984375 0.1015625
2 0.1984375 0.07578125 0.1375 0.14296875
2 0.3546875 0.3109375 0.10234375 0.09921875
4 0.37578125 0.29453125 0.0671875 0.03984375
4 0.20078125 0.07109375 0.11484375 0.0453125
4 0.81484375 0.03984375 0.09296875 0.05078125
3 0.31015625 0.49296875 0.0671875 0.05234375
2 0.35625 0.04296875 0.10859375 0.0859375
4 0.08203125 0.33984375 0.0828125 0.0375
10 488.8961181640625 223.31753540039062 151.1038818359375 233.90997314453125
11 3.547821044921875 108.6319580078125 256.2503662109375 530.826904296875
2 470.740478515625 124.51421356201172 99.594970703125 71.98389434814453
2 65.0557861328125 112.81889343261719 116.18942260742188 66.22406005859375
2 16.871475219726562 177.96954345703125 75.99224853515625 46.81414794921875
11 364.8157958984375 118.33502197265625 274.65777587890625 521.6649780273438
9 111.90216064453125 177.9806671142578 49.056060791015625 38.369415283203125
10 26.204330444335938 210.1239776611328 151.9651641845703 241.93675231933594
11 0.0 168.39317321777344 97.5335693359375 470.67189025878906
9 499.7891845703125 197.34237670898438 42.3961181640625 37.49200439453125
10 0.0 246.85145568847656 48.98707962036133 107.13523864746094
2 14.915084838867188 0.0 90.67544555664062 39.512916564941406