2 0.56796875 0.25625 0.1890625 0.16015625
4 0.53828125 0.271875 0.0796875 0.11640625
2 0.86796875 0.31953125 0.26328125 0.31484375
0 0.2984375 0.47421875 0.11796875 0.08046875
0 0.39375 0.61796875 0.06484375 0.07578125
3 0.46484375 0.68671875 0.08984375 0.08125
1 0.82109375 0.35625 0.1484375 0.0921875
2 0.57421875 0.06953125 0.1828125 0.1390625
2 0.85703125 0.06875 0.2859375 0.13671875
3 0.91484375 0.72265625 0.12578125 0.09375
7 0.0359375 0.7046875 0.071875 0.1109375
2 457.4118347167969 97.56938934326172 639.469482421875 237.1053466796875
11 227.19691467285156 90.3162841796875 640.0 594.2274169921875
2 331.1524658203125 98.75660705566406 428.6591796875 214.36070251464844
2 460.11590576171875 0.08345794677734375 639.6062622070312 107.75061798095703
2 322.16937255859375 0.0 434.59710693359375 94.59999084472656
11 0.5882568359375 19.97064208984375 362.17181396484375 639.7237548828125
10 144.64791870117188 96.29824829101562 335.6072998046875 274.09710693359375
11 439.447021484375 0.1296234130859375 639.583984375 113.58866882324219
9 311.3370361328125 155.27816772460938 342.376220703125 207.75289916992188
9 505.2859802246094 243.31729125976562 563.4598388671875 289.6232604980469
9 551.772705078125 239.66912841796875 625.427490234375 290.0223388671875