2 0.6953125 0.23046875 0.184375 0.2125
4 0.69765625 0.22734375 0.15 0.090625
4 0.41484375 0.40234375 0.103125 0.04921875
3 0.67421875 0.6265625 0.09296875 0.165625
2 0.40703125 0.396875 0.16015625 0.13125
2 0.953125 0.2171875 0.09296875 0.2046875
11 210.71652221679688 211.11422729492188 311.0668029785156 287.5748596191406
9 415.38116455078125 140.77023315429688 497.11737060546875 206.93991088867188
9 242.19110107421875 253.01593017578125 299.32177734375 287.42364501953125
11 375.720703125 70.36973571777344 506.753173828125 183.1026153564453
9 588.8074951171875 141.18040466308594 640.0 208.49156188964844
11 7.68743896484375 158.8782501220703 524.2156982421875 640.0
11 566.1685791015625 59.179718017578125 639.901611328125 495.2271423339844
2 586.0411376953125 74.68307495117188 640.0 123.65371704101562
10 566.05078125 198.61764526367188 639.98486328125 447.1342468261719
2 585.6852416992188 74.91160583496094 640.0 146.1909637451172
11 559.9395751953125 52.8587646484375 640.0 630.968994140625