3 0.91953125 0.3140625 0.04375 0.04921875
3 0.8296875 0.446875 0.0296875 0.03203125
3 0.91953125 0.08828125 0.04921875 0.0453125
2 0.55625 0.68828125 0.0296875 0.03515625
2 0.8734375 0.37578125 0.05859375 0.06015625
2 0.6265625 0.7296875 0.0375 0.0375
4 0.8625 0.37265625 0.046875 0.01171875
2 0.87265625 0.03046875 0.06171875 0.06015625
2 0.4375 0.58515625 0.03828125 0.0296875
2 0.3453125 0.57890625 0.03828125 0.04140625
7 0.36796875 0.77734375 0.06015625 0.04140625
7 0.30625 0.71875 0.03515625 0.03515625
7 0.41875 0.76875 0.0296875 0.03359375
7 0.94375 0.6421875 0.05234375 0.046875
0 0.56328125 0.74453125 0.03125 0.0265625
11 517.0518798828125 210.41311645507812 107.857177734375 201.24749755859375
10 255.93850708007812 378.9539489746094 41.4716796875 43.53533935546875
2 209.6307373046875 358.96966552734375 23.7249755859375 19.126953125
2 269.4053039550781 361.66546630859375 22.0889892578125 17.2091064453125
2 539.9951171875 216.6417236328125 38.8935546875 27.38800048828125
11 247.946044921875 359.8092041015625 57.17742919921875 139.1339111328125
9 543.8169555664062 241.80026245117188 20.8389892578125 15.2060546875
10 557.0399780273438 245.32330322265625 44.5966796875 75.957275390625
11 329.322021484375 0.0 309.75390625 67.58683776855469
13 347.502685546875 449.30621337890625 26.9971923828125 26.7271728515625
11 0.0 0.0377349853515625 280.97467041015625 83.44133758544922