12 0.8019185866466465 0.8296875 0.056795421544777014 0.09375
12 0.990625 0.8515625 0.01875 0.084375
12 0.9686333879745064 0.7484375 0.020539758976990542 0.0390625
12 0.8293799904338343 0.715625 0.018968168617910664 0.0375
12 0.7190555687908614 0.68671875 0.01894089754067192 0.0328125
12 0.6173794393023663 0.6671875 0.01737839754067192 0.0328125
12 0.5508686501729506 0.64921875 0.015806807181592396 0.03125
12 0.541439108018473 0.63984375 0.01581589754067192 0.0328125
12 0.8566873789975158 0.709375 0.015815897540672096 0.0328125
12 0.7526493187908614 0.68671875 0.01581589754067192 0.0328125
12 0.6713084152000652 0.67109375 0.01581589754067192 0.0328125
6 602.7989501953125 127.86065673828125 36.91943359375 51.460052490234375