4 0.665625 0.3734375 0.17109375 0.0640625
2 0.67578125 0.33671875 0.2515625 0.26640625
2 0.2859375 0.41796875 0.1234375 0.1578125
4 0.28359375 0.434375 0.09921875 0.0390625
2 0.49921875 0.50234375 0.11875 0.12578125
4 0.496875 0.51328125 0.07734375 0.03046875
2 351.5665283203125 118.58355712890625 173.1973876953125 113.98260498046875
2 142.96426391601562 215.01596069335938 83.19985961914062 60.2486572265625
9 383.41162109375 256.72686767578125 71.05010986328125 52.27081298828125
2 280.25982666015625 277.6221008300781 77.7210693359375 52.5224609375
10 352.397705078125 300.51763916015625 180.0423583984375 267.06915283203125
11 186.24412536621094 109.5784912109375 367.76979064941406 530.4215087890625
11 11.819091796875 104.64569091796875 551.9989013671875 535.33642578125
9 302.6288146972656 324.69195556640625 34.53875732421875 21.29876708984375