12 0.175 0.2296875 0.35 0.459375
9 0.209375 0.38046875 0.125 0.1578125
5 0.1546875 0.08046875 0.215625 0.1609375
11 0.23046875 0.2296875 0.3984375 0.459375
2 0.2859375 0.6787639295398089 0.034375 0.03301248789975162
2 0.0140625 0.72421875 0.028125 0.0484375
9 0.0078125 0.76796875 0.015625 0.0234375
8 0.2890625 0.7100321102579681 0.0234375 0.022011355386194253
13 0.30703125 0.7749803993873836 0.0703125 0.11759656615858276
13 0.05078125 0.8211458304983263 0.0921875 0.1552238311856975
13 0.01015625 0.809375 0.0203125 0.121875
11 0.03046875 0.8484375 0.0609375 0.303125
11 0.06796875 0.84609375 0.1359375 0.3078125
11 0.30234375 0.8163593783101447 0.1421875 0.3242647226762451
9 0.77734375 0.50859375 0.1109375 0.0984375
9 0.53515625 0.628203309813871 0.203125 0.18711924668035032
10 0.5578125 0.84453125 0.25625 0.3109375
10 0.83828125 0.78359375 0.3171875 0.4328125
10 0.97109375 0.690625 0.0578125 0.378125
11 0.92578125 0.7296875 0.1484375 0.540625
11 0.8046875 0.7296875 0.390625 0.540625
11 0.60234375 0.7296875 0.3453125 0.540625
2 0.02577972412109375 451.725830078125 20.99618148803711 49.716552734375
2 172.5633544921875 427.00592041015625 23.295867919921875 36.8057861328125
0 0.3666534423828125 560.367919921875 17.07598876953125 23.7794189453125
7 186.84890747070312 606.0200805664062 17.70672607421875 19.888916015625
1 314.814208984375 346.9432067871094 74.71514892578125 72.46026611328125
7 213.1018524169922 598.2340087890625 17.42279052734375 21.7247314453125
5 2.375030517578125 0.0461273193359375 203.9805450439453 243.3662872314453
1 62.38673400878906 83.1947250366211 107.16770935058594 104.84638214111328
0 26.915454864501953 557.1268310546875 15.993644714355469 18.485107421875
5 270.971923828125 295.9819641113281 126.3438720703125 156.37530517578125
0 44.502899169921875 537.695068359375 17.220138549804688 33.6182861328125
2 572.651611328125 327.57794189453125 67.348388671875 187.9830322265625