5 0.165625 0.4203125 0.07734375 0.0828125
5 0.2984375 0.4140625 0.0609375 0.075
5 0.44609375 0.375 0.03984375 0.053125
4 0.1734375 0.42109375 0.07578125 0.0203125
5 0.49765625 0.39765625 0.08984375 0.09375
5 0.2578125 0.39765625 0.04765625 0.0546875
1 0.30234375 0.41171875 0.05625 0.02265625
7 0.28515625 0.83046875 0.07734375 0.06171875
7 0.29921875 0.79453125 0.09375 0.04296875
7 0.2859375 0.91015625 0.07265625 0.046875
7 0.2953125 0.94375 0.09375 0.04140625
3 0.6 0.7046875 0.0453125 0.04921875
4 0.44375 0.36484375 0.034375 0.01875
11 35.33050537109375 233.392333984375 121.80584716796875 406.41351318359375
10 51.91883850097656 293.7287292480469 83.1849365234375 133.98968505859375
10 277.2344970703125 288.200439453125 100.239501953125 161.02734375
11 251.4371795654297 218.29608154296875 159.40406799316406 421.164794921875
11 126.925048828125 236.90478515625 137.27731323242188 305.9061279296875
10 141.7384033203125 284.48004150390625 66.68597412109375 105.78912353515625
5 292.99652099609375 221.99624633789062 55.49658203125 43.977783203125
5 273.7611083984375 220.50303649902344 22.76739501953125 13.623809814453125
9 183.71922302246094 271.48138427734375 21.473602294921875 16.2784423828125
9 101.75787353515625 270.73834228515625 25.38494873046875 26.5955810546875
5 82.49496459960938 236.790283203125 49.659210205078125 24.890869140625
9 278.04833984375 242.15182495117188 17.17919921875 16.258819580078125
5 168.24647521972656 239.40191650390625 41.351165771484375 21.140869140625
11 242.02548217773438 219.6240234375 63.05743408203125 233.90704345703125
11 251.9631805419922 219.09893798828125 52.73561096191406 86.87823486328125
10 259.9632568359375 257.96343994140625 38.75341796875 46.1351318359375
11 245.14376831054688 219.44192504882812 60.48455810546875 155.32244873046875
9 153.44775390625 258.927001953125 15.698974609375 14.632568359375
5 154.37939453125 238.562255859375 56.15582275390625 20.58685302734375