5 0.34921875 0.28046875 0.11875 0.11484375
5 0.15546875 0.2765625 0.08046875 0.09375
5 0.5984375 0.3046875 0.090625 0.1125
5 0.74765625 0.2875 0.06953125 0.09453125
5 0.896875 0.334375 0.1109375 0.11328125
5 0.48046875 0.3109375 0.0703125 0.08046875
3 0.25625 0.63125 0.0640625 0.065625
3 0.06953125 0.54140625 0.0390625 0.0625
3 0.509375 0.625 0.03828125 0.075
3 0.68203125 0.63203125 0.03828125 0.07734375
3 0.78046875 0.61328125 0.03203125 0.05859375
3 0.9390625 0.640625 0.0421875 0.0734375
3 0.43671875 0.5796875 0.0453125 0.07734375
4 0.15625 0.278125 0.0625 0.0203125
4 0.48515625 0.30546875 0.0609375 0.02109375
4 0.74375 0.2890625 0.06875 0.04375
4 0.884375 0.346875 0.09296875 0.046875
1 0.5984375 0.3015625 0.078125 0.02421875
1 0.3640625 0.2875 0.084375 0.034375
7 0.13671875 0.79765625 0.0640625 0.084375
7 0.21171875 0.78359375 0.08828125 0.06796875
7 0.2953125 0.92890625 0.06796875 0.1078125
7 0.375 0.90703125 0.0984375 0.08046875
7 0.5515625 0.89375 0.078125 0.1015625
7 0.640625 0.9125 0.07890625 0.1015625
7 0.70703125 0.81015625 0.0671875 0.0546875
7 0.5125 0.78359375 0.06015625 0.04921875
7 0.41875 0.77421875 0.0578125 0.05859375
5 0.2921875 0.29921875 0.05859375 0.090625
5 0.2328125 0.32421875 0.05234375 0.0546875
10 508.8585205078125 250.496826171875 96.370849609375 138.93756103515625
10 50.45281982421875 208.15887451171875 91.13658142089844 113.12908935546875
10 159.90066528320312 215.31082153320312 109.69189453125 135.81378173828125
10 329.99005126953125 232.4407958984375 104.316162109375 126.51519775390625
11 19.631988525390625 137.19140625 137.62213134765625 393.14794921875
11 301.55230712890625 153.7166290283203 153.76318359375 456.84324645996094
11 247.86770629882812 168.0817413330078 104.79986572265625 347.39744567871094
10 437.9952392578125 216.3639373779297 81.12353515625 114.71351623535156
11 136.36813354492188 133.6202392578125 156.892822265625 490.5867919921875
9 294.0142822265625 203.1844482421875 29.0001220703125 21.15130615234375
11 482.8216247558594 171.3380126953125 141.27322387695312 443.5059814453125
5 541.4181518554688 175.55194091796875 67.5997314453125 43.333404541015625
5 75.09759521484375 141.9771728515625 45.16168212890625 27.761962890625
9 364.2137451171875 200.08340454101562 36.53369140625 26.17132568359375
10 264.0595703125 223.190185546875 75.732177734375 138.4205322265625
5 358.2863464355469 156.32785034179688 51.96380615234375 25.91436767578125
5 187.3002471923828 137.91281127929688 67.02139282226562 38.8037109375
9 86.38037872314453 185.26153564453125 28.831130981445312 21.4359130859375
5 459.01690673828125 154.97897338867188 43.2779541015625 22.089599609375
11 428.60211181640625 153.96875 103.69732666015625 392.50115966796875
9 216.5623779296875 188.95486450195312 36.11236572265625 25.8519287109375
5 287.1402282714844 170.86672973632812 40.38153076171875 18.97467041015625
9 459.8184509277344 190.66409301757812 30.56744384765625 19.03790283203125
9 539.321044921875 225.6031494140625 34.948486328125 22.11505126953125
5 134.3945770263672 187.96878051757812 25.790435791015625 15.913543701171875
11 609.3570556640625 197.06805419921875 30.6429443359375 351.317138671875
5 168.58224487304688 165.28564453125 25.9942626953125 19.903961181640625