12 0.021669425159014377 0.2817484071068376 0.026898843285945873 0.05796703610435348
12 0.3012296601318997 0.30199623283158605 0.029978391490547908 0.050172716822512696
12 0.26476998536566876 0.25767860626995703 0.01437157220870695 0.05320681323171659
12 0.15486826541989807 0.21456947658507008 0.011092036104353654 0.026626132513557367
12 0.35239270521324356 0.23607579616149846 0.007957945745273776 0.025045451795398056
12 0.36098191003370383 0.23680704918656054 0.011010222872636888 0.012563632513557365
12 0.2962836057789778 0.21218429908836473 0.00789431323171641 0.014107951795398144
12 0.2463517834720749 0.20075644057891245 0.006340903590796287 0.015661361436318445
12 0.2306540605994379 0.21334734416970863 0.006368174668035032 0.020348861436318443
12 0.2228324702403583 0.2149552959651067 0.012581813231716588 0.014135222872636887
12 0.21571940700864173 0.229058702580965 0.011064765027114731 0.021938632513557366
12 0.19479382865161465 0.20027517242853987 0.006331813231716587 0.014098861436318444
12 0.19013359972885358 0.1956149435057787 0.0031886325135573657 0.010955680718159222
12 0.13390632562655255 0.19203594643264493 0.0031886325135573657 0.010955680718159222
12 0.12294609972885358 0.19600582894620225 0.004760222872636888 0.012527271077238921
12 0.08467394008793314 0.1946660427436529 0.004778403590796199 0.015652271077238832
12 0.07130633167667674 0.20958706079582967 0.006377265027114642 0.021911361436318444
12 0.03516884377692522 0.2441711390546608 0.011110216822512698 0.029751132513557366
13 0.7732223139190876 0.28845642847866404 0.014198855386194253 0.023519313231716587
11 0.7747893590986275 0.28766608811958444 0.017360216822512698 0.029787493949875808
2 0.7795268560735653 0.27904506704234555 0.0063045421544778435 0.009411361436318443
2 0.8835694614597596 0.255003058163551 0.006295451795397966 0.007848861436318444
2 0.8742035518188391 0.25349510031802874 0.006286361436318444 0.006286361436318444
2 0.8913910518188392 0.25339510636815293 0.007848861436318444 0.006295451795397966
2 0.9053535578689633 0.2705007931364364 0.0062954517953983215 0.007848861436318444
13 0.9045132205349459 0.2806615883159761 0.012572722872636888 0.012572722872636888
13 0.890518898228043 0.26902465154769273 0.012618174668034854 0.020385222872636888
13 0.8835149193052818 0.264378058163551 0.004742042154477844 0.009402271077238922
13 0.8733723048439014 0.2620933954975685 0.009429542154477843 0.009429542154477666
11 0.8741717355620604 0.25896385031802865 0.011046584308955332 0.018813632513557367
11 0.8827609403825207 0.25969510334309087 0.007921584308955332 0.018795451795397967
11 0.892104124125742 0.2651093111886131 0.01424430718159222 0.03133181323171659
11 0.9053126512531051 0.27753204313643637 0.014207945745273776 0.02508181323171659
12 0.05318706987101596 0.5717512383907308 0.034756795081343925 0.06582498789975162
12 0.30954160900043154 0.5522916695016736 0.020621572208706952 0.053243174668035034
12 0.4376620638208918 0.552327510057145 0.019004530054229286 0.04385908430895533
11 0.14765625 0.4390625 0.0171875 0.01875
9 0.4921875 0.79609375 0.046875 0.2203125
2 0.55625 0.546875 0.175 0.234375
13 0.603125 0.89921875 0.26875 0.2015625
11 0.6203125 0.71484375 0.303125 0.5703125