2 0.3015625 0.3375 0.08125 0.10703125
2 0.4140625 0.3453125 0.06328125 0.10546875
2 0.66796875 0.3265625 0.0828125 0.10546875
2 0.1546875 0.4203125 0.03359375 0.0484375
2 0.0703125 0.4234375 0.03125 0.03203125
4 0.41484375 0.35625 0.05703125 0.01875
4 0.6578125 0.325 0.05234375 0.025
4 0.30625 0.34765625 0.06171875 0.03046875
7 0.59140625 0.6015625 0.0359375 0.0390625
7 0.5265625 0.80859375 0.053125 0.0921875
7 0.4234375 0.81015625 0.053125 0.07578125
3 0.45 0.49765625 0.04140625 0.0390625
3 0.39375 0.49921875 0.0546875 0.04296875
2 0.57890625 0.40703125 0.0375 0.04296875
2 0.72578125 0.325 0.0640625 0.08671875
3 0.7515625 0.61953125 0.04375 0.05625
2 0.03671875 0.43046875 0.03203125 0.028125
7 0.14375 0.62890625 0.0359375 0.0296875
7 0.08671875 0.63359375 0.02265625 0.025
7 0.06171875 0.63515625 0.0265625 0.025
2 241.87802124023438 185.471923828125 285.3540344238281 222.9498291015625
2 164.41287231445312 179.0723876953125 222.17367553710938 220.52923583984375
10 402.7364501953125 239.75482177734375 498.0716552734375 372.76080322265625
11 221.24603271484375 182.41307067871094 357.79473876953125 640.0
11 105.13912963867188 177.920166015625 253.58786010742188 640.0
11 387.10211181640625 167.9241943359375 533.1091918945312 640.0
11 354.1323547363281 244.83241271972656 404.4121398925781 395.803466796875
9 252.66378784179688 233.47930908203125 275.5747375488281 251.01776123046875
10 234.4669189453125 254.24844360351562 312.9178466796875 384.3642883300781
2 399.06927490234375 169.47360229492188 456.21588134765625 210.23037719726562
11 79.21115112304688 251.202392578125 124.13764953613281 405.78570556640625
11 24.74235725402832 259.1636962890625 71.85658264160156 413.3741455078125
9 405.62701416015625 215.48089599609375 432.55438232421875 235.4793701171875
11 0.0 251.30511474609375 33.868499755859375 394.7872314453125
9 188.59268188476562 228.9869384765625 210.02316284179688 247.45230102539062
2 88.53297424316406 253.0267791748047 107.46018981933594 270.53033447265625
10 147.751708984375 246.75869750976562 222.28466796875 371.7283020019531
10 361.8449401855469 271.0648498535156 398.9288024902344 321.3847961425781
2 40.838836669921875 260.1846923828125 59.93858337402344 276.730224609375
2 360.066650390625 247.40469360351562 380.2071533203125 265.5857849121094
9 92.98941040039062 273.3330078125 103.06427001953125 282.928466796875
11 452.4031982421875 177.38455200195312 534.2255249023438 325.8893127441406
10 31.439491271972656 284.44024658203125 49.86475372314453 335.99395751953125
2 444.51171875 178.91824340820312 484.8992919921875 215.13461303710938
13 84.43263244628906 279.08941650390625 114.21759033203125 323.98516845703125
10 85.17379760742188 279.35504150390625 114.608642578125 323.6854248046875
9 189.99630737304688 227.04290771484375 213.65811157226562 246.50408935546875