5 0.178125 0.459375 0.090625 0.10703125
5 0.265625 0.45078125 0.06015625 0.06796875
5 0.32421875 0.4265625 0.04140625 0.0578125
5 0.48671875 0.41171875 0.0375 0.046875
5 0.60234375 0.41640625 0.0375 0.03984375
5 0.81171875 0.45703125 0.096875 0.0828125
5 0.72578125 0.42890625 0.05078125 0.06640625
5 0.69140625 0.425 0.04609375 0.065625
3 0.296875 0.57421875 0.06953125 0.05859375
3 0.465625 0.471875 0.028125 0.025
3 0.496875 0.4734375 0.03203125 0.03046875
3 0.67578125 0.49375 0.05 0.02421875
3 0.6703125 0.4671875 0.0390625 0.02421875
3 0.59375 0.465625 0.03125 0.02265625
5 0.96328125 0.50078125 0.07265625 0.1546875
3 0.3453125 0.5171875 0.04921875 0.046875
5 85.14952087402344 258.9140625 140.49867248535156 290.90771484375
9 110.08267211914062 297.7822570800781 142.56851196289062 323.2058410644531
11 130.03253173828125 261.9722900390625 215.48992919921875 367.4913330078125
11 7.075286865234375 253.6099853515625 213.57003784179688 596.1234130859375
5 150.87820434570312 266.6905212402344 190.95700073242188 294.3589172363281
10 283.55316162109375 269.39007568359375 330.81048583984375 302.85711669921875
5 493.56982421875 261.89752197265625 548.829833984375 304.77813720703125
10 461.33404541015625 374.0330810546875 639.3571166992188 473.5655517578125
9 169.07229614257812 297.59576416015625 188.18179321289062 314.07647705078125
5 192.3839111328125 252.040283203125 224.33004760742188 269.76702880859375
10 134.2352294921875 310.90069580078125 204.70574951171875 360.9505615234375
9 457.2323913574219 275.6246337890625 476.5780944824219 295.5726318359375
9 197.71371459960938 274.37579345703125 218.10345458984375 292.17559814453125
11 182.82440185546875 248.3831787109375 234.0177001953125 324.7886962890625
9 506.65228271484375 307.0850830078125 539.9072875976562 324.4312744140625
11 0.0 262.66888427734375 69.63827514648438 596.8145141601562
2 408.70135498046875 388.943359375 525.0604858398438 475.943359375
9 299.358642578125 269.1331481933594 315.60546875 281.3697204589844