2 0.3265625 0.26484375 0.065625 0.08046875
2 0.790625 0.2484375 0.07265625 0.08671875
0 0.27734375 0.44921875 0.03359375 0.04140625
0 0.41875 0.3203125 0.04921875 0.0375
7 0.54296875 0.5921875 0.075 0.10859375
2 0.3234375 0.04296875 0.08828125 0.0859375
2 0.79296875 0.059375 0.0921875 0.0953125
2 0.54921875 0.20546875 0.09140625 0.06796875
2 0.55234375 0.103125 0.0921875 0.075
0 0.653125 0.24375 0.03671875 0.0453125
0 0.7171875 0.3546875 0.0546875 0.03515625
0 0.72734375 0.428125 0.06015625 0.05078125
1 0.1828125 0.39296875 0.03359375 0.0359375
1 0.0453125 0.50703125 0.03125 0.05078125
1 0.05078125 0.43984375 0.0359375 0.046875
7 0.88046875 0.62265625 0.07265625 0.11796875
7 0.47109375 0.57265625 0.0578125 0.07734375
7 0.659375 0.06328125 0.05 0.03984375
10 501.49639892578125 168.44439697265625 594.6408081054688 290.50213623046875
2 187.26181030273438 142.30064392089844 230.31716918945312 182.53453063964844
10 279.75286865234375 140.92019653320312 363.13214111328125 258.40771484375
2 480.408935546875 129.74288940429688 529.195068359375 164.08847045898438
11 449.72357177734375 126.89321899414062 596.3045043945312 426.6127624511719
11 22.938982009887695 265.90093994140625 55.770599365234375 410.08758544921875
11 266.41094970703125 121.9654541015625 426.73577880859375 413.3128662109375
9 492.3013916015625 167.18399047851562 513.8290405273438 186.79226684570312
2 328.7288818359375 121.51776885986328 373.67987060546875 141.7044677734375
11 98.12353515625 241.85638427734375 139.2515869140625 351.9013671875
10 172.9031219482422 185.43453979492188 225.1525421142578 281.6337890625
13 106.28913879394531 263.03814697265625 129.8634796142578 296.27801513671875
10 22.78839111328125 292.8453369140625 43.13421630859375 325.356201171875
2 106.2977066040039 242.71441650390625 122.59720611572266 256.7760925292969
10 23.208646774291992 338.15972900390625 46.05732727050781 382.89312744140625
11 159.18902587890625 138.07229614257812 231.82794189453125 323.6011657714844
10 129.94430541992188 361.4176025390625 154.97445678710938 406.709716796875
2 22.292675018310547 268.12078857421875 38.88987731933594 282.28570556640625
9 23.623687744140625 285.6125793457031 34.412506103515625 297.3653259277344
9 202.14724731445312 183.01904296875 218.73818969726562 195.12469482421875
9 193.46176147460938 180.69305419921875 212.73464965820312 195.34564208984375