4 0.51484375 0.4359375 0.16015625 0.0578125
4 0.165625 0.44296875 0.165625 0.05859375
2 0.1609375 0.4125 0.21328125 0.26796875
2 0.57578125 0.4375 0.275 0.3375
11 0.0 166.91558837890625 298.5979919433594 473.08441162109375
2 285.9319763183594 156.0845947265625 182.662109375 142.30587768554688
2 28.187576293945312 173.82266235351562 143.37835693359375 106.7462158203125
11 230.7755584716797 150.80413818359375 403.12013244628906 489.19586181640625
10 268.197021484375 367.40972900390625 308.4669189453125 272.55511474609375
9 67.75750732421875 302.09429931640625 86.52169799804688 64.3311767578125
10 0.408599853515625 360.392822265625 257.4164123535156 279.15771484375
9 292.420654296875 298.359619140625 70.9329833984375 76.41485595703125