2 0.27421875 0.40703125 0.053125 0.0546875
2 0.39375 0.434375 0.05703125 0.06953125
2 0.54375 0.42578125 0.040625 0.04296875
5 0.4625 0.4046875 0.0375 0.03984375
5 0.62265625 0.41796875 0.03984375 0.03203125
7 0.4234375 0.74765625 0.0734375 0.06171875
0 0.215625 0.5125 0.040625 0.06953125
7 0.2390625 0.646875 0.0421875 0.046875
7 0.27265625 0.63984375 0.0375 0.053125
11 133.6805419921875 236.52987670898438 56.57220458984375 183.6766357421875
11 242.0500946044922 255.23211669921875 75.79786682128906 238.7943115234375
10 258.7794189453125 292.6063232421875 47.4530029296875 86.578125
10 146.58404541015625 273.83612060546875 36.54962158203125 62.50128173828125
9 163.604736328125 263.01812744140625 16.56903076171875 13.4569091796875
2 238.37066650390625 259.54730224609375 32.713897705078125 28.053466796875