11 0.1780222659532294 0.16458259124284239 0.31035788669636233 0.2205408007386847
9 0.16659386994750242 0.20683372375639975 0.21369996801399935 0.10436128883482798
10 0.14609375 0.50625 0.2921875 0.4875
11 0.275 0.375 0.55 0.75
2 0.60859375 0.05625 0.0921875 0.1125
9 0.6257886986394103 0.1411597685431561 0.036519302673454136 0.05020907825883123
13 0.62421875 0.31015625 0.1484375 0.3421875
11 0.6546875 0.31875 0.209375 0.6375
2 0.06640625 0.8421875 0.1328125 0.134375
2 0.34999781063018354 0.8463729467272326 0.11230110001590851 0.11783291549465283
9 0.36505864194782056 0.9619024979568966 0.0632454346753633 0.0644261143631848
9 0.084375 0.97109375 0.084375 0.0578125
11 0.1921875 0.875 0.384375 0.25
11 0.4015625 0.8796875 0.296875 0.240625
11 0.775 0.875 0.45 0.25
8 0.7515625 0.915625 0.403125 0.16875
5 0.73671875 0.7859375 0.3734375 0.071875
2 2.0639801025390625 503.37890625 80.55386352539062 639.3948974609375
2 197.59857177734375 505.5730285644531 260.77496337890625 633.313232421875
1 12.177398681640625 564.6830444335938 77.11624145507812 609.2505493164062
2 366.67919921875 1.999267578125 419.445068359375 104.249755859375
2 16.639266967773438 0.0 205.70065307617188 166.4512481689453
4 377.33624267578125 51.39056396484375 412.22332763671875 77.6756591796875
4 202.45626831054688 567.0634765625 257.04632568359375 597.107666015625
1 203.56292724609375 568.6622314453125 257.50018310546875 596.9398193359375
3 426.16552734375 291.73870849609375 473.3250732421875 362.92059326171875