4 0.4140625 0.44296875 0.146875 0.0671875
2 0.6484375 0.39765625 0.36953125 0.40703125
2 0.42421875 0.4359375 0.22578125 0.33359375
4 0.5515625 0.4625 0.12578125 0.0953125
2 301.49029541015625 108.9012451171875 533.6124877929688 291.6694641113281
2 192.4261932373047 157.88198852539062 344.79840087890625 295.658203125
11 248.59710693359375 96.36285400390625 639.07666015625 639.89990234375
9 219.2808837890625 301.38427734375 320.82275390625 384.65380859375
11 181.48052978515625 152.56378173828125 447.41082763671875 640.0
11 206.43072509765625 0.0 556.052490234375 107.756591796875
10 198.595458984375 377.1407470703125 422.1046142578125 640.0
9 332.2242431640625 0.0 511.12237548828125 71.73663330078125
11 180.245361328125 146.01416015625 566.299560546875 640.0