2 0.3671875 0.4921875 0.0390625 0.04921875
2 0.44921875 0.46328125 0.03671875 0.0546875
2 0.52265625 0.48515625 0.03359375 0.05078125
3 0.33359375 0.62890625 0.02265625 0.02421875
3 0.4 0.62265625 0.01875 0.021875
3 0.48125 0.6265625 0.015625 0.0203125
3 0.5578125 0.6265625 0.02421875 0.02421875
7 0.4640625 0.72734375 0.03515625 0.03828125
7 0.4171875 0.72734375 0.03046875 0.0359375
7 0.37265625 0.72734375 0.03359375 0.03046875
7 0.32421875 0.734375 0.03046875 0.03984375
7 0.5375 0.734375 0.03359375 0.0296875
7 0.50078125 0.734375 0.0359375 0.02421875
4 0.36796875 0.49921875 0.0359375 0.01171875
4 0.45 0.46796875 0.03203125 0.0109375
4 0.52109375 0.48984375 0.0328125 0.0125
11 202.13973999023438 296.02691650390625 58.15203857421875 188.1591796875
11 253.69879150390625 275.73236083984375 59.339111328125 202.7540283203125
11 303.9114074707031 290.72698974609375 56.12384033203125 187.66558837890625
10 215.157958984375 332.43450927734375 36.28863525390625 61.167724609375
2 275.3887939453125 277.0647277832031 23.962158203125 19.73760986328125
10 261.62249755859375 312.5469055175781 41.9613037109375 59.4420166015625
2 222.15814208984375 296.81524658203125 25.59942626953125 20.3514404296875
10 310.7479248046875 328.6966552734375 42.15264892578125 68.49041748046875
2 321.42279052734375 292.72113037109375 23.1854248046875 18.69464111328125
9 279.2122802734375 301.695556640625 14.48858642578125 11.52532958984375
9 228.37294006347656 321.42706298828125 14.28070068359375 10.2506103515625
11 441.2371826171875 0.28743743896484375 35.1732177734375 52.573341369628906
9 326.1172790527344 317.46392822265625 13.367919921875 10.8968505859375
9 226.34451293945312 320.9815673828125 14.0150146484375 10.5513916015625