5 0.4953125 0.36796875 0.0890625 0.1265625
5 0.3546875 0.38046875 0.1078125 0.11484375
5 0.2484375 0.40078125 0.053125 0.08828125
3 0.753125 0.3515625 0.10546875 0.04921875
3 0.70078125 0.77578125 0.06484375 0.06640625
1 0.49453125 0.3625 0.08046875 0.04375
4 0.36640625 0.38125 0.0828125 0.04921875
4 0.2484375 0.4015625 0.06015625 0.03046875
5 0.7984375 0.36875 0.11640625 0.1390625
1 0.81796875 0.35859375 0.07890625 0.0390625
3 0.234375 0.746875 0.04921875 0.06171875
10 451.8235778808594 278.7238464355469 121.23513793945312 169.23248291015625
11 418.9185791015625 184.61314392089844 171.1920166015625 454.97767639160156
10 277.110107421875 270.3277587890625 117.2374267578125 154.0125732421875
10 157.23251342773438 292.6590576171875 102.55502319335938 163.955078125
11 258.21002197265625 185.97987365722656 152.764404296875 453.71604919433594
5 279.53106689453125 191.119873046875 54.859375 32.73895263671875
11 116.47626495361328 198.0621337890625 165.16326141357422 440.89361572265625
5 184.27081298828125 202.9085693359375 77.75540161132812 34.713623046875
5 136.67318725585938 227.63211059570312 39.85162353515625 23.81268310546875
9 214.98553466796875 256.75 45.11773681640625 34.80859375
9 300.34906005859375 245.286865234375 41.84423828125 27.61724853515625
9 502.9141845703125 239.2861328125 47.0296630859375 28.87493896484375
11 117.37138366699219 224.3949432373047 72.04122924804688 112.32728576660156
9 149.25146484375 263.35406494140625 26.717987060546875 16.8477783203125
5 471.46539306640625 186.88632202148438 72.66644287109375 47.140655517578125
11 113.24969482421875 223.9287567138672 77.92007446289062 350.57203674316406