2 0.25234375 0.4375 0.25234375 0.29765625
2 0.51171875 0.49765625 0.13828125 0.15390625
2 0.7890625 0.5390625 0.1078125 0.121875
4 0.2765625 0.46640625 0.18125 0.071875
3 0.71796875 0.6625 0.11015625 0.08046875
1 0.53984375 0.5109375 0.08515625 0.03359375
3 0.85 0.67890625 0.07734375 0.0546875
3 0.9046875 0.703125 0.0640625 0.06015625
3 0.78125 0.7140625 0.06328125 0.0546875
4 0.7890625 0.55859375 0.07578125 0.03359375
11 3.606231689453125 180.3038330078125 260.02935791015625 459.6871337890625
2 73.2245864868164 183.1734619140625 176.41893768310547 122.10467529296875
2 476.4046630859375 304.2576904296875 63.869384765625 54.49853515625
10 31.141937255859375 390.32244873046875 211.43902587890625 249.67755126953125
2 282.7930908203125 261.5985107421875 90.9046630859375 62.97137451171875
9 325.9569091796875 333.2174072265625 41.8016357421875 30.9041748046875
11 262.9769287109375 257.08343505859375 259.87396240234375 382.9068603515625
11 436.9549560546875 301.7470703125 125.059814453125 338.07183837890625
9 155.50633239746094 302.587890625 79.30325317382812 61.99310302734375
10 279.1868896484375 367.00860595703125 128.99798583984375 171.5574951171875
10 453.94830322265625 377.41650390625 94.7322998046875 188.439208984375
9 492.236572265625 366.039794921875 25.0406494140625 17.10455322265625
10 278.2043762207031 366.75714111328125 131.45263671875 272.7745361328125