0 0.42265625 0.6765625 0.06640625 0.06328125
2 0.58828125 0.41640625 0.0984375 0.12578125
0 0.68984375 0.70859375 0.05234375 0.0765625
2 0.30390625 0.3421875 0.0375 0.03359375
2 0.415625 0.359375 0.03203125 0.028125
2 0.51015625 0.35859375 0.025 0.0265625
2 344.59869384765625 218.571044921875 70.19842529296875 69.15228271484375
11 238.29278564453125 213.52197265625 184.9249267578125 262.14703369140625
11 182.0093231201172 206.19229125976562 33.69757080078125 64.95755004882812
10 273.79901123046875 277.38128662109375 120.963623046875 153.9185791015625
11 303.8650817871094 218.92288208007812 40.25054931640625 57.67144775390625
10 307.649169921875 235.02902221679688 33.339599609375 40.330474853515625
11 517.5906982421875 224.82870483398438 27.583984375 69.3890380859375
2 185.37905883789062 207.7119903564453 18.4501953125 11.80865478515625
13 185.97499084472656 229.19482421875 24.814117431640625 41.25933837890625
10 186.43365478515625 228.91946411132812 23.44830322265625 40.824462890625
9 352.6221008300781 286.0575256347656 31.47015380859375 20.11773681640625
10 521.79931640625 236.34820556640625 17.5172119140625 28.2274169921875
2 318.28070068359375 219.2762908935547 15.37835693359375 13.626312255859375
11 251.29623413085938 218.8648681640625 26.27685546875 58.552734375