2 0.47421875 0.775 0.03203125 0.0390625
2 0.44609375 0.46796875 0.034375 0.04140625
2 0.4921875 0.14453125 0.03046875 0.025
3 0.4375 0.81328125 0.02265625 0.0265625
2 0.371875 0.21484375 0.02265625 0.03203125
2 0.6125 0.153125 0.0296875 0.0359375
11 292.0205078125 81.18283081054688 346.6190185546875 177.76556396484375
10 295.4032287597656 104.19569396972656 329.5670471191406 164.90455627441406
2 293.61224365234375 482.0570983886719 312.269287109375 499.4491271972656
2 305.00103759765625 82.2615966796875 321.27947998046875 94.26837158203125
11 268.0447998046875 480.3717346191406 324.1243896484375 592.5015869140625
9 309.9974060058594 96.65532684326172 320.4171447753906 105.58043670654297
10 292.1334228515625 503.76275634765625 315.77587890625 534.2538452148438