2 0.71953125 0.2890625 0.140625 0.16875
2 0.1953125 0.571875 0.24296875 0.2546875
4 0.6921875 0.30703125 0.07734375 0.06328125
0 0.4484375 0.59140625 0.12421875 0.11484375
0 0.76796875 0.6109375 0.0875 0.08671875
0 0.42421875 0.775 0.12109375 0.11015625
2 44.040313720703125 286.09259033203125 155.6502685546875 116.04052734375
2 417.59881591796875 124.17282104492188 87.3677978515625 81.94223022460938
10 33.22325134277344 435.1759948730469 184.90599060058594 204.82400512695312
11 248.7725830078125 120.304443359375 262.27557373046875 287.49462890625
11 4.45269775390625 284.64752197265625 332.4735107421875 355.35247802734375
13 331.82781982421875 193.83335876464844 131.8250732421875 196.77943420410156
9 115.05718231201172 413.10009765625 56.29889678955078 40.442138671875
10 330.56378173828125 193.1539306640625 134.68505859375 197.3941650390625
2 403.84393310546875 0.0814208984375 102.994140625 67.60552978515625