2 0.02421875 0.23125 0.0484375 0.0625
2 0.1539126039545021 0.2652276286047324 0.11019316000954511 0.0709488251355733
10 0.17734375 0.36796875 0.1578125 0.0640625
10 0.028125 0.35390625 0.05625 0.0921875
9 0.01484375 0.290625 0.0296875 0.034375
9 0.1360523946133206 0.32294013465485666 0.045694308004454245 0.033076120413308895
11 0.07421875 0.296875 0.1484375 0.20625
11 0.16796875 0.31171875 0.2171875 0.1765625
2 0.86171875 0.3984375 0.0078125 0.003125
2 0.2953125 0.43125 0.20625 0.0625
9 0.075 0.41875 0.146875 0.0375
9 0.32683993193032135 0.530243574546398 0.10228975334181775 0.06309087334017516
10 0.27109375 0.778125 0.2546875 0.44375
10 0.1078125 0.72890625 0.215625 0.5421875
11 0.10859375 0.7 0.2171875 0.6
11 0.25625 0.7 0.30625 0.6
2 63.88749694824219 150.2985382080078 62.69374084472656 75.95318603515625
2 124.8355712890625 256.0494384765625 130.159912109375 103.50048828125
2 0.09949684143066406 128.86569213867188 25.43609619140625 71.5126953125
4 154.83631896972656 290.86688232421875 93.60787963867188 32.620849609375
4 67.5621566772461 184.3802032470703 49.00730895996094 21.2840576171875
4 0.008563995361328125 157.9869384765625 22.53728485107422 18.972412109375