12 0.18984375 0.31484375 0.3796875 0.6296875
10 0.33828125 0.56171875 0.1640625 0.1359375
9 0.27011797875554133 0.3748512652769117 0.11110222668681721 0.14971019334818117
5 0.290625 0.0671875 0.203125 0.134375
11 0.3234375 0.31484375 0.353125 0.6296875
11 0.2921875 0.81484375 0.584375 0.3703125
10 0.8484375 0.85 0.303125 0.3
11 0.79453125 0.81484375 0.4109375 0.3703125
8 0.91640625 0.703125 0.1671875 0.146875
3 402.7943115234375 589.1524658203125 447.83489990234375 640.0
2 509.13458251953125 420.142578125 638.8018188476562 534.39404296875
5 115.72244262695312 0.0 254.36773681640625 286.91705322265625
5 402.935546875 588.5413818359375 447.7587890625 640.0