2 0.09609375 0.36953125 0.0515625 0.05625
7 0.50625 0.7359375 0.07890625 0.046875
7 0.11953125 0.72734375 0.06953125 0.046875
2 0.57421875 0.5015625 0.05703125 0.071875
2 0.36328125 0.4453125 0.06015625 0.065625
2 0.496875 0.40390625 0.05703125 0.0625
2 0.44453125 0.37265625 0.04375 0.0609375
2 0.3328125 0.375 0.05234375 0.05703125
2 0.39609375 0.38125 0.05390625 0.059375
4 0.1046875 0.3796875 0.03125 0.015625
7 0.43984375 0.728125 0.0640625 0.05078125
7 0.3171875 0.72734375 0.07421875 0.0390625
7 0.3703125 0.696875 0.05625 0.04140625
4 0.36796875 0.45546875 0.0359375 0.01875
4 0.5046875 0.4109375 0.0328125 0.01875
3 0.5234375 0.65625 0.02265625 0.0359375
11 257.30426025390625 287.3768310546875 382.70416259765625 482.9197998046875
2 270.3402099609375 218.72625732421875 299.48583984375 242.69232177734375
11 19.55725860595703 214.201904296875 97.92457580566406 477.1121826171875
10 27.151458740234375 254.80734252929688 71.19171905517578 341.2007751464844
2 236.13616943359375 223.7059326171875 269.56341552734375 250.50656127929688
2 199.756103515625 220.35430908203125 232.12008666992188 245.26080322265625
2 40.75318908691406 216.9414520263672 78.6341781616211 241.5511932373047
2 303.97344970703125 236.67385864257812 336.04644775390625 262.0895690917969
11 216.47213745117188 217.78240966796875 302.1042785644531 459.87347412109375
2 347.99346923828125 295.4332275390625 386.21136474609375 325.50146484375
9 60.15998840332031 244.31118774414062 74.11227416992188 258.6490478515625
10 258.29766845703125 266.66748046875 321.7216796875 388.49322509765625
10 247.56295776367188 258.3647766113281 287.3036193847656 358.0103454589844
2 216.74725341796875 261.238525390625 251.94207763671875 292.838134765625
9 205.40863037109375 247.90338134765625 220.8638916015625 258.96044921875
9 277.084716796875 246.30587768554688 288.59130859375 256.5880126953125
10 162.13067626953125 292.10540771484375 225.94503784179688 373.41815185546875
11 148.08218383789062 219.60916137695312 243.3673095703125 470.1482238769531
9 224.99649047851562 295.5022277832031 242.86563110351562 311.4815368652344
10 186.10009765625 256.99676513671875 222.48953247070312 309.0416259765625
9 358.01470947265625 327.4298095703125 372.01947021484375 343.1578369140625
9 309.49066162109375 265.3844909667969 324.41473388671875 280.3666076660156
11 155.94580078125 258.6134338378906 258.69683837890625 465.2367248535156
9 243.0498046875 253.3892059326172 259.43157958984375 267.67034912109375
9 273.47088623046875 246.55560302734375 287.00042724609375 258.80950927734375
9 313.6575622558594 265.33013916015625 326.7432556152344 279.15338134765625