5 0.55703125 0.31171875 0.1359375 0.165625
5 0.1109375 0.3484375 0.0984375 0.128125
3 0.44140625 0.4046875 0.071875 0.0921875
4 0.546875 0.3125 0.10703125 0.0390625
5 0.01953125 0.36484375 0.0390625 0.08984375
4 0.55 0.0265625 0.1140625 0.0453125
0 0.2625 0.67734375 0.0546875 0.0671875
0 0.021875 0.68203125 0.04296875 0.07265625
4 0.11328125 0.35703125 0.084375 0.03359375
11 243.4622344970703 142.2255859375 259.40904235839844 497.7744140625
11 1.179046630859375 179.48150634765625 185.5094757080078 459.810546875
10 297.963623046875 244.5727996826172 148.72607421875 222.09754943847656
10 18.174163818359375 253.74609375 134.739501953125 168.37408447265625
5 41.89020538330078 183.1156463623047 58.20271301269531 31.474365234375
9 319.38311767578125 212.24945068359375 52.224853515625 35.64208984375
9 51.61956024169922 234.75213623046875 46.22761535644531 25.92156982421875
5 315.123291015625 144.70022583007812 88.07989501953125 40.3970947265625
5 0.03192138671875 207.3979034423828 18.287309646606445 22.069580078125
10 0.0 254.00485229492188 22.246456146240234 108.12677001953125
9 0.036914825439453125 239.91973876953125 16.84286117553711 16.45050048828125
11 0.0 206.1470947265625 28.4722957611084 325.40771484375