5 0.096875 0.35078125 0.06796875 0.07578125
5 0.56015625 0.3296875 0.06171875 0.075
5 0.8359375 0.3421875 0.08125 0.090625
3 0.76484375 0.4203125 0.07109375 0.053125
3 0.1609375 0.575 0.03984375 0.05234375
7 0.13515625 0.8015625 0.09296875 0.06640625
7 0.5421875 0.7359375 0.065625 0.06640625
4 0.10859375 0.3421875 0.0453125 0.028125
4 0.56015625 0.328125 0.05546875 0.028125
4 0.82109375 0.33515625 0.06328125 0.0375
3 0.7453125 0.5796875 0.04765625 0.06953125
3 0.1140625 0.48828125 0.0453125 0.04140625
11 454.3133544921875 182.92388916015625 136.220703125 390.29925537109375
11 18.868255615234375 193.6883544921875 98.59403991699219 341.8729248046875
10 332.45733642578125 234.00697326660156 68.1768798828125 94.78196716308594
11 313.3724670410156 181.2099609375 108.530517578125 335.68121337890625
10 486.741943359375 247.08990478515625 83.7198486328125 111.7215576171875
10 29.070236206054688 247.6858673095703 51.73296356201172 105.48008728027344
9 349.2479248046875 218.92111206054688 22.4954833984375 19.00421142578125
5 339.530029296875 182.97409057617188 37.4815673828125 21.26947021484375
5 511.05145263671875 187.36798095703125 49.7613525390625 27.37298583984375
9 508.5407409667969 223.20697021484375 23.899688720703125 19.6044921875
5 42.10230255126953 196.64141845703125 38.01112365722656 17.464080810546875
9 56.402610778808594 227.31434631347656 22.023468017578125 22.579345703125