2 0.39116237294739165 0.1739603799331849 0.22271131303532493 0.14633174936345314
9 0.38571232454639803 0.31153310526736666 0.10981133723582168 0.07627269334818117
10 0.434375 0.41953125 0.190625 0.2203125
11 0.40546875 0.30390625 0.2484375 0.4515625
11 0.78828125 0.0125 0.0296875 0.025
11 0.375 0.70625 0.190625 0.353125
11 0.24453125 0.6953125 0.1828125 0.33125
11 0.18671875 0.6484375 0.1328125 0.2375
10 0.18828125 0.56953125 0.0578125 0.0796875
10 0.2700560291704665 0.6404859032861385 0.06149201190385671 0.09602157200827222
10 0.34453125 0.615625 0.0921875 0.171875
9 0.23616229732083913 0.5893143019573656 0.011010222872636977 0.012627269334818081
2 0.2390625 0.56015625 0.05 0.0609375
8 0.73671875 0.9171875 0.4140625 0.165625
5 0.70625 0.7265625 0.353125 0.296875
11 0.76484375 0.771875 0.4703125 0.45625
2 195.0001678466797 72.08374786376953 123.05006408691406 151.71849822998047
4 195.23834228515625 143.59588623046875 97.65631103515625 34.80706787109375
3 224.07470703125 504.5150146484375 24.25872802734375 39.099609375