3 0.21484375 0.5625 0.06015625 0.0484375
4 0.75390625 0.48515625 0.09375 0.02578125
4 0.2125 0.43515625 0.03203125 0.01796875
4 0.13828125 0.45 0.0734375 0.0203125
2 0.6328125 0.44765625 0.06328125 0.09296875
2 0.55625 0.48203125 0.059375 0.0734375
2 0.4875 0.46484375 0.046875 0.05859375
2 0.4375 0.47109375 0.0375 0.05234375
2 0.134375 0.4453125 0.0765625 0.10078125
2 0.21328125 0.4296875 0.0515625 0.0609375
2 0.76640625 0.47109375 0.1140625 0.13046875
7 0.2296875 0.703125 0.040625 0.05078125
7 0.28046875 0.69140625 0.04453125 0.05
3 0.1921875 0.48828125 0.04453125 0.04453125
4 0.55 0.4859375 0.0390625 0.02109375
4 0.478125 0.46796875 0.03359375 0.0171875
13 37.97694396972656 304.9145202636719 116.28591918945312 433.3974304199219
2 383.81884765625 257.5108642578125 427.73388671875 289.0577392578125
2 450.60015869140625 261.5380859375 530.1185913085938 305.50146484375
2 60.68315887451172 252.90284729003906 116.0036392211914 284.78369140625
11 427.988525390625 258.24676513671875 580.9560546875 639.8212890625
2 339.22412109375 285.09722900390625 375.79443359375 311.93621826171875
2 293.1156005859375 275.41339111328125 326.885986328125 299.8388671875
11 32.02351379394531 248.84828186035156 170.23963928222656 638.7999267578125
2 266.70086669921875 285.93218994140625 290.89312744140625 305.54913330078125
10 441.7713623046875 338.78753662109375 570.6202392578125 638.9746704101562
11 372.7749938964844 253.75933837890625 468.7798156738281 639.9039306640625
9 463.62030029296875 314.95556640625 493.15728759765625 338.0509033203125
2 120.76811981201172 256.6037902832031 150.90185546875 274.9636535644531
11 326.3819580078125 281.90484619140625 391.059326171875 564.2963256835938
10 290.9390869140625 326.6662902832031 338.485595703125 474.8494567871094
11 287.99102783203125 271.074462890625 348.9189453125 551.9671630859375
11 263.5800476074219 284.25555419921875 304.7195129394531 442.55413818359375
10 563.1473388671875 340.5152587890625 639.8968505859375 639.0234375
10 267.7412109375 320.203857421875 298.114501953125 434.4556884765625
9 83.51740264892578 291.76092529296875 107.11685943603516 307.52069091796875
9 343.0338439941406 316.94140625 361.8879089355469 334.9063720703125
8 127.99336242675781 280.38336181640625 145.8568878173828 292.241943359375
11 101.0219955444336 255.963134765625 173.92404174804688 344.50128173828125
9 305.20281982421875 308.2190856933594 321.33807373046875 321.9468078613281
10 267.6893615722656 320.5823974609375 298.1876525878906 400.4508056640625
10 334.297607421875 330.476806640625 384.33599853515625 530.11376953125
9 272.49627685546875 308.48388671875 282.12579345703125 321.284423828125
10 379.71173095703125 312.79058837890625 442.40972900390625 533.760009765625
11 101.39934539794922 255.33187866210938 175.4697265625 389.6088562011719
10 396.73211669921875 312.314208984375 449.7528076171875 536.396484375
10 103.89921569824219 291.05517578125 170.2452850341797 390.99444580078125
9 393.8829345703125 302.26666259765625 416.9710693359375 323.43609619140625
9 301.47100830078125 307.979736328125 318.556640625 322.1722412109375