10 0.04609375 0.234375 0.0921875 0.46875
10 0.32265625 0.2828125 0.2671875 0.371875
10 0.4489535669441497 0.09575480230981856 0.03190450585373252 0.11268180718159222
10 0.53671875 0.2 0.1578125 0.4
10 0.5796875 0.0859375 0.059375 0.171875
10 0.60703125 0.165625 0.0453125 0.33125
11 0.48125 0.08359375 0.1 0.1671875
11 0.5828125 0.234375 0.09375 0.46875
11 0.5109375 0.234375 0.2375 0.46875
2 0.32109375 0.234375 0.4046875 0.46875
2 0.0890625 0.234375 0.178125 0.46875
10 0.86171875 0.39140625 0.1953125 0.1546875
9 0.8240899223303441 0.28476380191703504 0.08789997579950323 0.06925906010845857
5 0.8539279341360049 0.12443938027406212 0.14125223477649368 0.10863063231716552
11 0.81484375 0.26484375 0.3703125 0.4078125
10 0.928125 0.925 0.128125 0.15
5 0.9859375 0.81484375 0.028125 0.0578125
11 0.86484375 0.8859375 0.2703125 0.228125
3 406.64208984375 169.48764038085938 62.0054931640625 77.53118896484375
5 492.4735412597656 46.20062255859375 106.81710815429688 159.71295166015625
4 499.3591613769531 103.83028411865234 92.33175659179688 52.66718292236328
3 74.42886352539062 110.01866149902344 43.416290283203125 52.454376220703125