2 0.42734375 0.43828125 0.08203125 0.11640625
2 0.55625 0.45625 0.071875 0.08828125
0 0.6 0.61015625 0.05078125 0.04921875
4 0.4234375 0.45078125 0.06484375 0.0359375
0 0.521875 0.596875 0.04453125 0.0453125
3 0.36328125 0.6796875 0.0375 0.06328125
3 0.39140625 0.68203125 0.03515625 0.05234375
2 0.634375 0.36328125 0.03671875 0.046875
4 0.55546875 0.46484375 0.0578125 0.02109375
2 0.59453125 0.39453125 0.0375 0.0453125
2 245.642822265625 241.14968872070312 57.9271240234375 50.9703369140625
2 332.0897216796875 260.59405517578125 48.55224609375 36.9024658203125
9 344.2854919433594 305.13134765625 26.9530029296875 16.284912109375
9 245.03799438476562 291.3160400390625 38.2421875 23.7620849609375
10 316.73394775390625 325.10174560546875 83.32373046875 123.98388671875
11 161.78048706054688 236.73785400390625 140.60440063476562 217.8485107421875
10 167.6771240234375 302.90130615234375 116.76068115234375 152.6070556640625
11 300.6954345703125 257.784423828125 113.229736328125 382.215576171875
11 307.0317077636719 258.25091552734375 112.2747802734375 219.36083984375