2 0.09921875 0.3685711753554061 0.1609375 0.09312380698520073
2 0.1 0.18497288017586627 0.1265625 0.10073631908544893
9 0.10390625 0.2115126542781672 0.0453125 0.034638620413308986
9 0.11953125 0.4301717506873711 0.03125 0.03455680718159222
10 0.05859375 0.28515625 0.1171875 0.2078125
10 0.078125 0.45546875 0.15625 0.0890625
11 0.0828125 0.303125 0.165625 0.375
11 0.13515625 0.40859375 0.2703125 0.1828125
9 0.965625 0.16535877518245545 0.040625 0.02836134933607006
10 0.6484375 0.01953125 0.225 0.0390625
10 0.9578125 0.2453125 0.084375 0.14375
2 0.97578125 0.14296875 0.0484375 0.0609375
11 0.665625 0.11328125 0.40625 0.2265625
11 0.8484375 0.29140625 0.303125 0.4171875
8 0.49453125 0.6683813195764283 0.0359375 0.03927157825883114
5 0.46796875 0.63125 0.0359375 0.04375
10 0.56328125 0.7218875937769251 0.1203125 0.12257495764913066
10 0.725 0.57890625 0.2625 0.1578125
11 0.55234375 0.7671875 0.2046875 0.31875
11 0.77421875 0.734375 0.4515625 0.46875
2 28.631629943847656 90.35366821289062 98.2765121459961 147.40072631835938
2 16.204925537109375 212.99838256835938 95.47407531738281 287.4099426269531
3 434.4009094238281 34.32026672363281 462.5746154785156 58.56828308105469
3 319.73699951171875 475.1998596191406 338.78118896484375 496.7759704589844
5 288.18939208984375 395.2867431640625 320.39410400390625 437.180419921875
2 610.0621337890625 74.68273162841797 639.8348388671875 120.23981475830078
6 582.2422485351562 286.7415771484375 639.9649047851562 324.9073486328125
6 401.00543212890625 551.46240234375 444.83660888671875 594.993408203125
4 46.121212005615234 252.6757049560547 88.207275390625 271.22039794921875
3 319.3035583496094 469.9472961425781 340.6771545410156 496.1430358886719
3 468.12322998046875 108.2388916015625 506.58355712890625 134.25186157226562
3 439.60687255859375 1.3247833251953125 485.42303466796875 57.64238739013672