5 0.30546875 0.37578125 0.07890625 0.1
5 0.4984375 0.36640625 0.0421875 0.04921875
5 0.39453125 0.39921875 0.04765625 0.0640625
5 0.66796875 0.3421875 0.06640625 0.08125
5 0.7203125 0.36875 0.05 0.0578125
7 0.52734375 0.6546875 0.03046875 0.04375
7 0.48984375 0.66484375 0.02265625 0.034375
7 0.30546875 0.9359375 0.115625 0.090625
7 0.2234375 0.90625 0.05390625 0.078125
3 0.9578125 0.54375 0.0390625 0.05703125
3 0.45234375 0.56484375 0.02578125 0.04375
3 0.51484375 0.49921875 0.02421875 0.03203125
3 0.534375 0.51640625 0.02578125 0.034375
3 0.7875 0.5375 0.046875 0.04609375
3 0.24375 0.66953125 0.06171875 0.0578125
3 0.2 0.65 0.04921875 0.05078125
3 0.01953125 0.6734375 0.03828125 0.0578125
3 0.6296875 0.87578125 0.0609375 0.0734375
10 384.13232421875 254.05821228027344 481.38037109375 397.2255859375
11 211.18338012695312 230.95877075195312 307.1799011230469 478.7216491699219
11 289.77740478515625 219.48175048828125 352.38751220703125 438.3135986328125
10 221.26614379882812 274.72430419921875 272.1180419921875 365.107421875
11 107.20915985107422 199.914306640625 223.1961669921875 625.7718505859375
10 122.11931610107422 269.1684875488281 206.49139404296875 439.9254455566406
10 297.99688720703125 255.46722412109375 343.61639404296875 331.05279541015625
5 167.802490234375 204.0283203125 223.232421875 252.76385498046875
11 364.46551513671875 184.54022216796875 499.41180419921875 588.9404296875
5 236.14691162109375 234.268798828125 266.35614013671875 256.69091796875
5 403.5328369140625 187.97909545898438 449.6466064453125 218.478759765625
5 303.665283203125 219.78533935546875 330.551513671875 233.4739990234375
5 444.611572265625 218.48008728027344 474.4322509765625 239.06324768066406
11 0.0 72.6783447265625 48.54127883911133 621.049560546875
9 311.18646240234375 243.61431884765625 325.83331298828125 257.7718505859375
13 0.0 269.1007385253906 32.55876159667969 437.3725280761719
11 0.0 251.72540283203125 50.58171081542969 605.1502075195312
9 310.2620849609375 241.41058349609375 326.2265625 254.44235229492188
10 621.0451049804688 258.0172119140625 640.0 394.55126953125
11 614.0244140625 248.92364501953125 640.0 524.6190795898438