1 0.81796875 0.265625 0.1125 0.034375
4 0.128125 0.3203125 0.1109375 0.0484375
4 0.234375 0.32578125 0.1171875 0.03984375
4 0.3828125 0.3609375 0.10546875 0.028125
4 0.45703125 0.2875 0.0640625 0.025
2 0.09609375 0.28125 0.19140625 0.25
2 0.38203125 0.34296875 0.0984375 0.146875
2 0.82734375 0.26171875 0.1453125 0.17109375
2 0.228125 0.3015625 0.13203125 0.1734375
5 0.459375 0.30078125 0.08671875 0.10703125
3 0.41484375 0.66796875 0.1265625 0.13125
3 0.4640625 0.4234375 0.05625 0.075
2 483.3702392578125 109.18822479248047 581.988525390625 171.98443603515625
2 213.82083129882812 172.62786865234375 284.227783203125 222.96044921875
2 0.0 97.40283966064453 129.0348358154297 193.11993408203125
10 465.551025390625 216.14723205566406 607.0670166015625 413.759765625
10 269.6881103515625 226.322998046875 337.7265625 394.66070556640625
11 439.1749267578125 106.422119140625 637.5540771484375 640.0
9 497.26806640625 180.93165588378906 542.355224609375 213.89210510253906
11 0.0672454833984375 94.3089599609375 166.48304748535156 639.6046142578125
9 228.911376953125 236.5794677734375 269.5439453125 265.167236328125
2 103.94696044921875 136.0541229248047 190.10064697265625 200.58119201660156
9 127.21595001220703 215.14813232421875 177.37005615234375 249.7401123046875
9 278.50244140625 191.59873962402344 308.3450927734375 218.0136260986328
5 268.9832763671875 152.66036987304688 314.818359375 176.67886352539062
10 90.24801635742188 255.820556640625 206.60955810546875 452.6673583984375
10 0.280364990234375 231.32965087890625 142.7909698486328 640.0
11 257.163330078125 152.75823974609375 362.6051025390625 640.0
11 56.706024169921875 133.1846466064453 313.6770935058594 640.0
9 47.506038665771484 215.24215698242188 110.62631225585938 261.5884094238281
11 73.07328796386719 133.95556640625 240.2943878173828 639.1116943359375
10 199.68634033203125 264.0422058105469 288.09228515625 461.4627990722656
11 185.90115356445312 165.97801208496094 321.7751770019531 634.760498046875