2 0.46796875 0.4171875 0.0421875 0.06015625
2 0.1328125 0.4640625 0.0453125 0.0546875
2 0.31484375 0.434375 0.0359375 0.0484375
2 0.3890625 0.45625 0.02890625 0.0390625
2 0.75703125 0.41640625 0.04375 0.05078125
2 0.70625 0.4296875 0.0359375 0.04296875
2 0.2703125 0.434375 0.03203125 0.03203125
2 0.11953125 0.4296875 0.03984375 0.046875
2 0.07890625 0.4390625 0.034375 0.03984375
2 0.34375 0.4546875 0.03515625 0.0359375
3 0.465625 0.55859375 0.02578125 0.034375
3 0.07734375 0.58203125 0.028125 0.034375
7 0.10625 0.6828125 0.03125 0.034375
7 0.1421875 0.68203125 0.03984375 0.0359375
7 0.32265625 0.6390625 0.0359375 0.028125
7 0.4078125 0.66875 0.0453125 0.0375
7 0.49140625 0.67421875 0.06015625 0.034375
7 0.75859375 0.6734375 0.059375 0.03203125
7 0.715625 0.62265625 0.04140625 0.034375
11 243.1684112548828 249.06494140625 330.20953369140625 442.56072998046875
11 459.77484130859375 248.43475341796875 517.9522094726562 439.7562255859375
11 169.3697509765625 263.1492614746094 216.59356689453125 415.2038269042969
2 283.94708251953125 250.89283752441406 311.86627197265625 272.3934326171875
10 442.4095153808594 289.43682861328125 466.6305236816406 337.00994873046875
2 68.9415054321289 278.596435546875 98.52613067626953 302.8492431640625
11 433.56781005859375 259.90057373046875 471.04815673828125 405.25
2 192.06668090820312 263.4728088378906 212.20962524414062 279.9037780761719
2 469.2181701660156 250.49671936035156 495.6180725097656 270.936279296875
2 162.68914794921875 267.00347900390625 180.90911865234375 281.5362548828125
2 61.184539794921875 259.96173095703125 84.66886901855469 281.59954833984375
11 38.99224090576172 276.1785888671875 107.91510772705078 446.308837890625
11 147.0713348388672 266.410888671875 183.5380401611328 405.5439453125
2 439.3938903808594 261.642333984375 459.4008483886719 277.1837158203125
11 200.73544311523438 279.26348876953125 237.66738891601562 404.53936767578125
2 209.89459228515625 279.906494140625 226.93792724609375 291.4161376953125
2 239.83969116210938 280.32623291015625 256.4950256347656 293.66680908203125
11 234.00897216796875 278.90789794921875 272.15521240234375 397.42144775390625
2 40.840675354003906 269.39031982421875 59.62077331542969 283.87420654296875
10 205.9569091796875 300.7884521484375 229.93759155273438 345.457763671875
10 470.47332763671875 280.05828857421875 515.65625 350.79595947265625
10 267.82879638671875 285.3162841796875 312.180419921875 362.7747802734375
10 181.29627990722656 292.7529296875 207.69297790527344 343.03887939453125
11 25.739591598510742 262.35211181640625 65.82730102539062 409.691650390625
10 235.05642700195312 303.64794921875 261.3564147949219 346.93408203125
13 266.35125732421875 285.4095153808594 312.25128173828125 363.0388488769531
10 153.5679931640625 291.8953857421875 181.13656616210938 340.0172119140625
9 77.15864562988281 304.0168762207031 87.86328125 314.5090026855469
11 24.977684020996094 259.81146240234375 83.1332015991211 409.14276123046875
9 444.48284912109375 280.4928894042969 454.95562744140625 289.9801330566406
11 204.65557861328125 278.55108642578125 248.179443359375 402.36407470703125
9 215.7862548828125 295.0673522949219 224.103759765625 302.2325134277344
9 442.32244873046875 280.7625732421875 450.56610107421875 290.228759765625
9 200.05186462402344 286.60009765625 209.8054962158203 293.9635009765625
9 301.1089782714844 273.3181457519531 311.8027038574219 281.3340148925781
13 470.5640869140625 279.9631042480469 515.7720947265625 351.8296203613281