0 0.3359375 0.66875 0.1015625 0.08515625
0 0.6734375 0.5703125 0.09296875 0.0890625
0 0.4578125 0.4453125 0.09453125 0.11328125
2 0.27734375 0.3578125 0.17265625 0.21171875
2 0.79140625 0.3703125 0.16953125 0.203125
4 0.7828125 0.396875 0.125 0.0421875
4 0.27890625 0.38828125 0.10703125 0.05703125
0 0.75 0.60078125 0.06875 0.09140625
2 130.01449584960938 163.67715454101562 101.80169677734375 86.5631103515625
11 409.57470703125 162.9125213623047 223.7569580078125 477.0874786376953
2 450.80242919921875 168.81031799316406 119.67413330078125 78.33578491210938
11 43.84185791015625 137.62896728515625 254.12908935546875 502.37103271484375
9 160.21881103515625 261.829833984375 37.35772705078125 32.6588134765625
9 474.46234130859375 254.7452392578125 43.58782958984375 45.38427734375
10 434.24603271484375 286.70013427734375 184.3226318359375 353.01849365234375
10 81.56311798095703 293.38470458984375 119.86675262451172 189.752197265625
10 442.87078857421875 285.9780578613281 167.0076904296875 197.762939453125