2 0.3984375 0.4671875 0.03203125 0.05546875
2 0.4921875 0.49453125 0.0515625 0.0546875
2 0.5890625 0.496875 0.03046875 0.04609375
2 0.659375 0.515625 0.03515625 0.04375
7 0.371875 0.728125 0.03515625 0.03203125
7 0.41484375 0.72109375 0.04296875 0.028125
7 0.4578125 0.73984375 0.0515625 0.0328125
7 0.5046875 0.7484375 0.046875 0.0359375
7 0.5453125 0.70234375 0.03125 0.0296875
7 0.584375 0.69921875 0.02890625 0.0265625
7 0.659375 0.71484375 0.0375 0.0296875
2 0.328125 0.38359375 0.02578125 0.02734375
2 0.27734375 0.37265625 0.01796875 0.0296875
2 0.240625 0.35625 0.0203125 0.0265625
3 0.4984375 0.60390625 0.0265625 0.02421875
3 0.4 0.53125 0.03359375 0.02109375
3 0.434375 0.53125 0.02890625 0.01796875
3 0.61171875 0.61015625 0.01484375 0.0265625
3 0.6515625 0.6265625 0.0203125 0.01796875
4 0.39765625 0.4703125 0.025 0.01640625
13 226.56344604492188 310.1762390136719 278.39154052734375 377.9947814941406
13 299.09918212890625 326.95562744140625 343.03973388671875 394.16656494140625
11 222.83392333984375 279.421142578125 282.65338134765625 502.29498291015625
13 406.38385009765625 341.9820556640625 440.91632080078125 400.032958984375
11 342.5755615234375 302.32281494140625 397.51763916015625 457.6290283203125
11 282.21466064453125 299.05316162109375 348.92413330078125 497.01983642578125
11 401.1337890625 313.41595458984375 443.868896484375 475.81707763671875
13 352.2223205566406 327.98291015625 394.1288146972656 385.5972900390625
13 163.75836181640625 245.01467895507812 189.44268798828125 282.4288024902344
2 300.4413146972656 299.3577575683594 327.5267639160156 317.7142639160156
11 155.11212158203125 225.18226623535156 193.17919921875 332.37939453125
11 188.19642639160156 236.17266845703125 225.4265899658203 335.8709716796875
2 243.59149169921875 281.15252685546875 264.9939270019531 299.93096923828125
2 410.9010925292969 314.7718811035156 433.6980285644531 330.1067810058594
13 202.162109375 254.26510620117188 221.581298828125 291.9310607910156
2 366.9490966796875 303.96630859375 385.7581787109375 317.5963134765625
11 129.72830200195312 217.86273193359375 164.25418090820312 316.92242431640625
9 412.8674621582031 333.587646484375 422.5230407714844 343.3990478515625
2 325.7537841796875 307.20623779296875 342.361572265625 323.05413818359375
13 136.74539184570312 233.44357299804688 158.15390014648438 263.13433837890625
2 171.11837768554688 227.5071258544922 184.7049560546875 237.69908142089844
2 203.68319702148438 237.15965270996094 217.35476684570312 249.5851287841797
13 135.3314208984375 233.11834716796875 160.794677734375 271.84393310546875
9 370.1126708984375 320.24908447265625 382.7420654296875 330.2557373046875
2 146.87728881835938 218.881103515625 161.94705200195312 231.8228759765625
9 248.12710571289062 304.05987548828125 257.7406311035156 313.4918212890625
11 181.31967163085938 234.1461639404297 214.15359497070312 333.94622802734375
13 194.19857788085938 252.14218139648438 210.20526123046875 287.9570617675781
9 310.20458984375 321.31396484375 319.833984375 331.01129150390625
9 174.77865600585938 239.74038696289062 181.94515991210938 247.49478149414062
9 303.5506896972656 321.69921875 315.1136779785156 331.90869140625