3 0.4359375 0.521875 0.08046875 0.06953125
3 0.2828125 0.7875 0.06015625 0.07890625
4 0.3671875 0.3203125 0.1109375 0.04140625
2 0.365625 0.3140625 0.12421875 0.1703125
2 0.5078125 0.39140625 0.1359375 0.16484375
4 0.51640625 0.390625 0.11640625 0.0453125
3 0.42265625 0.625 0.05625 0.08828125
3 0.27890625 0.86953125 0.0578125 0.084375
4 0.36640625 0.01640625 0.10703125 0.03203125
7 0.54453125 0.75234375 0.0703125 0.09921875
2 0.3609375 0.0515625 0.125 0.103125
2 284.3321228027344 194.63609313964844 375.2901916503906 251.9092254638672
2 190.31295776367188 145.41580200195312 271.3382568359375 208.0380859375
9 214.1748046875 213.7627410888672 263.3677062988281 248.8554229736328
11 132.89190673828125 186.39007568359375 619.13720703125 639.8746337890625
9 305.78240966796875 255.07266235351562 354.83758544921875 296.5057067871094
11 180.89251708984375 190.34620666503906 544.8036499023438 587.0128173828125
10 311.6204833984375 261.461181640625 462.07305908203125 412.1995849609375
13 192.855224609375 221.2194366455078 340.38824462890625 386.65631103515625
2 191.28036499023438 1.974334716796875 265.5003356933594 70.73808288574219
11 131.81353759765625 141.41400146484375 420.50830078125 640.0
13 312.8957214355469 261.760498046875 461.0790710449219 412.3516845703125