2 0.35390625 0.484375 0.096875 0.11015625
2 0.66484375 0.50546875 0.08359375 0.0953125
3 0.5296875 0.47421875 0.04921875 0.0484375
0 0.58515625 0.51953125 0.0453125 0.0671875
0 0.54765625 0.53125 0.03984375 0.05859375
0 0.43203125 0.603125 0.04296875 0.05234375
1 0.36171875 0.4921875 0.06015625 0.03046875
4 0.659375 0.50859375 0.06015625 0.0375
2 194.90469360351562 271.49725341796875 259.38482666015625 314.72747802734375
11 331.736328125 283.4974365234375 456.67437744140625 640.0
9 213.18533325195312 320.98590087890625 242.61935424804688 343.65728759765625
11 162.82278442382812 268.3372802734375 291.4799499511719 640.0
2 400.8043212890625 291.4684753417969 455.8084716796875 330.4239807128906
9 401.61358642578125 325.04345703125 430.9434814453125 346.4500732421875