2 0.7140625 0.396875 0.1828125 0.37109375
2 0.32890625 0.47578125 0.15 0.3390625
1 0.33203125 0.48046875 0.1421875 0.08515625
1 0.71015625 0.38828125 0.1328125 0.10625
3 0.27578125 0.1703125 0.12890625 0.2359375
13 291.712646484375 354.387451171875 297.2825927734375 285.454833984375
9 415.592529296875 273.0337829589844 83.6961669921875 88.85546875
2 163.83123779296875 189.11367797851562 111.70257568359375 145.3553466796875
2 396.4913330078125 125.81356811523438 122.3656005859375 146.12649536132812
13 64.61404418945312 403.38543701171875 267.3914794921875 236.61456298828125
11 59.57037353515625 183.40667724609375 288.9632568359375 456.59332275390625
11 288.216064453125 102.4239501953125 351.0364990234375 537.5760498046875
9 166.47958374023438 335.61273193359375 80.76617431640625 63.2310791015625
11 23.414306640625 33.95550537109375 220.17059326171875 603.984375