6 0.7125 0.78046875 0.06875 0.07421875
5 0.30859375 0.365625 0.06171875 0.0921875
5 0.5140625 0.3796875 0.053125 0.08046875
5 0.66953125 0.3640625 0.053125 0.075
4 0.30625 0.37109375 0.0578125 0.03515625
4 0.5125 0.384375 0.04765625 0.02421875
4 0.665625 0.37421875 0.0453125 0.03125
5 0.628125 0.3578125 0.03984375 0.0640625
7 0.503125 0.77421875 0.0734375 0.0578125
7 0.5640625 0.7359375 0.04296875 0.05859375
7 0.38515625 0.76640625 0.0484375 0.08515625
7 0.3046875 0.834375 0.0671875 0.07109375
7 0.303125 0.909375 0.0734375 0.06171875
6 0.71171875 0.96484375 0.0703125 0.0703125
7 0.8453125 0.5484375 0.02734375 0.028125
7 0.8234375 0.55234375 0.02734375 0.025
5 0.825 0.396875 0.03125 0.03984375
5 0.7359375 0.42734375 0.0296875 0.0296875
5 0.58125 0.41796875 0.0265625 0.03203125
5 0.24921875 0.38984375 0.02734375 0.0328125
3 0.23125 0.61953125 0.0328125 0.0546875
3 0.40625 0.6015625 0.0328125 0.0546875
3 0.4484375 0.58125 0.0265625 0.04140625
3 0.603125 0.56953125 0.0296875 0.0390625
3 0.71171875 0.584375 0.0296875 0.0390625
3 0.6296875 0.575 0.021875 0.034375
3 0.765625 0.484375 0.01484375 0.021875
3 0.80390625 0.47890625 0.01796875 0.021875
3 0.8625 0.47578125 0.01640625 0.0203125
6 0.625 0.6984375 0.05859375 0.0640625
4 0.6265625 0.3609375 0.03203125 0.01875
6 0.66796875 0.76640625 0.06875 0.05859375
6 0.6671875 0.978125 0.07578125 0.04375
7 0.496875 0.96953125 0.053125 0.0609375
7 0.38984375 0.959375 0.0546875 0.05234375
11 277.90069580078125 214.21075439453125 387.597900390625 511.31927490234375
10 154.6471710205078 257.99444580078125 246.12730407714844 370.82366943359375
11 132.80389404296875 198.119384765625 274.92669677734375 640.0
10 298.61962890625 267.9264831542969 370.3477783203125 362.4323425292969
11 512.46875 242.2827911376953 554.126220703125 356.01763916015625
11 380.20721435546875 205.11212158203125 475.08978271484375 520.3304443359375
11 465.0595703125 263.1727600097656 491.477783203125 360.7311706542969
5 172.0379638671875 200.80557250976562 215.247802734375 230.54873657226562
9 318.6112060546875 252.7496795654297 343.32672119140625 272.10540771484375
10 467.1761474609375 281.379150390625 483.994384765625 315.4168701171875
5 313.4552001953125 215.66896057128906 351.48944091796875 238.39356994628906
10 519.57958984375 262.08843994140625 545.20361328125 296.71502685546875
5 521.3946533203125 243.7211151123047 535.7105712890625 254.7841339111328
10 406.27734375 254.6826171875 460.590087890625 409.63232421875
9 413.76434326171875 240.30828857421875 435.01348876953125 257.0310974121094
10 384.1285400390625 253.79664611816406 428.3377685546875 344.9136962890625
9 395.11614990234375 235.77166748046875 413.7498779296875 251.874267578125
5 403.1304931640625 208.5623779296875 441.50360107421875 231.89617919921875
5 150.123779296875 238.30636596679688 167.78652954101562 251.0421142578125
11 375.0875549316406 209.39495849609375 419.7045593261719 462.27362060546875
5 388.0555419921875 206.76809692382812 441.5404052734375 230.99490356445312
11 374.22540283203125 206.0703125 454.73394775390625 465.36932373046875
9 182.68536376953125 243.58895874023438 210.53802490234375 262.8125305175781