12 0.42890625 0.14453125 0.3609375 0.2890625
2 0.9390625 0.2296875 0.121875 0.184375
13 0.71953125 0.29453125 0.2203125 0.4296875
9 0.6977370214700223 0.04385109201940818 0.08325792759490121 0.07752611067790856
9 0.9603899949318343 0.42349532805536116 0.07859769867214013 0.0821590666772721
11 0.88359375 0.32265625 0.2328125 0.3734375
11 0.73984375 0.2546875 0.2609375 0.509375
11 0.2 0.85546875 0.209375 0.2890625
11 0.37578125 0.8484375 0.2359375 0.303125
11 0.53671875 0.81640625 0.1453125 0.3671875
9 0.5084109010567135 0.7872236627545869 0.033176114363184794 0.06288180800445424
9 0.3628120547457055 0.8347515487348606 0.051844301131468026 0.04903748400699968
9 0.19643762100248408 0.8273464867122706 0.05184430113146821 0.04903748400699968
9 0.03013591013189969 0.8074414246896808 0.0440136204133089 0.04582157733927241
5 0.01953125 0.71484375 0.0390625 0.0796875
5 0.19146884075186307 0.7413453520448615 0.06121930113146812 0.049146572008272396
5 0.3571302021881815 0.7370225734006788 0.07692611436318479 0.06339088534372675
5 0.537944385833207 0.6797475174251776 0.08641019867214013 0.08224997334499946
10 0.5546875 0.90234375 0.109375 0.1953125
10 0.36796875 0.92578125 0.1671875 0.1484375
10 0.19765625 0.925 0.1328125 0.15
10 0.03359375 0.9140625 0.0671875 0.171875
5 204.864990234375 456.7261962890625 51.336395263671875 91.6710205078125
5 103.78483581542969 462.44573974609375 41.670928955078125 80.30535888671875
2 566.827392578125 95.47128295898438 72.518310546875 200.16488647460938
5 310.576416015625 409.1253662109375 59.6732177734375 113.8790283203125
5 0.0 431.08453369140625 36.48860168457031 113.8697509765625
4 0.28692150115966797 485.96337890625 31.610154151916504 24.3341064453125
4 586.146484375 200.40753173828125 53.734130859375 48.949462890625
4 208.8896484375 494.17938232421875 44.7247314453125 24.369140625
4 107.53547668457031 494.07635498046875 35.91644287109375 17.73974609375
4 0.0 488.59906005859375 23.55629539489746 21.7607421875
1 209.46096801757812 493.1507568359375 43.623565673828125 25.6514892578125
2 409.15692138671875 0.47393798828125 68.11358642578125 53.31385040283203