10 0.0703125 0.1015625 0.140625 0.203125
10 0.2359375 0.096875 0.175 0.19375
10 0.41015625 0.17109375 0.1828125 0.3421875
10 0.50078125 0.2328125 0.0984375 0.465625
11 0.471875 0.259375 0.15625 0.51875
11 0.3578125 0.259375 0.35 0.51875
11 0.21640625 0.259375 0.3390625 0.51875
11 0.09296875 0.25859375 0.1859375 0.5171875
8 0.83828125 0.1390625 0.3234375 0.278125
10 0.775 0.3390625 0.45 0.359375
11 0.775 0.259375 0.45 0.51875
10 0.9546500968019872 0.7655411032448949 0.017342036104353652 0.02666249394987581
11 0.9546819130587659 0.760072353244895 0.02521816861791102 0.03764544574527395
3 76.36620330810547 90.01776123046875 100.42986297607422 123.4732666015625
3 10.270635604858398 185.9703369140625 64.70389556884766 294.71649169921875
3 0.5133419036865234 101.52250671386719 27.94814109802246 153.55386352539062