11 0.2921875 0.21484375 0.25625 0.4296875
11 0.40703125 0.21484375 0.3234375 0.4296875
13 0.3953125 0.13671875 0.253125 0.2734375
13 0.246875 0.12938170138445218 0.1203125 0.24358746268299925
2 0.32890625 0.01875 0.1265625 0.0375
2 0.48046875 0.01953125 0.1296875 0.0390625
13 0.7453125 0.06526520472627002 0.0296875 0.06597044533736351
2 0.7484375 0.00859375 0.01875 0.0171875
11 0.72890625 0.1171875 0.0734375 0.234375
13 0.41796875 0.92265625 0.0984375 0.1546875
13 0.5859375 0.925 0.065625 0.15
5 0.02265625 0.8109375 0.0453125 0.059375
9 0.02265625 0.8493556573440451 0.0453125 0.030214758672817865
9 0.41796875 0.8320805347310426 0.0375 0.03324885200509087
9 0.6015625 0.8296875 0.034375 0.034375
2 0.59765625 0.771875 0.0421875 0.053125
2 0.41953125 0.7797549660645879 0.0546875 0.047511346674090495
10 0.02890625 0.940625 0.0578125 0.11875
11 0.06328125 0.88671875 0.1265625 0.2265625
11 0.41328125 0.87734375 0.1171875 0.2453125
11 0.57421875 0.8703125 0.0890625 0.259375
2 249.64959716796875 482.9102783203125 36.3819580078125 59.820556640625
2 367.51849365234375 478.77447509765625 30.087890625 69.30078125
3 112.90274810791016 130.44081115722656 37.91716766357422 47.766998291015625
4 251.73272705078125 512.3624267578125 29.8773193359375 12.772705078125
4 370.1168212890625 511.5752868652344 26.6351318359375 14.557891845703125
1 602.5717163085938 502.48333740234375 37.1383056640625 74.673828125
2 165.98703002929688 0.0 61.84228515625 27.374282836914062