2 0.2078125 0.56875 0.05078125 0.05625
2 0.1171875 0.534375 0.0546875 0.06171875
2 0.3109375 0.5953125 0.04140625 0.04296875
2 0.359375 0.609375 0.0296875 0.03359375
2 0.16171875 0.56328125 0.02265625 0.0265625
2 0.453125 0.58828125 0.03203125 0.04140625
2 0.5546875 0.60859375 0.034375 0.0359375
2 0.6109375 0.4125 0.040625 0.0375
0 0.296875 0.70703125 0.0265625 0.025
0 0.35546875 0.696875 0.02421875 0.02421875
0 0.384375 0.68515625 0.02265625 0.01640625
0 0.53515625 0.68828125 0.0203125 0.0171875
0 0.5796875 0.6875 0.02421875 0.01640625
3 0.078125 0.6875 0.03515625 0.0296875
7 0.34140625 0.80390625 0.0359375 0.0375
7 0.29921875 0.8109375 0.0265625 0.03984375
2 0.2578125 0.61640625 0.03515625 0.03046875
7 0.7453125 0.42265625 0.03203125 0.02265625
7 0.71640625 0.43203125 0.02890625 0.025
13 104.7657470703125 373.6790771484375 55.614959716796875 75.66748046875
2 58.46372604370117 321.6791687011719 34.710941314697266 27.71173095703125
13 182.70452880859375 392.30804443359375 36.45330810546875 66.080078125
2 115.36746978759766 344.1600341796875 31.75023651123047 24.1134033203125
11 21.30966567993164 318.01458740234375 91.79632186889648 198.54541015625
11 172.28173828125 367.050048828125 60.34368896484375 159.75653076171875
11 217.39517211914062 378.4051513671875 37.132080078125 91.2042236328125
2 219.587890625 380.43212890625 16.94525146484375 12.540771484375
2 185.54550170898438 367.76837158203125 24.8111572265625 17.4637451171875
10 35.71941375732422 361.4512939453125 56.3787841796875 89.4893798828125
10 220.95582580566406 398.9326477050781 23.9376220703125 41.398681640625
13 35.84526062011719 361.2767639160156 56.580963134765625 90.41986083984375
11 83.54647064208984 341.009765625 91.70697784423828 290.45343017578125
13 209.88819885253906 395.7861328125 18.707855224609375 54.820068359375
11 145.5477294921875 362.493896484375 33.270965576171875 144.54443359375
9 70.67647552490234 349.351318359375 17.577804565429688 13.1591796875
2 95.1712646484375 347.9159240722656 15.67816162109375 15.3621826171875
11 90.984375 341.40447998046875 77.44424438476562 203.2772216796875
11 153.00686645507812 382.43603515625 22.19012451171875 55.54095458984375
13 88.56480407714844 368.4244079589844 20.9278564453125 54.215087890625
9 200.53880310058594 387.89801025390625 9.89141845703125 10.136474609375
2 280.2158203125 361.44549560546875 19.9254150390625 15.7913818359375
2 347.01605224609375 379.227783203125 16.05517578125 11.80078125
11 274.1483459472656 359.47613525390625 39.37176513671875 119.96875