2 0.2515625 0.3203125 0.1 0.125
3 0.58125 0.27734375 0.0515625 0.0609375
2 0.51640625 0.4375 0.1265625 0.146875
5 0.64375 0.3015625 0.103125 0.10546875
2 0.1578125 0.41484375 0.06171875 0.05625
2 0.25546875 0.04140625 0.10390625 0.0828125
6 0.9359375 0.76328125 0.128125 0.14453125
6 0.93359375 0.90625 0.1328125 0.13125
3 0.578125 0.05625 0.05 0.0640625
5 0.64140625 0.04375 0.09375 0.08671875
4 0.23671875 0.33671875 0.0609375 0.04921875
2 127.33641815185547 164.8818359375 68.93311309814453 57.543121337890625
2 286.156005859375 229.52464294433594 87.54541015625 87.15748596191406
11 93.39276123046875 218.58642578125 286.98309326171875 417.0987548828125
9 123.76187133789062 212.52914428710938 28.99176025390625 30.388519287109375
11 57.07470703125 156.81591796875 142.08383178710938 384.2911376953125
13 189.15992736816406 269.4939270019531 172.93101501464844 220.18328857421875
11 345.74102783203125 0.0 294.25897216796875 633.9937744140625
2 128.24588012695312 0.051860809326171875 67.21273803710938 48.00614547729492
10 63.18182373046875 208.1014404296875 124.61576843261719 243.24462890625
11 56.33937072753906 159.09426879882812 143.99343872070312 142.7974853515625