4 0.5125 0.38984375 0.1140625 0.0546875
4 0.28515625 0.33671875 0.09921875 0.05234375
2 0.51953125 0.38828125 0.1484375 0.17421875
2 0.29765625 0.3359375 0.13515625 0.19296875
3 0.39296875 0.5890625 0.06640625 0.0859375
3 0.4375 0.740625 0.065625 0.08046875
3 0.440625 0.915625 0.07890625 0.05859375
3 0.14765625 0.71796875 0.06171875 0.09765625
2 0.30390625 0.0546875 0.1359375 0.109375
13 77.63648223876953 248.54425048828125 241.837890625 502.20989990234375
9 151.3662872314453 231.37420654296875 202.5379180908203 272.43560791015625
13 255.38006591796875 300.55682373046875 415.22613525390625 614.2354125976562
2 148.47509765625 141.29940795898438 239.198974609375 219.95895385742188
9 295.7872619628906 257.61309814453125 342.2388000488281 288.78668212890625
11 243.968505859375 178.7396240234375 534.7398071289062 640.0
11 39.717987060546875 135.31407165527344 282.3858642578125 640.0
2 287.89324951171875 185.33587646484375 376.9461669921875 251.26910400390625
11 11.461822509765625 133.2655792236328 511.8168640136719 640.0
9 314.50286865234375 284.3050231933594 348.42034912109375 325.3820495605469