5 0.37734375 0.41015625 0.0640625 0.0578125
5 0.47890625 0.41796875 0.04453125 0.05859375
5 0.75625 0.4203125 0.04765625 0.06953125
5 0.25390625 0.415625 0.0453125 0.05234375
5 0.15234375 0.39609375 0.0515625 0.05390625
6 0.3796875 0.80234375 0.09296875 0.05234375
3 0.43671875 0.57265625 0.028125 0.03203125
3 0.1015625 0.55859375 0.03203125 0.03984375
5 0.5765625 0.41796875 0.05234375 0.06171875
4 0.48046875 0.40625 0.034375 0.01875
4 0.75625 0.41484375 0.05078125 0.0171875
4 0.5671875 0.41796875 0.0328125 0.01796875
1 0.37578125 0.4078125 0.05703125 0.0265625
4 0.25546875 0.4125 0.0296875 0.0140625
4 0.15234375 0.39453125 0.03984375 0.0140625
3 0.275 0.5015625 0.02265625 0.0171875
3 0.27578125 0.51953125 0.02265625 0.02578125
3 0.58359375 0.446875 0.03671875 0.03046875
3 0.52890625 0.56640625 0.0328125 0.03671875
3 0.628125 0.5671875 0.03125 0.02421875
3 0.42109375 0.515625 0.03046875 0.03125
7 0.17109375 0.70703125 0.0453125 0.040625
7 0.11171875 0.71640625 0.03671875 0.04765625
7 0.54296875 0.75390625 0.0515625 0.05703125
7 0.6078125 0.7484375 0.0421875 0.04921875
7 0.74140625 0.7734375 0.06484375 0.04296875
7 0.80234375 0.7953125 0.0515625 0.059375
6 0.3328125 0.78671875 0.03828125 0.05
5 0.3140625 0.44296875 0.02890625 0.0375
6 0.271875 0.68046875 0.03046875 0.0359375
6 0.31015625 0.67578125 0.03515625 0.03515625
7 0.4578125 0.72890625 0.04140625 0.04453125
7 0.51015625 0.7265625 0.0359375 0.03515625
7 0.73984375 0.890625 0.0765625 0.046875
7 0.79609375 0.88125 0.0484375 0.065625
7 0.6046875 0.91328125 0.04453125 0.05625
7 0.5421875 0.9140625 0.05078125 0.06171875
7 0.5078125 0.93515625 0.0375 0.04921875
7 0.45859375 0.93671875 0.0453125 0.0453125
11 142.58204650878906 249.11993408203125 208.18687438964844 442.6080322265625
10 67.57098388671875 275.98370361328125 117.6796875 340.19171142578125
11 50.531158447265625 239.7552490234375 131.22032165527344 470.05877685546875
11 325.73968505859375 248.9736328125 417.74932861328125 497.30712890625
11 270.138916015625 245.9210205078125 343.34619140625 479.4288330078125
11 196.81210327148438 239.94390869140625 276.54296875 527.627197265625
10 461.96221923828125 285.9605712890625 517.3792724609375 362.95361328125
10 342.9473876953125 285.28662109375 397.893310546875 357.2003173828125
10 206.87692260742188 278.1116943359375 262.2252197265625 392.40069580078125
11 450.70367431640625 244.46881103515625 537.4674682617188 560.3034057617188
9 473.09613037109375 270.49139404296875 493.8248291015625 288.01690673828125
10 147.9557342529297 279.37322998046875 191.6386260986328 335.29254150390625
10 282.7650451660156 281.74176025390625 333.0513000488281 343.56695556640625
5 292.2722473144531 246.97305297851562 317.2091369628906 259.4568176269531
5 467.58892822265625 244.89865112304688 501.20782470703125 260.2290954589844
5 353.3190002441406 250.36309814453125 382.2290954589844 266.99420166015625
9 159.9609375 268.8672180175781 173.7186279296875 280.3115539550781
5 153.9334716796875 249.99755859375 172.45745849609375 263.11383056640625
5 84.77809143066406 240.35891723632812 106.86521911621094 252.39175415039062
10 191.95596313476562 285.81317138671875 208.284912109375 332.41632080078125
9 88.65992736816406 257.37530517578125 105.81794738769531 270.11090087890625
9 298.1123962402344 267.51971435546875 316.2314758300781 280.9803466796875
5 221.91317749023438 242.2342529296875 256.0578308105469 256.8396301269531
5 220.8536376953125 242.58511352539062 247.400634765625 257.2746276855469
5 190.8077392578125 271.72039794921875 204.38519287109375 280.60589599609375
5 231.99575805664062 242.70425415039062 256.95318603515625 257.4979553222656
9 238.86383056640625 270.2930908203125 253.72650146484375 284.15185546875
11 236.25399780273438 242.12838745117188 281.4779357910156 414.7842102050781
11 189.86453247070312 265.7070617675781 209.41592407226562 387.1307067871094
10 243.7481689453125 279.8411865234375 270.25628662109375 337.12872314453125
10 243.67623901367188 279.7889404296875 272.4700012207031 355.6617431640625