2 0.2596623880727022 0.17909923106406045 0.08343064441741407 0.10673178903121974
2 0.1105572675611974 0.19776235177195697 0.08964428298109546 0.10051815046753818
5 0.389522604895215 0.20954123086766874 0.08789088544042371 0.06769656010845856
5 0.01171875 0.18125 0.0234375 0.084375
9 0.39245722823539014 0.3111173664062882 0.04259656615858276 0.07055793969514959
9 0.25002883371978013 0.26888389373004296 0.04555793969514958 0.042451120413308986
9 0.09547314392643465 0.29064019818116077 0.04716589149054791 0.050272710772388506
10 0.0703125 0.40390625 0.13125 0.2109375
10 0.24609375 0.39609375 0.1421875 0.2265625
10 0.43046875 0.41796875 0.1421875 0.1828125
11 0.3828125 0.3375 0.253125 0.34375
11 0.23828125 0.3125 0.2390625 0.39375
11 0.0828125 0.32265625 0.165625 0.3734375
11 0.9179026558302914 0.22195383069471805 0.09508628278470362 0.230232921544777
10 0.9074555143397436 0.17189474336070062 0.03154998184962743 0.0517443071815924
2 0.9134191680287357 0.12271235479701907 0.023601126463433174 0.028261355386194252
9 0.9158810926967706 0.14303849033563854 0.0063045421544778435 0.009411361436318443
8 0.26796875 0.69453125 0.4828125 0.3203125
10 0.2546875 0.9046875 0.509375 0.190625
11 0.2546875 0.7546875 0.509375 0.490625
5 225.76785278320312 115.99075317382812 283.28009033203125 218.95010375976562
2 141.52627563476562 87.38750457763672 190.28903198242188 184.3798828125
2 43.3138427734375 98.9107437133789 96.199462890625 198.45877075195312
4 142.97998046875 140.71826171875 184.98483276367188 159.40155029296875
4 46.7496223449707 145.80255126953125 89.51692199707031 171.0150146484375
2 575.15380859375 68.06210327148438 594.07421875 96.56631469726562
4 227.2607421875 157.4959259033203 271.89483642578125 191.0403594970703