2 0.528125 0.13359375 0.04140625 0.053125
2 0.44765625 0.1859375 0.03515625 0.04296875
2 0.19140625 0.13984375 0.046875 0.05859375
2 0.2546875 0.1578125 0.03515625 0.04296875
2 0.3640625 0.35625 0.04453125 0.04140625
2 0.7515625 0.2109375 0.02734375 0.01875
5 0.346875 0.1390625 0.04296875 0.05078125
3 0.37890625 0.29296875 0.02109375 0.025
2 0.00859375 0.1375 0.0171875 0.053125
2 0.4265625 0.1921875 0.025 0.0265625
7 0.21640625 0.42578125 0.03359375 0.04296875
7 0.1859375 0.43203125 0.04140625 0.03359375
7 0.28515625 0.4125 0.03671875 0.03984375
7 0.3546875 0.42421875 0.05234375 0.0390625
7 0.55625 0.41171875 0.0375 0.04375
7 0.51875 0.41796875 0.03046875 0.03984375
7 0.45390625 0.3984375 0.03125 0.0359375
2 0.6765625 0.23203125 0.01875 0.02265625
7 0.42578125 0.39140625 0.02578125 0.03203125
7 0.7375 0.35703125 0.0203125 0.0234375
7 0.759375 0.35078125 0.01953125 0.0203125
0 0.72578125 0.29609375 0.01171875 0.0203125
0 0.7828125 0.2890625 0.01484375 0.01796875
3 0.1375 0.29921875 0.02890625 0.02734375
11 300.9698486328125 65.43051147460938 80.33721923828125 210.78787231445312
11 79.43589782714844 68.11893463134766 80.26835632324219 220.48741912841797
11 166.36721801757812 67.00259399414062 87.13800048828125 214.00735473632812
10 94.54290771484375 108.02717590332031 55.213165283203125 90.20111083984375
10 311.9971008300781 102.89944458007812 47.36785888671875 76.7996826171875
10 262.8348388671875 130.98199462890625 39.26177978515625 66.02349853515625
11 459.7987060546875 126.10812377929688 38.293212890625 107.57366943359375
10 150.43710327148438 115.1302261352539 29.98052978515625 66.86418914794922
10 185.77223205566406 101.55642700195312 47.250244140625 87.21820068359375
11 144.23448181152344 85.73236083984375 43.31634521484375 180.65084838867188
10 0.021776199340820312 106.98172760009766 25.000965118408203 93.02104949951172
2 266.6373291015625 103.65121459960938 31.36767578125 21.578155517578125
11 0.0 66.33612823486328 39.53743362426758 225.51122283935547
11 410.348388671875 139.6795654296875 36.1484375 88.68829345703125
10 470.0472106933594 144.29818725585938 23.40478515625 39.8814697265625
11 377.5983581542969 152.05625915527344 22.34375 69.48532104492188
2 150.38113403320312 86.97171020507812 23.18634033203125 22.707366943359375
11 249.7100830078125 100.9448013305664 68.86279296875 161.37334442138672
2 106.8853759765625 69.81301879882812 30.822036743164062 25.721710205078125
10 420.3534851074219 155.7706298828125 20.84027099609375 34.5723876953125
10 381.9909973144531 166.01651000976562 13.17913818359375 23.517730712890625
2 322.3491516113281 68.90652465820312 29.1552734375 22.202468872070312
2 472.3762512207031 126.64645385742188 15.7220458984375 14.073272705078125
5 205.87564086914062 69.57695007324219 29.80035400390625 22.902267456054688
2 206.14566040039062 69.70729064941406 29.7337646484375 23.14337158203125
5 427.2581787109375 141.15419006347656 11.18109130859375 11.486572265625
5 322.8204345703125 68.89099884033203 29.11572265625 22.180526733398438
2 0.03605461120605469 67.9208984375 10.001432418823242 29.3079833984375