2 0.3421875 0.41171875 0.0828125 0.10546875
2 0.51953125 0.43203125 0.06484375 0.09453125
2 0.84453125 0.4203125 0.1359375 0.16328125
2 0.61171875 0.46953125 0.059375 0.08671875
2 0.7625 0.4296875 0.0515625 0.034375
4 0.33671875 0.4203125 0.05625 0.02109375
4 0.7609375 0.453125 0.04296875 0.01640625
4 0.51875 0.43828125 0.04765625 0.02265625
3 0.2640625 0.58984375 0.0703125 0.046875
3 0.45703125 0.6703125 0.0390625 0.03828125
3 0.65 0.65390625 0.034375 0.02890625
3 0.69921875 0.6328125 0.0375 0.03671875
2 0.5890625 0.434375 0.0375 0.053125
2 0.9828125 0.4125 0.034375 0.10703125
4 0.6109375 0.46875 0.05078125 0.01875
1 0.84375 0.41953125 0.10546875 0.0296875
4 0.9859375 0.41328125 0.028125 0.0265625
2 194.09689331054688 231.43948364257812 244.43856811523438 266.56585693359375
10 168.72357177734375 301.54638671875 251.3128662109375 443.6392822265625
11 140.95782470703125 230.13494873046875 269.11474609375 640.0
2 311.39947509765625 246.59268188476562 352.4447021484375 278.0715026855469
2 500.48455810546875 215.15066528320312 592.2931518554688 275.42657470703125
10 453.0692138671875 314.04681396484375 523.1585083007812 404.96820068359375
9 202.17112731933594 278.4106750488281 227.8815155029297 298.4931945800781
11 497.04217529296875 212.85235595703125 627.3298950195312 640.0
11 435.060546875 262.6680908203125 528.38623046875 632.2763061523438
2 469.7392272949219 263.144287109375 504.2792663574219 288.89794921875
9 317.5211181640625 287.03546142578125 343.31396484375 304.44915771484375
2 374.1546630859375 271.51861572265625 407.46722412109375 299.78704833984375
11 270.3868713378906 244.639892578125 376.7656555175781 579.3538818359375
9 515.547119140625 283.1656494140625 559.30078125 313.2552490234375
10 500.7484130859375 319.385009765625 617.43505859375 530.64599609375
10 376.16351318359375 321.81341552734375 416.73529052734375 409.99859619140625
10 289.30841064453125 306.9228515625 369.83746337890625 418.71002197265625
2 364.61944580078125 262.37451171875 387.73004150390625 281.1995849609375
11 363.3244934082031 266.513916015625 433.7780456542969 618.6334838867188
9 475.48724365234375 295.7030334472656 497.2286376953125 310.7852478027344
9 380.7793273925781 306.1281433105469 399.0271301269531 319.1283874511719
9 367.5461120605469 285.46221923828125 376.8529968261719 295.71234130859375
10 605.9074096679688 308.4387512207031 640.0 426.1131286621094
11 270.7935791015625 246.142333984375 421.0340576171875 640.0
11 353.2571105957031 262.26434326171875 393.7267150878906 316.81732177734375
9 625.2922973632812 271.8352966308594 640.0 295.4502258300781
11 348.71307373046875 262.77655029296875 389.10906982421875 562.758544921875
11 599.779296875 232.27130126953125 639.92431640625 401.3988037109375
11 601.9786987304688 215.89720153808594 639.0978393554688 639.724609375
11 609.64404296875 304.03094482421875 640.0 638.2407836914062
10 608.1489868164062 307.9339294433594 640.0 395.2779846191406