5 0.43984375 0.36640625 0.0875 0.09921875
5 0.14609375 0.36875 0.11015625 0.13125
5 0.81171875 0.3703125 0.11875 0.12421875
5 0.70546875 0.39765625 0.0859375 0.090625
3 0.6625 0.61953125 0.05234375 0.0625
3 0.1734375 0.521875 0.0921875 0.05625
3 0.290625 0.52421875 0.09453125 0.046875
3 0.35234375 0.6734375 0.0421875 0.03984375
4 0.4421875 0.36953125 0.078125 0.0296875
4 0.171875 0.38125 0.071875 0.0265625
4 0.7046875 0.3921875 0.0765625 0.03515625
1 0.80390625 0.3796875 0.08203125 0.0390625
3 0.5296875 0.6875 0.04140625 0.034375
5 0.2796875 0.4453125 0.0453125 0.0546875
5 0.53203125 0.41953125 0.059375 0.06171875
5 0.37734375 0.415625 0.0546875 0.053125
7 0.28125 0.6640625 0.03359375 0.034375
7 0.25859375 0.72265625 0.04140625 0.03984375
7 0.61953125 0.71171875 0.05 0.0375
10 24.64603042602539 267.89385986328125 125.60268783569336 198.53912353515625
11 486.8724365234375 185.7801971435547 153.1275634765625 454.2198028564453
10 233.5582275390625 270.4521179199219 105.2235107421875 158.67034912109375
10 406.731689453125 280.9189758300781 91.1812744140625 134.64349365234375
11 387.343994140625 216.05670166015625 128.6591796875 423.94329833984375
5 481.53338623046875 190.9893798828125 73.170654296875 37.042022705078125
11 206.04551696777344 196.292724609375 155.12599182128906 443.603271484375
11 4.938995361328125 188.52732849121094 187.4234619140625 451.04762268066406
5 255.85357666015625 199.0157470703125 52.47900390625 30.63140869140625
10 509.33123779296875 268.8302001953125 105.315673828125 206.1353759765625
9 264.04327392578125 245.97683715820312 32.3525390625 22.6224365234375
5 58.744598388671875 192.0384521484375 74.78842163085938 52.74041748046875
9 498.3848571777344 250.8543701171875 41.291778564453125 31.70928955078125
11 154.0835723876953 266.1707763671875 62.561187744140625 169.2493896484375
9 89.30821228027344 258.3008728027344 30.506195068359375 21.7445068359375
5 165.05694580078125 270.1922912597656 22.77069091796875 13.28619384765625
9 426.04193115234375 262.10308837890625 42.43310546875 21.0443115234375
5 420.01580810546875 219.26632690429688 55.0703125 29.591064453125
5 225.81524658203125 249.05072021484375 32.2183837890625 23.059814453125
10 0.01367950439453125 262.7236633300781 27.54730987548828 137.2120361328125
11 336.5301513671875 243.6903839111328 50.35150146484375 261.38255310058594
11 0.005390167236328125 192.97906494140625 38.80765151977539 368.32550048828125
11 0.0 181.68133544921875 45.996421813964844 456.24481201171875
9 169.75408935546875 288.73626708984375 16.5234375 12.8343505859375
10 0.0 263.3233642578125 20.22407341003418 127.04144287109375