2 0.2625 0.04375 0.21875 0.0875
9 0.05625 0.01796875 0.1125 0.0359375
9 0.2823441640674515 0.16106268150372616 0.10859429734245403 0.06781473477649361
10 0.19765625 0.37890625 0.2765625 0.4015625
10 0.075 0.3109375 0.15 0.5375
11 0.08515625 0.28984375 0.1703125 0.5796875
11 0.20234375 0.28984375 0.3484375 0.5796875
11 0.3 0.78984375 0.6 0.4203125
10 0.3 0.953125 0.6 0.09375
8 0.3578125 0.8125 0.484375 0.240625
5 0.35234375 0.5984375 0.4953125 0.0375
12 0.9283351800206809 0.6797768409482547 0.03515679734245403 0.06738748789975162
2 104.38015747070312 0.0 126.05990600585938 125.82427215576172
4 133.04281616210938 50.0085334777832 95.47674560546875 30.117549896240234
5 392.6192626953125 597.172607421875 133.85308837890625 42.556884765625
4 0.0 540.827392578125 117.26083374023438 46.593017578125