2 0.2609375 0.3296875 0.18984375 0.24765625
2 0.428125 0.29140625 0.13984375 0.23671875
4 0.42421875 0.30078125 0.1328125 0.04921875
4 0.2671875 0.3546875 0.13359375 0.05390625
3 0.48046875 0.38125 0.08671875 0.1015625
3 0.5859375 0.77578125 0.08359375 0.0921875
3 0.58828125 0.91328125 0.096875 0.06796875
10 41.34175109863281 286.3204345703125 175.1947021484375 237.01580810546875
2 106.6886215209961 122.80110168457031 132.17505645751953 115.20245361328125
2 216.34933471679688 106.91638946533203 109.8411865234375 86.50457000732422
9 131.12744140625 245.98707580566406 63.85736083984375 48.25730895996094
11 1.26123046875 109.85780334472656 417.0227355957031 414.22373962402344
11 180.4271240234375 100.84904479980469 301.25335693359375 423.20497131347656
9 236.01687622070312 213.17678833007812 54.1895751953125 43.729888916015625
11 1.326385498046875 566.177978515625 457.5697326660156 73.822021484375
10 232.2760009765625 219.43365478515625 192.374755859375 301.033935546875