9 0.30859375 0.521875 0.5546875 0.25625
5 0.29296875 0.13515625 0.5859375 0.2703125
10 0.31796875 0.52421875 0.5421875 0.2515625
11 0.29453125 0.325 0.5890625 0.65
11 0.2594830425472612 0.6909774404807166 0.022065897540671918 0.03293976502711473
13 0.625 0.684375 0.071875 0.06875
13 0.6703125 0.66484375 0.059375 0.0296875
13 0.71328125 0.68046875 0.0734375 0.0609375
13 0.8140625 0.675 0.084375 0.05
13 0.8953125 0.66484375 0.078125 0.0296875
11 0.98125 0.7671875 0.0375 0.234375
11 0.94609375 0.7484375 0.0734375 0.196875
11 0.8984375 0.76171875 0.096875 0.2234375
11 0.8546875 0.74453125 0.0625 0.1890625
11 0.8078125 0.76875 0.096875 0.2375
11 0.7625 0.75078125 0.059375 0.2015625
11 0.71796875 0.77109375 0.0890625 0.2421875
11 0.66953125 0.75625 0.0640625 0.2125
11 0.63671875 0.7453125 0.0515625 0.190625
11 0.62578125 0.771875 0.0734375 0.24375
11 0.609375 0.759375 0.040625 0.21875
6 564.7874755859375 534.46337890625 582.092529296875 559.10595703125
6 386.7624816894531 542.751953125 401.5746154785156 573.13134765625
6 401.20562744140625 538.0863037109375 417.70391845703125 569.8831787109375
7 544.600341796875 535.986328125 562.81787109375 559.8369140625
6 385.8221130371094 536.240478515625 402.4128112792969 570.814208984375
7 517.0540771484375 536.67578125 535.051025390625 567.8642578125
6 581.8346557617188 512.89501953125 598.0114135742188 538.142333984375
6 387.2009582519531 558.22802734375 400.7508239746094 573.382568359375
7 489.25213623046875 535.1943359375 518.2394409179688 561.271728515625
6 441.17987060546875 541.7146606445312 462.20391845703125 574.6903686523438
6 414.77154541015625 531.4814453125 429.98919677734375 552.5506591796875
7 614.6621704101562 526.1417846679688 636.8651733398438 558.4990844726562
6 614.1473388671875 527.3681640625 636.830322265625 559.4765625
6 469.92498779296875 527.0308837890625 484.19854736328125 546.9385986328125
7 564.193359375 534.1914672851562 581.803466796875 559.3301391601562
7 442.25433349609375 541.3739013671875 460.61724853515625 574.7872314453125
7 414.98809814453125 531.2577514648438 429.87506103515625 552.0897827148438
7 469.89398193359375 526.5396728515625 484.506103515625 546.9088134765625
3 581.2811279296875 433.65753173828125 591.2698974609375 444.81781005859375
7 532.3790893554688 523.4947509765625 543.6144409179688 541.7408447265625