2 0.21171875 0.2828513230924698 0.165625 0.09783857806243948
2 0.26015625 0.09975702196100164 0.13125 0.10545109016268794
2 0.46875 0.1524497090238727 0.06875 0.03946247579950324
9 0.2484375 0.1256064496540988 0.046875 0.03621021077238851
9 0.1765625 0.33852460617176117 0.0328125 0.03612839754067192
10 0.475 0.22116334758755424 0.0734375 0.08011474687674217
10 0.32265625 0.22361215759781689 0.225 0.21537151170746505
10 0.23125 0.43125 0.246875 0.196875
11 0.4671875 0.20402129938295221 0.096875 0.13962610226293642
11 0.2953125 0.23548998888171022 0.278125 0.387555583916172
11 0.19140625 0.378125 0.3828125 0.303125
12 0.96796875 0.14594115467095073 0.0578125 0.10814884328594587
12 0.7796875 0.02421875 0.03125 0.0484375
12 0.90546875 0.00390625 0.0109375 0.0078125
12 0.9765625 0.01015625 0.0125 0.0203125
2 99.22055053710938 158.01882934570312 183.30584716796875 239.88812255859375
2 128.66244506835938 35.41843032836914 200.126953125 109.71017456054688
3 27.385347366333008 243.8092803955078 72.19723510742188 275.22686767578125