2 0.37109375 0.38671875 0.10390625 0.16640625
2 0.159375 0.2390625 0.06875 0.090625
2 0.71171875 0.3328125 0.1046875 0.1578125
1 0.375 0.390625 0.071875 0.04921875
1 0.16953125 0.23984375 0.0515625 0.0265625
0 0.1921875 0.47578125 0.04921875 0.078125
0 0.2421875 0.25 0.04375 0.06171875
0 0.36328125 0.5484375 0.07890625 0.090625
0 0.76796875 0.434375 0.0765625 0.1109375
1 0.69375 0.33515625 0.04765625 0.04921875
7 0.63046875 0.95625 0.08671875 0.0875
2 209.34011840820312 190.51809692382812 273.0010070800781 255.81820678710938
2 83.38804626464844 122.07462310791016 122.20294189453125 162.97622680664062
11 94.1984634399414 185.8736572265625 272.3728942871094 640.0
9 226.302490234375 263.7264404296875 251.77496337890625 295.1158447265625
10 120.12992095947266 289.86572265625 211.74508666992188 426.895751953125
10 71.34686279296875 179.284423828125 131.21450805664062 286.97314453125
9 105.9490737915039 164.06887817382812 120.47183990478516 178.42019653320312
11 58.705841064453125 119.898681640625 157.70315551757812 629.4822998046875
11 110.71270751953125 126.66709899902344 168.2490234375 443.40093994140625