4 0.46328125 0.2296875 0.0515625 0.01875
4 0.25546875 0.22265625 0.05859375 0.02265625
4 0.0296875 0.20703125 0.059375 0.02421875
4 0.6703125 0.23671875 0.06015625 0.02265625
4 0.18359375 0.259375 0.06953125 0.025
2 0.18125 0.24609375 0.065625 0.109375
2 0.25390625 0.20625 0.09609375 0.13515625
2 0.4625 0.225 0.07734375 0.09765625
2 0.68046875 0.23515625 0.09453125 0.11484375
2 0.03125 0.2 0.06171875 0.0921875
3 0.35625 0.5453125 0.04375 0.0546875
3 0.0734375 0.4546875 0.03828125 0.0359375
7 0.3625 0.815625 0.0609375 0.08125
7 0.24375 0.77421875 0.090625 0.0734375
3 0.19609375 0.546875 0.04140625 0.04375
3 0.678125 0.50546875 0.11015625 0.08125
3 0.896875 0.540625 0.13515625 0.08515625
2 0.84609375 0.209375 0.19296875 0.259375
2 0.9546875 0.25078125 0.07890625 0.1078125
4 0.95078125 0.2609375 0.05234375 0.028125
7 0.51015625 0.70625 0.0453125 0.071875
7 0.43671875 0.678125 0.05625 0.0578125
7 0.10625 0.66875 0.05859375 0.08125
7 0.03984375 0.6390625 0.0796875 0.053125
7 0.1953125 0.68203125 0.0828125 0.05234375
7 0.9375 0.7546875 0.05859375 0.0828125
2 0.321875 0.22109375 0.0484375 0.06796875
2 0.5078125 0.209375 0.0453125 0.08125
5 0.56640625 0.228125 0.03203125 0.03984375
5 0.3953125 0.21796875 0.0359375 0.0375
2 477.21807861328125 46.67230224609375 622.5070190429688 187.43218994140625
11 0.10338592529296875 92.50547790527344 93.5209732055664 449.8719482421875
2 406.901123046875 111.77175903320312 462.4012451171875 153.24832153320312
2 89.446044921875 123.32620239257812 141.0943603515625 161.42733764648438
10 258.5867919921875 172.18292236328125 345.3231201171875 294.3088684082031
2 0.0 96.15704345703125 37.64323425292969 130.0421142578125
2 129.8597412109375 87.04244995117188 195.10702514648438 141.94509887695312
11 121.15432739257812 84.34429931640625 261.0022888183594 547.0747680664062
11 244.1240692138672 102.68701171875 356.96368408203125 465.921142578125
11 316.27703857421875 54.10400390625 639.681884765625 640.0
9 9.609688758850098 138.1748046875 35.30870056152344 159.831298828125
9 414.7135009765625 157.94862365722656 446.016357421875 179.0436248779297
9 478.97564697265625 180.01690673828125 542.8284912109375 218.279052734375
9 103.17518615722656 170.53253173828125 130.06622314453125 188.54415893554688
10 136.9163818359375 172.2125244140625 231.30377197265625 317.8349609375
2 190.28089904785156 123.05075073242188 217.42625427246094 142.2662353515625
9 150.6767578125 150.07958984375 186.8260498046875 173.18792724609375
10 0.9741897583007812 159.37322998046875 62.87628936767578 284.4771728515625
2 277.586181640625 106.18284606933594 320.7108154296875 143.58836364746094
11 87.12457275390625 121.25918579101562 158.28948974609375 458.0050354003906
2 494.09942626953125 0.20258331298828125 617.4414672851562 32.80485534667969
10 101.32986450195312 190.30938720703125 145.0555419921875 312.16351318359375
10 256.35858154296875 144.77484130859375 277.69866943359375 183.068359375
9 282.1013488769531 154.66616821289062 309.0625305175781 174.29794311523438
11 554.06103515625 122.0400390625 640.0 516.6557006835938
11 254.01626586914062 119.49341583251953 282.0231628417969 185.3055419921875
11 480.957763671875 0.40396881103515625 629.625244140625 65.39529418945312
10 564.7490234375 188.24595642089844 640.0 380.2042236328125
2 259.0210266113281 120.2833251953125 275.0792541503906 134.3014678955078
10 238.03567504882812 148.275146484375 262.8237609863281 193.73516845703125
11 574.05712890625 116.08038330078125 639.980712890625 640.0
9 245.7489013671875 141.54978942871094 256.98907470703125 151.04689025878906
9 587.6964111328125 172.33323669433594 613.6937255859375 193.82872009277344
11 585.6988525390625 270.9453125 640.0 640.0
9 263.11163330078125 137.20458984375 271.47552490234375 145.22955322265625
11 226.58551025390625 126.36079406738281 267.171630859375 197.42897033691406
11 541.89501953125 119.52337646484375 640.0 639.754638671875
10 368.15167236328125 175.91461181640625 635.1456909179688 457.83380126953125
11 569.7525634765625 0.0 640.0 240.61041259765625
9 200.68011474609375 146.24624633789062 212.1207275390625 158.75595092773438
11 0.0 140.03253173828125 28.907955169677734 405.43231201171875
11 188.9812469482422 123.44831848144531 220.0698699951172 170.7068634033203
11 191.36526489257812 130.73081970214844 218.19631958007812 168.9139862060547
11 120.80908203125 162.3847198486328 209.9427490234375 530.3173217773438
11 573.9859619140625 0.196258544921875 639.8216552734375 148.84796142578125
9 199.66323852539062 147.6156463623047 212.7991943359375 163.7259063720703
2 276.6100158691406 106.40451049804688 341.2274475097656 147.64537048339844
5 243.92385864257812 127.14384460449219 258.7742919921875 137.33570861816406