2 0.0828125 0.415625 0.0734375 0.09765625
2 0.21171875 0.415625 0.07734375 0.090625
2 0.3765625 0.38828125 0.06484375 0.09765625
2 0.6 0.3953125 0.0640625 0.08515625
4 0.45390625 0.36484375 0.07890625 0.0375
4 0.37734375 0.40078125 0.05390625 0.0265625
4 0.20625 0.41640625 0.06171875 0.01875
4 0.0890625 0.4234375 0.07578125 0.01640625
0 0.28046875 0.53671875 0.10546875 0.075
0 0.4828125 0.51953125 0.065625 0.10390625
0 0.03671875 0.69765625 0.05390625 0.065625
4 0.74921875 0.3375 0.07578125 0.03359375
4 0.8140625 0.35 0.04921875 0.03203125
4 0.9203125 0.2046875 0.096875 0.046875
2 0.52890625 0.41171875 0.06015625 0.07890625
2 0.45078125 0.37421875 0.0921875 0.12578125
2 0.73671875 0.3359375 0.0921875 0.11875
2 0.81328125 0.34921875 0.0859375 0.09453125
2 0.92890625 0.22734375 0.1421875 0.11875
4 0.60234375 0.3984375 0.05390625 0.025
4 0.52890625 0.41953125 0.059375 0.02421875
0 0.86875 0.6640625 0.059375 0.09375
0 0.67109375 0.678125 0.05546875 0.09453125
0 0.13203125 0.69140625 0.04140625 0.06171875
0 0.28828125 0.6734375 0.04140625 0.0453125
2 24.148422241210938 232.41452026367188 79.05316162109375 271.0301818847656
2 104.00570678710938 229.22052001953125 158.2574462890625 270.46600341796875
9 573.7863159179688 132.74746704101562 640.0 183.33987426757812
2 359.32745361328125 223.6732177734375 408.00439453125 259.5250549316406
11 0.340423583984375 229.10394287109375 113.22944641113281 639.9293212890625
2 318.9446105957031 240.07382202148438 357.6908874511719 270.41961669921875
9 38.896827697753906 277.40252685546875 72.1595458984375 297.06842041015625
9 233.26107788085938 261.7765197753906 259.8925476074219 282.8038024902344
9 122.26049041748047 272.86700439453125 153.06768798828125 291.5667724609375
2 439.815185546875 171.95028686523438 508.864013671875 231.85617065429688
9 267.6888427734375 246.57896423339844 312.5946044921875 277.473388671875
9 502.154541015625 234.50494384765625 530.8118896484375 256.73101806640625
9 375.6142883300781 263.63385009765625 398.9541320800781 280.35028076171875
2 498.1553955078125 188.33709716796875 540.1165771484375 221.708984375
11 542.494140625 42.64141845703125 640.0 640.0
10 434.6231689453125 259.8786315917969 558.2560424804688 426.8833312988281
9 459.9191589355469 220.32321166992188 500.9549865722656 245.19680786132812
11 429.45074462890625 181.48028564453125 583.0650024414062 628.2020263671875
11 355.8746337890625 219.96435546875 460.6068115234375 640.0
11 73.53472900390625 224.27040100097656 203.45913696289062 639.547119140625
10 86.86466979980469 292.53338623046875 189.6843719482422 441.62774658203125
10 304.92333984375 284.3570861816406 369.87841796875 395.7468566894531
2 217.8756103515625 214.82684326171875 258.06219482421875 255.37286376953125
2 248.57733154296875 191.41331481933594 324.65869140625 244.51060485839844
10 8.907371520996094 299.38751220703125 100.7230224609375 429.98052978515625
10 220.109130859375 276.87860107421875 340.16461181640625 445.64581298828125
13 87.17037963867188 292.459228515625 190.28665161132812 442.06182861328125
2 542.0736083984375 63.350799560546875 640.0 132.9938201904297
11 249.17578125 190.09564208984375 324.80810546875 296.6949157714844
13 434.28363037109375 257.7669982910156 558.3220825195312 427.0572204589844
11 180.07022094726562 214.36041259765625 284.53363037109375 615.433837890625
10 366.9494934082031 274.5166015625 446.8801574707031 407.32269287109375
11 232.23619079589844 188.67633056640625 340.9251708984375 640.0
11 181.59405517578125 211.10179138183594 279.40802001953125 469.7501220703125
13 225.6427764892578 276.2896728515625 340.19012451171875 445.770263671875
11 240.57461547851562 188.85198974609375 335.8116760253906 490.06353759765625
12 234.8694610595703 0.059722900390625 366.22125244140625 24.974472045898438
10 203.09625244140625 276.87158203125 315.32940673828125 445.2947998046875
10 564.7359008789062 179.750732421875 639.8661499023438 427.00750732421875
10 202.97250366210938 276.72186279296875 280.0665588378906 443.25616455078125