5 0.30390625 0.36953125 0.04765625 0.06015625
5 0.428125 0.37265625 0.0609375 0.06640625
5 0.5359375 0.3328125 0.06953125 0.071875
5 0.8140625 0.3109375 0.08671875 0.09609375
5 0.703125 0.353125 0.0359375 0.04375
7 0.43984375 0.73203125 0.05859375 0.0640625
7 0.5046875 0.7375 0.0359375 0.065625
7 0.31328125 0.6796875 0.04921875 0.0453125
4 0.8046875 0.309375 0.06015625 0.025
4 0.51953125 0.32734375 0.03515625 0.02421875
4 0.42734375 0.37109375 0.04453125 0.01875
4 0.29765625 0.365625 0.0390625 0.01484375
11 239.97036743164062 210.534912109375 341.0578308105469 489.33123779296875
10 248.7773895263672 262.38519287109375 316.06744384765625 343.7750244140625
10 177.91641235351562 254.81138610839844 226.18423461914062 321.8037109375
11 163.45945739746094 209.08056640625 252.26475524902344 451.12957763671875
10 499.70196533203125 228.30459594726562 571.0293579101562 355.2801208496094
11 421.5225830078125 204.50900268554688 478.73486328125 368.5986022949219
11 489.29730224609375 164.41583251953125 600.6893920898438 550.3915405273438
10 328.68756103515625 231.73330688476562 390.96002197265625 332.5661315917969
11 315.69610595703125 180.157958984375 422.91558837890625 526.62939453125
9 505.1916198730469 207.06533813476562 532.491455078125 232.33407592773438
5 498.4581298828125 166.183349609375 549.63671875 191.88916015625
9 323.6241455078125 219.96493530273438 346.101806640625 243.3125
5 256.20166015625 213.04568481445312 288.7611083984375 233.96475219726562
5 179.57244873046875 211.74879455566406 209.4613037109375 229.0689239501953
10 431.3883972167969 240.5914306640625 469.6977844238281 300.14752197265625
9 265.85333251953125 243.94235229492188 286.61444091796875 260.6627197265625
5 441.6790771484375 205.30426025390625 463.20751953125 221.2540283203125
9 442.30291748046875 228.44183349609375 457.30255126953125 241.47259521484375
5 324.9344177246094 184.416259765625 360.3848571777344 204.9874267578125
9 182.50814819335938 238.03079223632812 203.50375366210938 251.34786987304688
11 494.7521667480469 558.839599609375 640.0 639.970947265625