
11 357.9659118652344 323.29119873046875 415.5824279785156 514.2979736328125
10 367.747314453125 352.40399169921875 411.019287109375 417.50848388671875
11 504.585205078125 330.6858215332031 544.4737548828125 453.2116394042969
11 425.23260498046875 320.0716552734375 464.4952392578125 452.715087890625
10 431.9210205078125 351.12152099609375 456.4677734375 406.96185302734375
11 400.0076599121094 324.413330078125 432.1900939941406 452.72119140625
2 429.82379150390625 321.10906982421875 455.6541748046875 340.10394287109375
2 507.9775390625 331.93115234375 529.4217529296875 346.3619384765625
10 404.072998046875 353.88067626953125 429.2359619140625 410.6973876953125
10 509.2078857421875 351.8868408203125 537.4859619140625 388.7064208984375
2 369.8795166015625 323.4346008300781 402.9656982421875 344.6398010253906
2 398.72613525390625 325.8257141113281 421.28167724609375 345.7646179199219
9 431.3734130859375 340.80487060546875 443.1873779296875 352.76446533203125
10 464.6673583984375 363.10638427734375 509.33349609375 430.46282958984375
2 474.19317626953125 331.41448974609375 503.008544921875 358.31414794921875