2 0.40703125 0.2859375 0.2203125 0.25859375
4 0.4125 0.29453125 0.1859375 0.06171875
4 0.2359375 0.3734375 0.1296875 0.0484375
2 0.234375 0.3609375 0.16015625 0.19140625
13 186.6839599609375 215.33056640625 505.2828369140625 640.0
2 86.03703308105469 162.236328125 212.9029998779297 245.40155029296875
2 175.49771118164062 92.36097717285156 332.21112060546875 204.6137237548828
11 0.20831298828125 152.44703674316406 291.19268798828125 640.0
9 222.36761474609375 206.71328735351562 304.3211669921875 271.4674072265625
9 120.54026794433594 242.3838348388672 186.8844757080078 291.51336669921875
2 175.39276123046875 0.04961395263671875 330.1382751464844 101.7149658203125
11 121.68707275390625 72.2294921875 521.380615234375 640.0
11 85.04837036132812 0.0620574951171875 345.97528076171875 114.6966323852539