2 0.4984375 0.1109375 0.021875 0.0625
2 0.41640625 0.1328125 0.0578125 0.0546875
9 0.41640625 0.18671875 0.025 0.0296875
13 0.39609375 0.2953125 0.1125 0.2015625
13 0.48828125 0.2703125 0.0421875 0.184375
11 0.48515625 0.30546875 0.0484375 0.4484375
11 0.4078125 0.315625 0.1375 0.428125
9 0.07578125 0.9703125 0.0828125 0.059375
2 0.0859375 0.83671875 0.171875 0.2359375
11 0.1375 0.85703125 0.275 0.2859375
13 0.609375 0.76484375 0.2 0.4703125
11 0.68046875 0.76484375 0.3421875 0.4703125
2 0.0 464.76434326171875 107.25640106201172 174.3165283203125
2 249.10165405273438 68.76043701171875 35.62811279296875 48.779296875
1 9.801010131835938 565.582763671875 79.62185668945312 72.035400390625
2 225.52371215820312 621.8411865234375 59.748992919921875 18.1588134765625
1 254.64675903320312 95.99042510986328 23.26336669921875 17.104812622070312
2 312.6549072265625 53.06515884399414 14.23870849609375 68.29751205444336