5 0.22578125 0.47265625 0.04140625 0.06171875
5 0.346875 0.465625 0.04921875 0.06015625
5 0.44765625 0.48671875 0.0421875 0.0546875
5 0.5359375 0.48515625 0.0375 0.05234375
5 0.63828125 0.4828125 0.0328125 0.04921875
5 0.72109375 0.49609375 0.04140625 0.046875
3 0.184375 0.65078125 0.02421875 0.03359375
7 0.19921875 0.80234375 0.04765625 0.05078125
7 0.253125 0.7953125 0.0453125 0.046875
7 0.315625 0.7921875 0.03984375 0.04296875
7 0.36171875 0.7859375 0.046875 0.0390625
7 0.42421875 0.7859375 0.04140625 0.0390625
7 0.4640625 0.78359375 0.040625 0.0375
7 0.51484375 0.78046875 0.04296875 0.0359375
7 0.5515625 0.77890625 0.040625 0.034375
7 0.6125 0.77578125 0.0390625 0.03984375
7 0.65703125 0.77578125 0.0390625 0.03984375
3 0.2734375 0.6453125 0.02890625 0.02734375
3 0.68046875 0.6453125 0.02578125 0.0265625
4 0.346875 0.46328125 0.04375 0.01953125
4 0.22421875 0.46953125 0.0375 0.0171875
4 0.44765625 0.48359375 0.0359375 0.0140625
4 0.534375 0.4796875 0.03671875 0.0125
4 0.63671875 0.4828125 0.03203125 0.015625
4 0.7203125 0.4953125 0.0390625 0.0140625
7 0.74375 0.775 0.0359375 0.03828125
7 0.70546875 0.775 0.0359375 0.03359375
11 180.29629516601562 277.4127197265625 72.183837890625 237.010009765625
11 376.1038818359375 289.858154296875 55.9698486328125 215.0386962890625
10 112.48145294189453 321.6162109375 58.51305389404297 82.95849609375
10 258.2285461425781 328.9317626953125 48.58502197265625 77.9969482421875
11 103.38664245605469 279.5400390625 76.67068481445312 242.84320068359375
11 246.87652587890625 290.9603271484375 64.2679443359375 222.33740234375
10 437.7093200683594 338.8226318359375 49.8238525390625 83.6712646484375
5 272.31219482421875 292.1617736816406 25.77001953125 15.18359375
5 127.64137268066406 280.4328918457031 29.070465087890625 18.01531982421875
10 324.04718017578125 324.7662658691406 44.5513916015625 105.7135009765625
11 310.9642333984375 290.32135009765625 63.492431640625 219.7022705078125
5 206.80270385742188 278.25244140625 28.72320556640625 15.6795654296875
11 433.34185791015625 298.47119140625 61.3331298828125 208.732666015625
9 398.53399658203125 313.14178466796875 15.9749755859375 13.1285400390625
5 394.9949951171875 291.03009033203125 25.00970458984375 14.8583984375
9 211.1813201904297 302.60394287109375 18.28216552734375 16.29425048828125
9 136.9652862548828 306.68756103515625 17.4481201171875 12.6441650390625
5 447.67950439453125 301.58251953125 26.05230712890625 12.865478515625
9 278.8187255859375 315.13336181640625 15.1727294921875 13.54931640625
9 454.2557373046875 323.6723937988281 15.588623046875 17.683837890625
5 328.11395263671875 291.63568115234375 25.3521728515625 15.1463623046875
9 337.7494812011719 311.56951904296875 13.21343994140625 12.2315673828125
9 333.7782287597656 311.77783203125 14.1502685546875 14.6634521484375
9 334.880859375 313.71856689453125 14.1763916015625 14.9698486328125
11 300.88763427734375 291.00299072265625 46.3953857421875 219.6292724609375
13 189.27041625976562 317.7083740234375 58.00531005859375 93.19549560546875