2 0.36953125 0.32421875 0.046875 0.053125
2 0.378125 0.39296875 0.053125 0.053125
2 0.7671875 0.35625 0.03984375 0.04921875
2 0.62265625 0.3859375 0.0421875 0.04296875
1 0.76640625 0.36328125 0.03125 0.01640625
10 164.916259765625 206.20962524414062 67.482421875 90.03506469726562
10 365.78472900390625 257.98486328125 43.12939453125 40.07080078125
2 481.1510009765625 210.92840576171875 23.7913818359375 21.2135009765625
2 387.9698181152344 234.03802490234375 23.18212890625 18.118988037109375
10 462.91876220703125 237.50662231445312 38.64111328125 38.72344970703125
11 158.38311767578125 182.6386260986328 109.66021728515625 161.89878845214844