2 0.73984375 0.3609375 0.1578125 0.19375
2 0.165625 0.4875 0.09609375 0.12265625
2 0.1109375 0.42890625 0.0515625 0.075
2 0.2515625 0.49453125 0.08046875 0.11640625
2 0.3640625 0.49375 0.06796875 0.08125
2 0.43359375 0.49296875 0.06328125 0.06171875
2 0.49296875 0.4828125 0.0640625 0.06015625
2 0.3328125 0.453125 0.03203125 0.0359375
4 0.17734375 0.51328125 0.05703125 0.03046875
3 0.4671875 0.68671875 0.06015625 0.05859375
5 0.046875 0.40234375 0.03984375 0.05078125
5 0.01953125 0.46171875 0.0390625 0.06015625
2 0.6578125 0.41015625 0.06015625 0.0640625
0 0.2125 0.71796875 0.05859375 0.046875
0 0.4296875 0.61796875 0.04140625 0.04296875
1 0.740625 0.365625 0.121875 0.053125
4 0.66171875 0.4140625 0.040625 0.0296875
4 0.3546875 0.51015625 0.03984375 0.0375
2 419.998779296875 163.62203979492188 103.448974609375 75.56549072265625
11 398.7247314453125 156.89019775390625 241.1412353515625 329.068359375
13 97.65496063232422 337.976806640625 98.23108673095703 102.0975341796875
13 416.95623779296875 270.41754150390625 176.24554443359375 223.7513427734375
2 79.78860473632812 250.28823852539062 70.13230895996094 78.07879638671875
2 135.4193878173828 277.9757080078125 53.907012939453125 53.853515625
9 442.9031982421875 248.72840881347656 57.3125 36.68443298339844
2 53.85807800292969 247.30593872070312 37.0870361328125 31.80657958984375
13 0.0 302.3983154296875 94.91468811035156 204.7818603515625
11 0.0 245.48646545410156 145.65951538085938 394.51353454589844
11 61.307586669921875 279.3192138671875 289.369140625 360.6807861328125
2 211.68911743164062 288.13177490234375 49.0191650390625 36.69110107421875
2 259.55853271484375 295.95220947265625 34.8721923828125 26.066162109375
11 4.459926605224609 236.82752990722656 58.73102569580078 93.10044860839844
11 175.04689025878906 270.06549072265625 38.282623291015625 165.9381103515625
9 22.430667877197266 259.0159606933594 18.801761627197266 16.55096435546875
9 0.0 296.06512451171875 19.156587600708008 18.33551025390625
9 89.62136840820312 325.142822265625 25.41046142578125 24.5594482421875
13 0.00196075439453125 309.033935546875 19.427268981933594 63.901123046875
11 67.2621078491211 267.4888916015625 136.27576446533203 372.5111083984375
9 58.508201599121094 281.70208740234375 14.563262939453125 14.09320068359375
13 178.72689819335938 326.53338623046875 64.58203125 102.2066650390625
5 0.0 268.4580078125 30.40252113342285 21.36083984375
11 0.0 263.9775390625 44.44594955444336 258.59765625
11 254.90248107910156 295.03131103515625 41.74778747558594 84.79681396484375
11 0.0 243.60308837890625 89.4686050415039 395.61114501953125
2 0.17809295654296875 268.2520751953125 30.75695037841797 21.784912109375
13 263.71453857421875 328.815673828125 48.1416015625 47.54852294921875
9 56.67311477661133 282.33245849609375 17.837337493896484 15.532958984375
9 214.72683715820312 326.4223327636719 17.00592041015625 15.268798828125
13 18.808250427246094 269.15228271484375 44.32975769042969 41.089599609375