2 0.22578125 0.5953125 0.05703125 0.0734375
2 0.32734375 0.6046875 0.05390625 0.065625
2 0.453125 0.5953125 0.04765625 0.06796875
2 0.5265625 0.6 0.0453125 0.0828125
2 0.6453125 0.59765625 0.053125 0.07109375
2 0.75859375 0.603125 0.053125 0.06796875
3 0.134375 0.790625 0.028125 0.03203125
4 0.2265625 0.59765625 0.0390625 0.015625
4 0.52890625 0.60546875 0.040625 0.0171875
4 0.6453125 0.6046875 0.034375 0.01328125
0 0.0234375 0.7859375 0.028125 0.046875
0 0.025 0.8734375 0.03359375 0.05078125
2 0.01484375 0.6328125 0.0296875 0.05078125
3 0.66171875 0.746875 0.03671875 0.04140625
3 0.52734375 0.75078125 0.03828125 0.0375
3 0.31875 0.7734375 0.04140625 0.05078125
3 0.32109375 0.884375 0.0421875 0.04296875
3 0.13515625 0.8671875 0.0375 0.0390625
3 0.528125 0.9125 0.0453125 0.04375
1 0.3296875 0.61171875 0.046875 0.02421875
4 0.45078125 0.596875 0.03828125 0.02265625
4 0.75546875 0.603125 0.0453125 0.01875
3 0.85078125 0.825 0.03203125 0.021875
3 0.73828125 0.8234375 0.02265625 0.02578125
10 79.4478759765625 402.461669921875 166.61062622070312 581.0421142578125
11 62.41796875 350.3515625 181.5159912109375 639.01416015625
11 154.16061401367188 359.85186767578125 255.05032348632812 638.9462280273438
2 393.95849609375 359.42413330078125 427.7032470703125 384.99578857421875
2 464.8525390625 361.6363525390625 506.2938232421875 390.1463623046875
11 371.703125 356.77581787109375 467.3511962890625 628.8005981445312
2 319.2992248535156 359.8835754394531 354.1340637207031 385.0508728027344
2 194.79656982421875 363.3277587890625 227.20166015625 391.9892578125
11 293.6900634765625 357.24188232421875 399.402099609375 639.0150146484375
2 125.61721801757812 354.79815673828125 166.51055908203125 380.29449462890625
2 272.6139221191406 358.3039245605469 305.3677673339844 380.8763732910156
9 326.25738525390625 390.93768310546875 351.93817138671875 409.89813232421875
11 0.15334320068359375 378.83624267578125 38.906822204589844 579.9396362304688
11 453.70263671875 358.4078369140625 562.4742431640625 639.7516479492188
11 234.15933227539062 354.498291015625 313.4542541503906 640.0
9 475.66455078125 392.190673828125 497.2039794921875 407.6470947265625
10 0.028917312622070312 414.04864501953125 26.680795669555664 490.55975341796875
9 402.14483642578125 389.6419677734375 424.10546875 406.1591796875
9 127.86068725585938 386.43157958984375 153.028076171875 404.32208251953125
2 0.0 382.949951171875 24.145105361938477 406.5301513671875
10 377.81170654296875 404.78717041015625 450.3841552734375 510.18096923828125
10 461.3460693359375 409.728271484375 537.5126953125 524.37841796875
10 165.84249877929688 415.07342529296875 233.72177124023438 581.3191528320312
10 300.57122802734375 406.23590087890625 372.98699951171875 552.5849609375
10 248.2578125 406.42059326171875 303.96405029296875 568.8987426757812
9 275.3946533203125 389.2560119628906 294.5316162109375 404.5166320800781
9 198.56295776367188 397.62890625 217.99734497070312 412.0455322265625
9 0.014543533325195312 407.51617431640625 12.027674674987793 421.23565673828125