2 0.9203125 0.35234375 0.10078125 0.13046875
2 0.6375 0.38359375 0.05 0.0765625
2 0.31171875 0.390625 0.04609375 0.06875
2 0.04609375 0.396875 0.06953125 0.08359375
2 0.2546875 0.3640625 0.03828125 0.0421875
5 0.17421875 0.378125 0.065625 0.06171875
5 0.4046875 0.39375 0.0359375 0.05
5 0.4421875 0.41484375 0.04765625 0.0703125
5 0.50078125 0.384375 0.03984375 0.05625
5 0.5609375 0.4015625 0.04921875 0.05390625
3 0.50703125 0.47265625 0.0359375 0.03515625
3 0.096875 0.53671875 0.02734375 0.03203125
5 0.79296875 0.38125 0.0671875 0.0734375
5 0.74609375 0.39296875 0.04296875 0.084375
3 0.80234375 0.64453125 0.02890625 0.0359375
3 0.8984375 0.76171875 0.08203125 0.06015625
7 0.45625 0.7515625 0.046875 0.04296875
7 0.40078125 0.76796875 0.03984375 0.0375
7 0.2859375 0.71484375 0.03671875 0.0375
7 0.334375 0.70859375 0.04765625 0.028125
7 0.20390625 0.72734375 0.053125 0.0359375
7 0.15859375 0.73515625 0.03671875 0.046875
7 0.0953125 0.7703125 0.06953125 0.04296875
7 0.1125 0.728125 0.0375 0.04140625
7 0.25625 0.69140625 0.03125 0.028125
7 0.515625 0.68125 0.02890625 0.03203125
7 0.646875 0.7328125 0.03984375 0.0453125
7 0.59375 0.734375 0.04453125 0.03984375
7 0.5375 0.7 0.040625 0.034375
7 0.56875 0.70703125 0.028125 0.0390625
7 0.69140625 0.75546875 0.0625 0.0390625
4 0.04921875 0.4015625 0.05078125 0.01875
1 0.17421875 0.38125 0.0453125 0.015625
4 0.31171875 0.40390625 0.03515625 0.015625
4 0.4046875 0.39375 0.028125 0.0125
4 0.44140625 0.415625 0.03984375 0.021875
4 0.5015625 0.38671875 0.03359375 0.01796875
4 0.56171875 0.40078125 0.034375 0.0171875
4 0.6375 0.39140625 0.04375 0.01796875
4 0.78828125 0.38671875 0.04609375 0.01875
4 0.746875 0.4 0.03125 0.015625
11 0.0 219.890625 88.95185089111328 309.303466796875
2 549.84033203125 179.6636962890625 77.1357421875 54.4476318359375
11 236.61911010742188 233.13421630859375 82.12762451171875 270.3704833984375
11 482.380859375 177.22315979003906 157.619140625 462.77684020996094
11 157.57180786132812 226.3972625732422 78.8475341796875 241.94874572753906
10 248.1179656982422 282.57379150390625 53.96925354003906 95.9398193359375
11 291.52581787109375 225.68710327148438 56.0511474609375 216.64776611328125
11 67.91920471191406 218.7874298095703 81.87088012695312 266.66844177246094
11 322.8468017578125 234.1197509765625 58.04248046875 225.7205810546875
10 84.15460205078125 263.6934814453125 54.07586669921875 86.388671875
2 6.813835144042969 223.044677734375 52.9024658203125 33.77386474609375
11 366.91668701171875 218.43460083007812 81.3348388671875 265.09136962890625
2 391.76416015625 220.6167449951172 33.86602783203125 26.4925537109375
10 543.5844116210938 258.77935791015625 96.38916015625 234.72149658203125
10 334.9425048828125 277.4896240234375 39.07159423828125 84.6827392578125
10 167.77471923828125 273.275390625 55.5350341796875 92.615966796875
10 0.7989883422851562 276.1988525390625 65.42770385742188 84.41845703125
11 434.4072265625 217.17103576660156 121.16339111328125 298.49046325683594
11 128.27078247070312 223.47088623046875 46.72454833984375 226.7489013671875
2 183.9696502685547 229.3843994140625 29.290313720703125 24.70379638671875
2 464.8066101074219 224.2864990234375 27.65234375 29.45526123046875
10 137.00738525390625 270.0439453125 25.64263916015625 76.4654541015625
9 103.9962158203125 247.69143676757812 18.238693237304688 14.18865966796875
9 23.855491638183594 263.251220703125 22.96894073486328 17.4417724609375
9 470.9544982910156 259.7952575683594 20.83990478515625 18.2647705078125
9 274.98272705078125 271.637939453125 18.14678955078125 14.84765625
2 152.39016723632812 219.43685913085938 18.95965576171875 13.915191650390625
10 460.19989013671875 274.1005859375 81.6629638671875 131.970703125
10 293.9493408203125 265.0294189453125 49.48712158203125 101.08428955078125
9 251.93118286132812 255.19271850585938 14.37567138671875 11.612060546875
11 141.91567993164062 215.59683227539062 48.871490478515625 236.3946533203125
9 157.31369018554688 236.55416870117188 13.407745361328125 11.4742431640625
2 309.0252685546875 227.53411865234375 20.9154052734375 16.02197265625
11 231.16928100585938 232.90335083007812 43.46380615234375 206.20208740234375
11 428.09814453125 218.3409423828125 74.4093017578125 279.1168212890625
9 313.0845947265625 251.32864379882812 14.5792236328125 12.183837890625
9 194.401123046875 260.8070068359375 13.832916259765625 13.1180419921875
9 132.05380249023438 260.80120849609375 14.128082275390625 12.35687255859375
9 395.6722106933594 255.79226684570312 16.16387939453125 13.810791015625
9 350.95672607421875 259.95233154296875 15.19244384765625 11.861083984375
5 347.9693603515625 236.62753295898438 21.309326171875 14.83563232421875
2 121.01616668701172 225.75448608398438 29.73310089111328 32.537994384765625
2 96.39466857910156 221.5526123046875 28.136489868164062 15.6514892578125
2 464.267333984375 219.04588317871094 76.6112060546875 33.534820556640625
9 396.278076171875 258.3094177246094 15.986328125 16.861328125
9 559.318603515625 241.92300415039062 13.0986328125 26.28900146484375
2 267.4908447265625 241.00186157226562 29.24481201171875 22.166259765625
10 149.90103149414062 245.998291015625 35.15185546875 42.075439453125
10 374.64202880859375 275.5725402832031 59.3402099609375 94.64935302734375
11 0.0 219.82989501953125 42.013301849365234 419.51910400390625
10 388.38848876953125 275.2136535644531 46.0577392578125 86.8887939453125
11 354.39654541015625 231.5723876953125 37.3001708984375 237.02911376953125
11 446.2000732421875 215.46482849121094 102.7598876953125 403.50917053222656
10 240.07662963867188 277.3724670410156 31.31060791015625 60.25067138671875
2 248.8617401123047 233.88818359375 22.071426391601562 14.624755859375