2 0.4734375 0.1078125 0.18984375 0.2109375
1 0.46953125 0.15 0.06328125 0.08125
3 0.4 0.53671875 0.06953125 0.06640625
3 0.61328125 0.56875 0.06953125 0.09375
4 0.409375 0.325 0.0671875 0.04921875
2 0.40390625 0.2921875 0.128125 0.1546875
3 0.60625 0.4484375 0.0546875 0.07578125
3 0.4421875 0.5390625 0.05625 0.06796875
2 237.83782958984375 0.4696502685546875 112.45880126953125 112.99626159667969
10 215.18800354003906 190.8079071044922 137.75791931152344 164.53456115722656
10 345.9451904296875 41.9119873046875 183.3909912109375 216.21600341796875
11 244.40966796875 15.445343017578125 310.37420654296875 440.6591491699219
11 172.76943969726562 128.7525177001953 262.97625732421875 427.27452087402344
11 178.1068115234375 127.25137329101562 199.90289306640625 239.31353759765625
11 602.7973022460938 8.863037109375 37.20269775390625 410.06243896484375
9 304.24884033203125 89.49864196777344 39.47900390625 42.2052001953125
8 214.28564453125 135.46835327148438 75.14938354492188 72.31988525390625
9 249.33843994140625 203.48995971679688 44.6727294921875 28.5718994140625