11 0.7624047145926397 0.1135705788480064 0.017605670671545327 0.03603749394987581
12 0.66875 0.878125 0.1125 0.24375
2 0.9166484139481387 0.4913894891762978 0.0378636266709087 0.03146816861791084
2 0.7811467186107753 0.5218633052366848 0.041134077339272324 0.04398634933607006
13 0.9294200392664121 0.6022451759445813 0.07027723201781733 0.13164997579950324
13 0.7697814099300032 0.6258286425707023 0.0829408640197264 0.14578519867214013
9 0.779983660606321 0.5546803504162245 0.01904090133672707 0.02510908430895533
9 0.9209541059436844 0.524174718099059 0.025254538669636162 0.022020445745273953
11 0.43125 0.49765625 0.025 0.0953125
11 0.7783927939210946 0.6913991004162245 0.10763397071927017 0.3880999636992547
11 0.9256223299252306 0.6600758566627405 0.13247033871736136 0.37418290944452864
11 0.9796875 0.68828125 0.040625 0.4765625
2 483.582763671875 318.6479187011719 513.897216796875 361.1324157714844
7 485.14947509765625 536.9904174804688 520.40185546875 564.9255981445312
2 574.102294921875 302.6853942871094 598.58935546875 328.8465881347656
3 568.6567993164062 369.03741455078125 584.8296508789062 384.65545654296875
7 618.1817626953125 562.2901000976562 639.8787841796875 595.9691772460938
2 574.6749877929688 303.0494079589844 599.2516479492188 345.8492736816406
3 490.64434814453125 397.9361572265625 506.35772705078125 411.13525390625
7 599.6417846679688 502.1725769042969 623.7146606445312 540.395751953125
4 487.6211853027344 338.4942321777344 507.7221984863281 355.6282043457031
3 478.1138916015625 401.13092041015625 490.90966796875 414.81231689453125
4 576.2899780273438 320.443359375 597.3694458007812 332.190673828125