2 0.57890625 0.25546875 0.10703125 0.17265625
2 0.690625 0.3609375 0.059375 0.0625
2 0.175 0.28828125 0.06953125 0.075
4 0.58046875 0.29453125 0.08671875 0.028125
0 0.48125 0.484375 0.07734375 0.06015625
0 0.74765625 0.37421875 0.03125 0.03359375
7 0.540625 0.7609375 0.11875 0.0640625
0 0.1890625 0.50859375 0.0265625 0.0453125
0 0.65625 0.51875 0.02734375 0.028125
0 0.22578125 0.359375 0.0390625 0.04296875
4 0.68125 0.3734375 0.03046875 0.015625
2 334.348388671875 103.46051025390625 78.24072265625 70.19723510742188
11 197.6123046875 98.01313781738281 212.16656494140625 404.51145935058594
9 343.83544921875 184.68626403808594 33.7542724609375 29.842437744140625