5 0.409375 0.31484375 0.06796875 0.075
5 0.59140625 0.303125 0.0625 0.075
2 0.7921875 0.30546875 0.07734375 0.1109375
2 0.14921875 0.28671875 0.08125 0.10546875
4 0.41484375 0.31171875 0.05703125 0.0171875
3 0.2375 0.353125 0.0359375 0.0578125
5 0.94609375 0.3328125 0.05546875 0.06015625
7 0.1375 0.81328125 0.07578125 0.06171875
7 0.19765625 0.76875 0.08984375 0.06015625
7 0.41953125 0.75390625 0.07734375 0.065625
7 0.546875 0.775 0.05625 0.0625
7 0.6265625 0.771875 0.07265625 0.05625
7 0.74296875 0.78359375 0.05390625 0.0578125
7 0.82421875 0.77734375 0.075 0.05859375
7 0.9078125 0.659375 0.0390625 0.04296875
7 0.96484375 0.65703125 0.046875 0.04296875
3 0.63203125 0.475 0.04296875 0.046875
4 0.59453125 0.30625 0.05546875 0.025
4 0.796875 0.30390625 0.0625 0.025
4 0.95078125 0.32890625 0.04140625 0.02421875
4 0.15 0.290625 0.0609375 0.03046875
3 0.9328125 0.434375 0.02421875 0.02421875
5 0.3484375 0.365625 0.0359375 0.03203125
11 444.90277099609375 157.7808837890625 559.9970092773438 521.4791870117188
10 463.06109619140625 225.59255981445312 542.4476318359375 342.4565124511719
2 67.01927185058594 145.43312072753906 122.64076232910156 185.46458435058594
11 321.9405212402344 165.95660400390625 431.0963439941406 514.3109741210938
10 336.29730224609375 224.8789520263672 410.18902587890625 342.70233154296875
11 201.35345458984375 176.8226318359375 310.3685607910156 501.5606689453125
11 19.688201904296875 143.7943115234375 152.06710815429688 543.2153930664062
11 560.0043334960938 176.87095642089844 635.5365600585938 436.99462890625
10 226.13414001464844 231.71499633789062 291.8033447265625 355.1781921386719
10 53.412105560302734 215.7919921875 141.88699340820312 366.64990234375
9 366.8163146972656 200.82131958007812 393.8453063964844 219.24441528320312
9 84.82875061035156 192.61465454101562 112.6881103515625 215.78530883789062
9 499.31304931640625 199.477294921875 526.8417358398438 220.57794189453125
5 354.86627197265625 167.37637329101562 397.1123046875 187.93844604492188
2 481.18487548828125 158.0970001220703 533.1936645507812 189.51454162597656
11 137.06954956054688 194.1893310546875 168.97683715820312 308.19317626953125
5 242.77346801757812 177.51107788085938 281.5652770996094 195.71023559570312
13 141.46524047851562 207.57766723632812 161.75119018554688 243.17129516601562
9 253.89425659179688 207.56788635253906 281.0515441894531 227.34156799316406
9 597.5770263671875 214.01174926757812 617.6072998046875 230.00149536132812
10 575.38720703125 228.44325256347656 621.67919921875 323.733154296875
9 597.884033203125 217.9713592529297 616.7490234375 235.72779846191406