6 0.58515625 0.7921875 0.05546875 0.10390625
6 0.64140625 0.78671875 0.05078125 0.08828125
3 0.3953125 0.675 0.07265625 0.0734375
3 0.70703125 0.334375 0.02734375 0.03046875
3 0.840625 0.453125 0.021875 0.03046875
4 0.42265625 0.43125 0.06953125 0.053125
2 0.4109375 0.41484375 0.1140625 0.1
2 0.52109375 0.278125 0.05390625 0.08125
2 0.825 0.3015625 0.0578125 0.06953125
2 0.51953125 0.0578125 0.0640625 0.0734375
2 0.8234375 0.04375 0.0546875 0.05859375
5 0.96015625 0.2296875 0.03046875 0.0375
0 0.590625 0.30078125 0.03203125 0.0359375
0 0.59609375 0.04140625 0.034375 0.03203125
0 0.70625 0.0125 0.028125 0.025
11 477.10614013671875 168.17984008789062 67.358154296875 199.3597412109375
10 481.68646240234375 198.2706298828125 47.68804931640625 89.29180908203125
2 229.6959686279297 226.85885620117188 60.86647033691406 60.3935546875
11 226.31500244140625 218.66233825683594 223.42803955078125 421.23915100097656
10 280.75823974609375 256.40869140625 127.29736328125 90.1912841796875
9 261.77142333984375 280.353759765625 21.219970703125 21.65771484375
2 316.72674560546875 154.90313720703125 38.5577392578125 36.507080078125
10 298.0609130859375 191.54104614257812 46.421630859375 73.06317138671875
11 288.591796875 150.88674926757812 95.701416015625 190.66796875
11 589.3297729492188 135.9438934326172 41.1475830078125 59.39410400390625