9 0.04140625 0.3921875 0.0828125 0.096875
9 0.23213370560602709 0.35390625 0.12419199980360815 0.1296875
5 0.21941151268942355 0.2578125 0.10966589149054791 0.05
5 0.05859375 0.26953125 0.1171875 0.0734375
10 0.20703125 0.47265625 0.3421875 0.1734375
11 0.23984375 0.3859375 0.4796875 0.346875
9 0.646875 0.615625 0.334375 0.1125
10 0.73984375 0.86171875 0.5203125 0.2765625
11 0.73984375 0.7796875 0.5203125 0.440625
5 101.0621109008789 147.41082763671875 92.78679656982422 128.5931396484375
4 0.8516998291015625 195.44970703125 57.275787353515625 40.22320556640625
5 0.2314910888671875 147.94766235351562 74.71832275390625 157.82388305664062
4 110.5816879272461 193.97598266601562 80.36133575439453 46.27716064453125
4 108.99156188964844 172.43109130859375 81.25607299804688 68.70343017578125
4 0.420074462890625 194.7811737060547 58.54798889160156 57.873779296875
3 31.21856689453125 361.9971923828125 49.34765625 87.0460205078125