9 0.04375 0.2125 0.0875 0.04375
5 0.07752659894328655 0.15280437577606207 0.13000566256778648 0.05544199980360824
10 0.08125 0.3078125 0.1625 0.203125
11 0.16953125 0.25859375 0.3390625 0.3015625
11 0.2671875 0.68359375 0.14375 0.1921875
9 0.27890625 0.7234375 0.1203125 0.08125
10 0.16953125 0.884375 0.3390625 0.23125
11 0.16953125 0.709375 0.3390625 0.58125
13 0.459375 0.5546875 0.184375 0.290625
11 0.475 0.61484375 0.234375 0.4109375
3 0.00942230224609375 297.1474609375 39.14595031738281 342.37457275390625
5 0.0 74.50186157226562 93.51953125 165.92837524414062