9 0.33976828795354763 0.271875 0.09158861067790855 0.0828125
9 0.46628588196213816 0.20859375 0.11742495202099903 0.1546875
2 0.4828125 0.071875 0.309375 0.14375
2 0.3084284759707286 0.1453125 0.1597760840229082 0.16875
10 0.38984375 0.34453125 0.3015625 0.1703125
10 0.55390625 0.2984375 0.2515625 0.2625
11 0.49296875 0.3421875 0.3734375 0.175
11 0.359375 0.21484375 0.640625 0.4296875
11 0.39609375 0.23671875 0.4265625 0.3859375
2 152.60406494140625 49.816680908203125 250.1845703125 196.58197021484375
1 167.44964599609375 110.12579345703125 244.55255126953125 160.81362915039062
4 171.08230590820312 110.45538330078125 245.83624267578125 156.02468872070312
2 206.8216552734375 0.262420654296875 400.0838623046875 176.13339233398438