5 0.59375 0.30234375 0.0625 0.0828125
2 0.44375 0.3671875 0.09140625 0.10859375
2 0.21640625 0.3109375 0.06953125 0.08671875
2 0.06796875 0.2796875 0.06796875 0.08828125
2 0.31328125 0.34140625 0.08125 0.1015625
4 0.590625 0.3078125 0.05078125 0.02109375
3 0.53046875 0.46484375 0.059375 0.06015625
0 0.13359375 0.53203125 0.0515625 0.06015625
0 0.01796875 0.52890625 0.03515625 0.0828125
2 0.6484375 0.33125 0.065625 0.065625
2 0.06484375 0.053125 0.06796875 0.10078125
2 0.215625 0.0328125 0.07265625 0.065625
4 0.065625 0.2875 0.06171875 0.0296875
4 0.21171875 0.3140625 0.06328125 0.0203125
4 0.31328125 0.3421875 0.07265625 0.03359375
4 0.44609375 0.38125 0.065625 0.03984375
5 0.59609375 0.03125 0.0671875 0.0625
3 0.4640625 0.49765625 0.0453125 0.04921875
3 0.378125 0.5625 0.0375 0.0484375
3 0.18203125 0.55859375 0.0453125 0.05078125
7 0.35234375 0.74765625 0.05234375 0.06796875
7 0.30390625 0.74765625 0.05859375 0.065625
7 0.02734375 0.76875 0.0546875 0.0625
7 0.09296875 0.76796875 0.07109375 0.0546875
2 174.03887939453125 181.5698699951172 46.03924560546875 41.646453857421875
11 0.0 145.38363647460938 102.95137023925781 360.263671875
2 116.2452392578125 166.9605255126953 41.27337646484375 34.6319580078125
10 163.91009521484375 241.9088134765625 71.5250244140625 115.69940185546875
2 20.190673828125 146.792236328125 43.04364776611328 36.52496337890625
2 258.61083984375 196.8189697265625 48.21734619140625 54.923065185546875
11 149.00662231445312 179.9596405029297 109.67242431640625 317.31861877441406
10 3.1044845581054688 211.24090576171875 67.81199645996094 117.90081787109375
9 30.79430389404297 191.3775634765625 25.167022705078125 16.933349609375
5 361.60760498046875 167.6990966796875 35.46197509765625 22.349029541015625
11 86.82264709472656 166.07708740234375 101.34030151367188 333.41070556640625
9 129.7876434326172 207.9067840576172 24.943878173828125 19.226287841796875
9 369.454345703125 202.4053955078125 24.364013671875 20.850128173828125
11 260.39508056640625 192.20071411132812 88.3515625 132.81707763671875
11 313.7303466796875 164.7337646484375 131.1624755859375 163.4698486328125
9 189.536865234375 229.3353271484375 22.613006591796875 15.691162109375
11 0.0478057861328125 141.808349609375 107.17657470703125 497.82110595703125
10 106.39090728759766 231.06008911132812 68.27361297607422 109.98443603515625
9 280.9124755859375 250.86419677734375 20.9783935546875 18.7943115234375