11 0.315625 0.12421875 0.328125 0.2484375
11 0.1078125 0.15 0.215625 0.3
11 0.0421875 0.315625 0.040625 0.03125
13 0.03984375 0.4796875 0.0796875 0.359375
11 0.059375 0.5328125 0.11875 0.465625
2 0.6423500847017388 0.46852482454639804 0.01259999394987581 0.01726022287263689
13 0.6421819130587659 0.497431074546398 0.020530668617910842 0.037618174668035034
13 0.8891341811109428 0.4855861012809776 0.025218168617910663 0.03764544574527395
13 0.8838204880961433 0.3246122398446592 0.02208407825883114 0.03606476502711464
2 0.8885574641902341 0.4504253061014379 0.012590903590796287 0.015697722872636887
11 0.884375 0.353125 0.0375 0.10625
11 0.8905830516224474 0.5051264416400573 0.03824540944452863 0.12834316861791084
11 0.6420410124930319 0.5216498245463981 0.04291472872636941 0.12524543969514976
6 185.59991455078125 71.19345092773438 58.417633056640625 88.28752136230469
3 207.22225952148438 0.34609222412109375 50.5977783203125 106.70040893554688