2 0.26794952752014645 0.1501115459651067 0.0912613251355733 0.10990224082661779
2 0.3875 0.20234375 0.0625 0.1046875
5 0.13749441305876595 0.1485268409482548 0.09105224687674207 0.07396474082661779
9 0.11037285597536943 0.24477512705260832 0.04728406615858276 0.07058521077238851
9 0.25572171741168787 0.23767972365820383 0.04713862041330898 0.04558521077238851
9 0.39453125 0.29375 0.0484375 0.053125
10 0.36171875 0.36875 0.1140625 0.140625
10 0.2234375 0.34140625 0.165625 0.1953125
10 0.05703125 0.340625 0.1140625 0.196875
11 0.11328125 0.265625 0.2265625 0.346875
11 0.20546875 0.259375 0.3140625 0.359375
11 0.32578125 0.29140625 0.1859375 0.2953125
10 0.71484375 0.03359375 0.2140625 0.0671875
9 0.60234375 0.02109375 0.0640625 0.0421875
11 0.709375 0.12734375 0.58125 0.2546875
10 0.09140625 0.61875 0.1828125 0.359375
10 0.32109375 0.659375 0.1953125 0.440625
11 0.29453125 0.71953125 0.2484375 0.5609375
11 0.12109375 0.71953125 0.2421875 0.5609375
2 145.35763549804688 67.0010986328125 49.68109130859375 95.18708801269531
5 50.23366928100586 75.2481689453125 58.87344741821289 95.59597778320312
2 231.38058471679688 100.6015625 39.4854736328125 101.26718139648438
4 147.28607177734375 118.49327850341797 41.784820556640625 20.08930206298828
5 0.0 432.29571533203125 54.26953125 72.5257568359375
4 59.11186218261719 109.55401611328125 45.73411560058594 28.33697509765625
3 189.31710815429688 319.3681640625 46.656646728515625 46.8675537109375