12 0.01171875 0.01171875 0.0234375 0.0234375
12 0.17109375 0.02578125 0.0421875 0.0515625
12 0.4121111980829649 0.071875 0.044304511903856536 0.0953125
10 0.421875 0.81640625 0.15625 0.3671875
11 0.321875 0.79453125 0.35625 0.4109375
8 0.5924698220123152 0.690625 0.10387040944452863 0.128125
10 0.63203125 0.9 0.2640625 0.2
11 0.6875 0.79453125 0.375 0.4109375
2 555.3031616210938 561.3137817382812 599.3729858398438 606.7478637695312
3 566.3988647460938 161.74514770507812 586.5845336914062 181.40103149414062
2 501.779541015625 624.8403930664062 530.540283203125 640.0
3 528.2911376953125 214.26962280273438 546.0565185546875 245.41738891601562