5 0.77578125 0.3625 0.11328125 0.14609375
5 0.6828125 0.37578125 0.071875 0.103125
5 0.9234375 0.42265625 0.0828125 0.10859375
5 0.5796875 0.40625 0.0515625 0.0578125
5 0.628125 0.38671875 0.0453125 0.07265625
4 0.9203125 0.41640625 0.078125 0.0265625
4 0.76328125 0.365625 0.0875 0.03984375
4 0.68203125 0.37734375 0.06015625 0.0265625
4 0.625 0.38984375 0.0484375 0.02109375
3 0.546875 0.59609375 0.08828125 0.09765625
7 0.5328125 0.94453125 0.03046875 0.0359375
2 0.51015625 0.38125 0.0234375 0.02265625
2 0.4296875 0.41640625 0.0390625 0.04296875
10 424.54254150390625 281.19598388671875 153.33001708984375 188.8795166015625
5 458.246337890625 179.5001220703125 80.6298828125 48.14599609375
11 530.81201171875 219.3961181640625 109.18798828125 420.6038818359375
5 561.3363037109375 223.55291748046875 63.674072265625 38.069091796875
11 305.48828125 228.89430236816406 100.08642578125 288.81455993652344
9 462.6312255859375 246.55276489257812 45.462890625 33.94146728515625
10 323.6925354003906 280.91314697265625 66.644287109375 135.631103515625
9 417.3299560546875 248.27723693847656 40.71630859375 26.976913452148438
10 560.42626953125 307.9561767578125 77.8248291015625 162.831787109375
9 566.846923828125 275.89849853515625 43.3154296875 30.7593994140625
10 367.365966796875 272.21002197265625 104.127197265625 162.6326904296875
11 339.8251953125 195.22198486328125 145.532470703125 438.10736083984375
11 399.245361328125 173.10400390625 197.0394287109375 465.045166015625
2 384.52734375 219.6532745361328 33.8939208984375 24.262542724609375
2 359.7483215332031 233.55105590820312 29.0970458984375 24.265380859375
5 410.90716552734375 199.6871337890625 52.704345703125 31.036285400390625
9 390.4208984375 254.0489044189453 18.44140625 14.032943725585938
9 359.47991943359375 266.10845947265625 20.1181640625 17.07373046875
11 308.392822265625 232.81011962890625 34.9381103515625 73.9654541015625
2 296.6646728515625 211.71859741210938 20.659423828125 35.067779541015625
11 542.1097412109375 219.1936798095703 97.8902587890625 107.42723083496094
10 314.83685302734375 247.06124877929688 24.389892578125 34.07403564453125
11 378.1316223144531 218.04074096679688 43.5662841796875 76.52862548828125
9 389.0458984375 255.59112548828125 21.015380859375 15.6043701171875
10 310.6011962890625 244.57992553710938 29.4725341796875 59.32208251953125
11 292.8172302246094 203.96029663085938 39.824462890625 102.3720703125
11 528.6522827148438 221.64813232421875 48.4676513671875 69.16473388671875
2 320.07470703125 234.23931884765625 12.703857421875 9.2650146484375
9 566.5914306640625 279.53350830078125 34.790771484375 25.8919677734375