1 0.3859375 0.3671875 0.1078125 0.03984375
3 0.22734375 0.42734375 0.08046875 0.1015625
4 0.16171875 0.35 0.125 0.04296875
2 0.76484375 0.35859375 0.153125 0.175
2 0.3875 0.35546875 0.1203125 0.16796875
2 0.15703125 0.3359375 0.146875 0.18046875
1 0.7640625 0.3765625 0.1203125 0.04296875
11 0.5308837890625 152.22784423828125 173.44497680664062 639.8058471679688
10 424.6817626953125 286.89190673828125 576.62158203125 514.7385864257812
2 56.39021301269531 156.83871459960938 152.40802001953125 222.92471313476562
2 443.23272705078125 167.08590698242188 535.6982421875 239.18356323242188
11 402.771240234375 162.5553436279297 615.68994140625 640.0
11 160.12710571289062 165.48724365234375 365.6041564941406 640.0
2 202.53912353515625 169.32516479492188 287.76885986328125 233.19570922851562
9 81.62750244140625 235.54483032226562 131.58944702148438 270.2421569824219
10 9.467437744140625 262.972412109375 141.69027709960938 485.5396728515625
9 238.08709716796875 243.71450805664062 277.83502197265625 265.6169128417969
10 185.00559997558594 275.80218505859375 340.466064453125 520.36279296875
9 475.3917236328125 250.71865844726562 523.4827880859375 287.7276306152344
11 566.6576538085938 0.041156768798828125 590.9963989257812 24.330677032470703
11 419.7257080078125 0.0 439.129150390625 33.69723129272461