9 0.31517429805854275 0.21537397336361624 0.08212270401018137 0.07547269867214013
9 0.18413283605186123 0.16691426834676437 0.1016726826861809 0.14433178298109556
2 0.1484375 0.046875 0.28125 0.09375
2 0.332442519374589 0.08792113905466085 0.1439692706874535 0.15395222267624523
10 0.29140625 0.38203125 0.2453125 0.3359375
10 0.1109375 0.35078125 0.21875 0.3984375
10 0.0421875 0.39453125 0.078125 0.3109375
11 0.17578125 0.39453125 0.3453125 0.3109375
11 0.2546875 0.275 0.509375 0.55
11 0.28203125 0.27734375 0.3328125 0.5453125
12 0.2506947220719058 0.9719330455723233 0.034956802673454225 0.05019998789975162
13 0.840625 0.63828125 0.1125 0.1765625
13 0.625 0.59765625 0.071875 0.0953125
11 0.825 0.775 0.175 0.45
11 0.628125 0.759375 0.109375 0.41875
2 170.96127319335938 13.164138793945312 256.5812072753906 162.20115661621094
1 171.05364990234375 75.67311096191406 246.04949951171875 121.81706237792969
2 12.354202270507812 0.1417999267578125 178.12527465820312 150.55320739746094
4 170.60928344726562 75.12388610839844 245.36370849609375 119.16075134277344
3 263.88671875 217.6494598388672 327.2469482421875 331.65802001953125