0 0.38515625 0.5171875 0.06171875 0.0625
0 0.134375 0.63125 0.03828125 0.03359375
0 0.15546875 0.58046875 0.03984375 0.0390625
2 0.184375 0.46640625 0.071875 0.075
2 0.26875 0.4421875 0.06953125 0.06640625
2 0.41796875 0.37578125 0.0703125 0.084375
2 0.678125 0.34921875 0.1 0.1078125
4 0.4171875 0.3921875 0.05078125 0.0171875
7 0.696875 0.68359375 0.0578125 0.0828125
7 0.634375 0.675 0.04921875 0.07109375
7 0.5796875 0.65703125 0.0359375 0.06640625
3 0.6890625 0.546875 0.04453125 0.0390625
3 0.62578125 0.55859375 0.0390625 0.05078125
4 0.17890625 0.478125 0.01953125 0.04296875
0 0.29765625 0.54453125 0.03046875 0.04140625
0 0.32578125 0.503125 0.02265625 0.04296875
7 0.39296875 0.60625 0.05078125 0.0453125
7 0.26015625 0.615625 0.05234375 0.04296875
7 0.10234375 0.6734375 0.09453125 0.0390625
2 239.70538330078125 207.61184692382812 283.70635986328125 246.58731079101562
2 401.85040283203125 186.10691833496094 462.26617431640625 250.0743865966797
11 393.71234130859375 179.02345275878906 511.68499755859375 443.6466064453125
11 234.99386596679688 201.6480712890625 385.0798645019531 411.90777587890625
9 261.06378173828125 247.52825927734375 281.05133056640625 263.5880432128906
10 411.02288818359375 212.80746459960938 501.343994140625 361.8395690917969
10 419.29071044921875 216.57659912109375 502.00152587890625 320.638916015625
10 257.208251953125 245.83770751953125 332.32666015625 352.058349609375
13 588.9513549804688 397.402587890625 611.6155395507812 459.0269775390625
2 149.41851806640625 259.63519287109375 189.9874267578125 301.27227783203125
11 146.91851806640625 256.1951904296875 207.2677001953125 410.6976318359375
11 586.805419921875 374.9445495605469 615.6015625 461.6454162597656