2 0.34765625 0.07890625 0.1890625 0.1578125
9 0.30234375 0.19318938027406213 0.0359375 0.053334078258831144
10 0.3328125 0.28828125 0.2125 0.1609375
10 0.51953125 0.184375 0.2765625 0.36875
11 0.51796875 0.184375 0.3421875 0.36875
11 0.31640625 0.184375 0.3296875 0.36875
11 0.06875 0.2171875 0.1375 0.303125
9 0.45546875 0.7607036123200812 0.0078125 0.010982951795397966
2 0.45859375 0.742716681601922 0.0203125 0.03293067466803503
11 0.4390625 0.8303303110904172 0.0609375 0.21285452400410518
10 0.328125 0.7130069765850701 0.0296875 0.0548602168225127
2 0.33203125 0.6731405006873711 0.015625 0.020403403590796287
11 0.32109375 0.7513291332009284 0.0578125 0.18314884328594597
2 164.49688720703125 0.955810546875 109.67242431640625 154.23077392578125
5 566.6661376953125 337.7938232421875 61.64404296875 67.74462890625