3 0.37578125 0.8203125 0.184375 0.09765625
3 0.19296875 0.6859375 0.15234375 0.16953125
4 0.4296875 0.415625 0.1296875 0.05625
4 0.7375 0.39609375 0.146875 0.04375
4 0.925 0.33359375 0.14609375 0.0625
4 0.3171875 0.39296875 0.08515625 0.034375
2 0.925 0.31875 0.15 0.3140625
2 0.74453125 0.38046875 0.1578125 0.221875
2 0.4375 0.38359375 0.16171875 0.246875
2 0.31640625 0.375 0.0921875 0.18125
3 0.1625 0.52734375 0.0765625 0.090625
3 0.37109375 0.90703125 0.175 0.071875
2 220.81919860839844 162.86007690429688 331.5723876953125 252.28414916992188
2 417.6094970703125 167.58645629882812 528.30908203125 245.13314819335938
2 165.18228149414062 184.22177124023438 233.54330444335938 244.10507202148438
11 530.926025390625 97.99786376953125 640.0 640.0
9 241.098876953125 287.2158203125 310.11322021484375 326.961181640625
9 556.0460205078125 235.531982421875 629.3951416015625 293.51116943359375
9 436.52838134765625 268.4139404296875 497.53656005859375 309.410400390625
11 77.42819213867188 162.18605041503906 399.9578552246094 640.0
11 399.5809326171875 165.98614501953125 566.9822387695312 640.0
2 529.462158203125 98.80810546875 639.97802734375 207.98898315429688
9 174.33837890625 268.717041015625 224.28521728515625 296.8592529296875
10 545.947509765625 286.33782958984375 639.59619140625 618.1690673828125
10 415.83935546875 280.5867919921875 639.66455078125 639.9105224609375
10 422.5833740234375 290.85748291015625 565.248291015625 638.7989501953125
11 208.0115966796875 0.10033416748046875 640.0 82.67046356201172
10 172.11839294433594 298.23651123046875 363.5167236328125 630.2225341796875
11 80.58920288085938 177.728759765625 236.94915771484375 640.0