3 0.45078125 0.8015625 0.07265625 0.103125
4 0.5203125 0.521875 0.0921875 0.03359375
2 0.52421875 0.490625 0.13359375 0.1453125
7 0.615625 0.80078125 0.09609375 0.07890625
2 0.66640625 0.34140625 0.07265625 0.09453125
2 0.8421875 0.32890625 0.0765625 0.09609375
2 0.9625 0.32578125 0.075 0.08515625
3 0.8515625 0.44765625 0.04375 0.04296875
3 0.953125 0.45 0.03828125 0.04296875
7 0.79609375 0.55859375 0.0484375 0.06015625
2 0.721875 0.23203125 0.05859375 0.0578125
2 0.6484375 0.2515625 0.0578125 0.0578125
11 293.8665771484375 257.64825439453125 479.401123046875 537.7039184570312
2 517.2084350585938 180.36178588867188 563.0352172851562 234.78515625
2 296.6806945800781 260.19818115234375 370.5296325683594 322.66839599609375
2 402.5491943359375 192.05694580078125 453.56982421875 233.3277587890625
10 424.0779724121094 227.05406188964844 505.9797058105469 323.7789306640625
9 317.36383056640625 335.00152587890625 361.91864013671875 368.08233642578125
11 588.367431640625 179.1173095703125 640.0 280.2940979003906
2 596.47314453125 179.3350830078125 639.291015625 232.08551025390625
11 516.8370971679688 179.74429321289062 565.1090698242188 274.28485107421875
10 327.96832275390625 329.11138916015625 468.4317626953125 439.31707763671875
11 402.914794921875 186.22702026367188 553.5752563476562 375.2887878417969