2 0.3859375 0.37890625 0.08984375 0.1171875
2 0.528125 0.371875 0.07421875 0.1109375
2 0.76328125 0.4125 0.0828125 0.11484375
2 0.575 0.378125 0.06171875 0.0984375
2 0.18203125 0.37109375 0.1046875 0.10390625
2 0.03359375 0.32890625 0.06640625 0.16171875
0 0.87109375 0.62421875 0.03671875 0.0546875
10 412.0142822265625 285.89556884765625 86.196533203125 140.834716796875
2 80.43698120117188 202.64208984375 70.902099609375 41.241729736328125
10 60.4940185546875 274.5215759277344 80.94343566894531 157.37884521484375
2 313.3586730957031 206.0936279296875 58.9501953125 57.70184326171875
11 163.29574584960938 201.90283203125 215.4649658203125 437.99871826171875
2 216.8856201171875 208.273193359375 55.6959228515625 46.6513671875
11 31.161636352539062 200.63079833984375 131.26119995117188 435.480712890625
2 0.0 161.52676391601562 46.13932418823242 60.58489990234375
11 379.4940185546875 219.00042724609375 186.07476806640625 420.99957275390625
9 0.0 225.5167999267578 20.082351684570312 25.442657470703125
10 193.4315643310547 269.9437561035156 141.69569396972656 150.39337158203125
9 111.50941467285156 252.58285522460938 30.15106201171875 22.26873779296875
5 462.7509765625 226.87640380859375 56.8328857421875 60.2796630859375
2 462.68463134765625 226.6758270263672 55.755126953125 60.38771057128906
11 0.0 160.39453125 106.84516906738281 479.596435546875
2 364.3599853515625 211.0189208984375 18.2900390625 30.18267822265625
11 328.91943359375 217.99510192871094 193.99493408203125 422.00489807128906
9 356.0247802734375 244.52236938476562 17.83233642578125 27.0872802734375
11 31.676376342773438 199.804443359375 199.48318481445312 439.89703369140625
11 0.0 160.3931884765625 74.2542724609375 479.6068115234375
9 320.6910095214844 250.47869873046875 16.9112548828125 22.15509033203125