2 0.20703125 0.4046875 0.11484375 0.13515625
2 0.3953125 0.45546875 0.0921875 0.1140625
3 0.16640625 0.7734375 0.06015625 0.06953125
4 0.69140625 0.428125 0.06015625 0.0296875
2 0.553125 0.42421875 0.10390625 0.1234375
2 0.68984375 0.42265625 0.0703125 0.11796875
2 0.771875 0.4234375 0.10546875 0.12734375
3 0.79453125 0.73046875 0.04453125 0.06328125
3 0.83203125 0.7296875 0.04609375 0.06171875
4 0.4109375 0.459375 0.06328125 0.03203125
10 283.02008056640625 301.70440673828125 415.03240966796875 527.4077758789062
11 261.8396301269531 212.111083984375 443.7201232910156 639.3887329101562
11 6.659423828125 215.68463134765625 209.6732177734375 639.7662963867188
11 394.6661376953125 218.0048370361328 621.4280395507812 640.0
11 170.8916015625 244.06549072265625 293.6329650878906 639.983154296875
10 40.32264709472656 287.08697509765625 190.75123596191406 520.4824829101562
10 420.59857177734375 300.95892333984375 576.6591796875 482.76837158203125
2 218.97076416015625 248.12576293945312 280.888427734375 297.7797546386719
2 455.28240966796875 223.76583862304688 526.8408813476562 288.3723449707031
2 317.33306884765625 223.22161865234375 399.56500244140625 287.5787658691406
10 187.22579956054688 311.04864501953125 264.7580871582031 465.68218994140625
9 432.4502258300781 275.5329895019531 458.9808654785156 304.1290588378906
9 251.0223388671875 302.89752197265625 270.45416259765625 322.5465087890625
2 93.60342407226562 219.45489501953125 169.58706665039062 280.6959228515625
2 418.5008850097656 229.270263671875 465.9025573730469 275.6512451171875
2 382.22479248046875 240.49334716796875 427.38995361328125 290.064697265625
11 416.1483459472656 227.9586181640625 468.1609802246094 339.58221435546875