8 0.2015625 0.3890625 0.059375 0.021875
5 0.21693997678146185 0.3328125 0.15360678903121966 0.0828125
11 0.159375 0.34375 0.2875 0.1125
10 0.8109375 0.02578125 0.06875 0.0515625
11 0.790625 0.1359375 0.190625 0.271875
2 0.934375 0.425 0.13125 0.05
9 0.9392250847017388 0.4609375 0.0643533914905479 0.05
10 0.89140625 0.61171875 0.2171875 0.3390625
10 0.35625 0.79453125 0.075 0.2734375
11 0.39296875 0.7484375 0.1484375 0.503125
11 0.8515625 0.7 0.296875 0.6
3 569.381591796875 341.20574951171875 69.92431640625 47.201416015625
2 556.99755859375 256.22406005859375 82.84716796875 53.64105224609375
4 560.350341796875 261.16510009765625 75.0999755859375 24.9427490234375