0 0.6703125 0.4390625 0.0328125 0.0578125
0 0.2625 0.37578125 0.06328125 0.046875
2 0.5796875 0.33046875 0.06640625 0.09453125
2 0.3359375 0.32578125 0.07734375 0.090625
3 0.5703125 0.52890625 0.0375 0.03984375
2 0.57578125 0.04453125 0.0640625 0.0890625
2 0.33828125 0.0546875 0.08828125 0.06953125
2 188.5740966796875 175.25799560546875 244.79150390625 218.57272338867188
2 345.07598876953125 177.80828857421875 391.47747802734375 225.18475341796875
9 201.59231567382812 218.52320861816406 222.21859741210938 240.2840118408203
11 80.48562622070312 0.1376190185546875 330.6585693359375 60.734867095947266