7 0.41484375 0.7265625 0.0359375 0.06640625
7 0.2265625 0.6859375 0.0890625 0.07890625
4 0.20546875 0.18828125 0.0578125 0.02109375
2 0.67578125 0.21796875 0.1078125 0.17890625
2 0.509375 0.23359375 0.06640625 0.1125
3 0.40546875 0.48359375 0.0328125 0.0453125
3 0.1828125 0.46171875 0.04375 0.046875
1 0.65703125 0.24375 0.06328125 0.046875
2 0.5484375 0.503125 0.0328125 0.0390625
7 0.49765625 0.7265625 0.04375 0.05625
2 0.203125 0.1734375 0.07421875 0.1125
2 0.0609375 0.2734375 0.109375 0.14921875
7 0.24296875 0.6546875 0.0546875 0.05859375
0 0.09765625 0.7046875 0.05078125 0.08125
2 305.86102294921875 105.8204345703125 347.33599853515625 163.01629638671875
2 392.8253173828125 76.52215576171875 465.0731201171875 156.07675170898438
10 390.0869140625 194.71591186523438 484.5404052734375 390.1152038574219
11 248.11428833007812 104.70864868164062 362.4371643066406 484.6407165527344
10 280.54742431640625 174.70294189453125 352.6864013671875 303.1497802734375
11 348.2861328125 71.78179931640625 509.7625732421875 640.0
2 101.42477416992188 46.05229949951172 156.48355102539062 115.6817398071289
11 84.66738891601562 46.469696044921875 178.13433837890625 462.8233947753906
10 98.62555694580078 142.850830078125 166.43109130859375 341.5111083984375
2 0.41478729248046875 128.603271484375 73.44535827636719 186.10711669921875
11 0.251617431640625 129.0600128173828 161.32518005371094 639.9574584960938
10 0.03630828857421875 172.39505004882812 41.52482986450195 289.8531799316406
9 123.95209503173828 124.44155883789062 146.9427490234375 146.93243408203125
11 0.0 125.9859619140625 85.76171875 478.510009765625
9 44.995582580566406 193.75418090820312 63.496055603027344 216.25625610351562
9 414.47332763671875 167.48849487304688 446.73260498046875 195.837646484375
9 310.9677734375 167.96234130859375 331.0447998046875 182.85372924804688
2 0.0 0.10969161987304688 78.74597930908203 32.6765251159668