4 0.4234375 0.41171875 0.1125 0.046875
4 0.5703125 0.36953125 0.0703125 0.03515625
2 0.41015625 0.39765625 0.13828125 0.15234375
3 0.53515625 0.43359375 0.06015625 0.06171875
2 0.546875 0.3765625 0.1375 0.159375
0 0.5765625 0.53359375 0.08359375 0.1140625
11 155.8575439453125 199.933349609375 213.85650634765625 286.032958984375
5 219.1346435546875 205.80438232421875 87.6168212890625 60.13861083984375
10 183.72689819335938 291.2158203125 114.8358154296875 178.91632080078125
5 306.0521240234375 189.11880493164062 79.185302734375 41.62420654296875
10 185.78665161132812 288.73876953125 179.11322021484375 187.56561279296875
2 300.27972412109375 217.73965454101562 26.02197265625 30.556396484375
11 153.7288818359375 200.64593505859375 221.18206787109375 410.31341552734375
9 259.21240234375 269.56268310546875 44.3084716796875 32.5086669921875