1 0.56796875 0.1859375 0.17734375 0.0609375
0 0.55234375 0.64296875 0.1421875 0.11953125
2 0.56015625 0.1609375 0.20234375 0.21640625
7 0.9546875 0.43984375 0.090625 0.0984375
7 0.8828125 0.4453125 0.1109375 0.0875
7 0.41953125 0.74453125 0.2046875 0.2109375
2 292.58428955078125 37.797855377197266 138.0225830078125 83.70858383178711
13 498.4688720703125 0.0 141.5311279296875 66.89129638671875
9 323.2445068359375 138.05587768554688 86.031494140625 39.60791015625
11 227.79083251953125 32.82843017578125 380.72442626953125 600.4697265625
13 230.65972900390625 131.57901000976562 317.73114013671875 222.50912475585938
11 496.6009216308594 0.06207275390625 143.11526489257812 387.24090576171875