7 0.9234375 0.63125 0.04921875 0.0578125
7 0.79609375 0.62421875 0.0453125 0.06015625
2 0.221875 0.4734375 0.05078125 0.046875
0 0.76015625 0.56640625 0.03671875 0.04296875
2 0.2640625 0.3328125 0.04375 0.04453125
2 0.83671875 0.41484375 0.06015625 0.0484375
3 0.2546875 0.5828125 0.0328125 0.03359375
7 0.1203125 0.6171875 0.0625 0.0453125
11 61.661136627197266 286.2657470703125 155.16192626953125 402.08367919921875
2 125.79037475585938 290.35906982421875 156.11489868164062 318.98956298828125
10 61.15420913696289 311.49456787109375 138.793212890625 395.55780029296875
9 126.75666809082031 315.9346923828125 139.7379608154297 328.3455810546875
9 127.98483276367188 317.156982421875 142.558349609375 329.3521728515625