2 0.27890625 0.36640625 0.134375 0.1734375
2 0.64375 0.384375 0.07578125 0.090625
2 0.08359375 0.4296875 0.07890625 0.07890625
0 0.45 0.43359375 0.06015625 0.0546875
0 0.1234375 0.471875 0.071875 0.07890625
2 0.36796875 0.4421875 0.065625 0.06640625
7 0.0515625 0.78671875 0.0484375 0.08046875
7 0.109375 0.74375 0.0515625 0.0453125
7 0.05625 0.8890625 0.05625 0.08046875
11 0.2437744140625 237.0933837890625 111.20414733886719 289.7408447265625
2 131.59849548339844 176.24771118164062 99.01705932617188 78.34088134765625
11 40.50153350830078 170.88214111328125 220.01299285888672 469.11785888671875
2 30.152982711791992 240.98085021972656 48.590898513793945 40.90110778808594
11 285.502685546875 208.1226806640625 153.48541259765625 256.6368408203125
10 1.5252685546875 298.252685546875 88.63905334472656 127.0421142578125
9 170.8838348388672 257.12493896484375 29.82861328125 28.1834716796875
2 387.54266357421875 216.1943359375 51.9708251953125 57.64154052734375
10 83.98759460449219 260.9638671875 120.71380615234375 234.032958984375
9 387.4529113769531 266.114013671875 24.031005859375 15.531494140625
9 43.18914031982422 283.8536376953125 21.807327270507812 17.5128173828125
10 326.45526123046875 268.0633544921875 81.2154541015625 132.56976318359375