2 0.1581780551384889 0.6108518526018666 0.1350022347764936 0.10937609468490823
9 0.17080025410521663 0.7239785612667303 0.07373748184962743 0.05241702267663584
13 0.13512130845813858 0.8142313912715029 0.26212833703943 0.2077237827020891
11 0.1484375 0.75546875 0.296875 0.4015625
2 0.56328125 0.75 0.1484375 0.5
11 0.74453125 0.75 0.5109375 0.5
13 0.91953125 0.75 0.1609375 0.5
2 59.2801513671875 359.03582763671875 140.90573120117188 479.84747314453125
3 67.29266357421875 563.89453125 141.43856811523438 610.158935546875
5 509.1304626464844 499.0026550292969 568.9332275390625 580.864013671875
4 71.98008728027344 417.8114929199219 134.8443145751953 440.4493103027344