4 0.665625 0.4375 0.05078125 0.0265625
4 0.44140625 0.40625 0.0546875 0.02265625
4 0.33515625 0.37578125 0.06484375 0.03046875
3 0.4265625 0.48359375 0.0453125 0.0359375
3 0.7125 0.3953125 0.0578125 0.05234375
3 0.4359375 0.54140625 0.0453125 0.0359375
3 0.60703125 0.61484375 0.0359375 0.04296875
2 0.3265625 0.36796875 0.090625 0.11015625
2 0.428125 0.39921875 0.0921875 0.1
2 0.66796875 0.4390625 0.0640625 0.08046875
3 0.5875 0.565625 0.03359375 0.04453125
13 131.36727905273438 259.65521240234375 226.08065795898438 403.02227783203125
13 389.56268310546875 306.7586975097656 484.36639404296875 428.9484558105469
2 181.55789184570312 199.19683837890625 239.7734375 238.88079833984375
11 357.94091796875 248.85418701171875 489.2847900390625 639.84326171875
13 221.69223022460938 282.62451171875 303.1009216308594 415.6043701171875
2 248.0990447998047 226.68368530273438 304.65118408203125 266.2115783691406
11 124.57147216796875 196.915771484375 243.37814331054688 640.0
9 406.7034912109375 283.2734375 434.142822265625 307.93115234375
11 215.00592041015625 224.34190368652344 308.010986328125 639.8753662109375
2 406.97509765625 256.04998779296875 445.7410888671875 278.15521240234375
9 269.33056640625 267.3955078125 290.64947509765625 286.108642578125
9 211.08340454101562 246.82553100585938 231.86236572265625 265.09771728515625
11 158.70294189453125 213.95562744140625 310.70928955078125 640.0
9 198.48800659179688 247.29615783691406 215.31790161132812 269.84375
9 199.5353240966797 247.3629150390625 220.81153869628906 268.07476806640625