5 0.375 0.43515625 0.0625 0.0640625
3 0.24296875 0.38828125 0.04453125 0.06015625
3 0.40546875 0.6609375 0.028125 0.0453125
6 0.2484375 0.76328125 0.05234375 0.04375
6 0.2796875 0.7375 0.05390625 0.03203125
7 0.38671875 0.84453125 0.0859375 0.046875
7 0.38203125 0.903125 0.08125 0.0484375
3 0.96640625 0.80703125 0.0671875 0.065625
3 0.93671875 0.46484375 0.11484375 0.1171875
3 0.2609375 0.46015625 0.0421875 0.0546875
4 0.37734375 0.43359375 0.0546875 0.02265625
3 0.96640625 0.93828125 0.0671875 0.06796875
11 541.649169921875 258.3204345703125 98.350830078125 381.2716064453125
10 567.156494140625 325.63336181640625 72.723876953125 199.7564697265625
10 198.30760192871094 297.9359130859375 56.70916748046875 97.79827880859375
10 148.59149169921875 307.1690673828125 38.84552001953125 77.1102294921875
11 139.33944702148438 219.23008728027344 136.9197998046875 384.16603088378906
11 140.31369018554688 272.7370910644531 55.8077392578125 221.7470703125
11 183.32418823242188 220.62188720703125 93.80682373046875 357.15655517578125
5 575.5152587890625 265.18878173828125 57.546630859375 44.64208984375
5 222.00408935546875 255.8175506591797 34.21759033203125 21.565444946289062
9 228.97402954101562 277.9212646484375 24.4261474609375 24.1243896484375