2 0.42578125 0.10078125 0.0859375 0.1328125
5 0.12265625 0.13188334259857482 0.18125 0.07136698165323567
9 0.446875 0.20703125 0.04375 0.0890625
9 0.1125 0.23729300526455735 0.1234375 0.06946813836728971
10 0.1515625 0.4 0.303125 0.31875
10 0.42421875 0.3921875 0.0890625 0.334375
10 0.08125 0.06015625 0.1625 0.1203125
11 0.11484375 0.06484375 0.2296875 0.1296875
11 0.38203125 0.29609375 0.1734375 0.5265625
11 0.19140625 0.3203125 0.3828125 0.478125
8 0.521875 0.06796875 0.10625 0.1359375
11 0.6609375 0.2796875 0.384375 0.559375
10 0.5765625 0.32890625 0.215625 0.4609375
8 0.2453125 0.90078125 0.446875 0.1984375
5 0.234375 0.69609375 0.46875 0.2515625
11 0.234375 0.7796875 0.46875 0.440625
11 0.74765625 0.7796875 0.5046875 0.440625
10 0.78203125 0.7796875 0.4265625 0.440625
5 27.501190185546875 68.63581848144531 108.35159301757812 115.7071533203125
4 34.095367431640625 105.39958190917969 89.47789001464844 31.071624755859375
2 253.49520874023438 33.10566711425781 46.42449951171875 116.54530334472656
5 81.82548522949219 0.5724258422851562 54.405029296875 72.77446746826172