10 0.10703125 0.03671875 0.1234375 0.0734375
11 0.1078125 0.14609375 0.215625 0.2921875
2 0.773580213956093 0.2028861890077786 0.1215306493475449 0.10538745764913057
2 0.46870290463877406 0.08313572862817357 0.11497156667727211 0.07878859621281205
10 0.46953125 0.29453125 0.1203125 0.2390625
10 0.79140625 0.37421875 0.2140625 0.1515625
2 0.41796875 0.13359375 0.0171875 0.0359375
11 0.41953125 0.1453125 0.0203125 0.071875
11 0.8203125 0.2984375 0.321875 0.303125
11 0.4875 0.24375 0.15625 0.4125
9 0.7813012599459116 0.2779361859827166 0.07401930267345422 0.05042724687674198
9 0.4654319066279563 0.16280959308955412 0.07085794000636322 0.04728406615858276
10 0.7353251412715028 0.6518549541330891 0.09244313335454457 0.1567772408266178
10 0.8187263452419133 0.8703236738824682 0.11359197469763486 0.22877041549465282
9 0.7242972819462297 0.592411776439992 0.027053396005727138 0.04234203610435348
9 0.7992507339274578 0.7311384540348933 0.017642033338635964 0.03916249394987581
5 0.8290115066040938 0.6578691256778662 0.07458292401336308 0.09886474687674215
5 0.731292716621593 0.5283856378763104 0.044404528007635946 0.056504530054229285
11 0.7275666379296851 0.7143140475172307 0.1143748667249973 0.4303238251355732
11 0.8046875 0.8015625 0.16875 0.396875
2 267.21441650390625 32.296844482421875 333.21795654296875 122.86494445800781
2 456.281982421875 104.88642883300781 532.784912109375 202.5896453857422
2 491.9856872558594 393.52056884765625 565.6778564453125 492.07281494140625
7 29.29328155517578 150.20001220703125 57.748573303222656 186.69329833984375
4 474.55999755859375 146.25631713867188 526.7051391601562 168.64706420898438
1 273.66973876953125 70.48101806640625 328.47283935546875 94.44764709472656
7 0.0 144.71861267089844 18.26605796813965 189.3664093017578
3 269.010498046875 196.2945556640625 321.863037109375 239.7764892578125
4 273.0237731933594 71.5741958618164 327.7768859863281 93.27922821044922
2 490.94866943359375 393.47607421875 551.2207641601562 450.2012939453125