5 0.40625 0.30234375 0.0375 0.04375
5 0.4984375 0.315625 0.0375 0.04140625
5 0.565625 0.3078125 0.0359375 0.0359375
5 0.60234375 0.3296875 0.0390625 0.0375
5 0.68984375 0.3078125 0.04375 0.05234375
3 0.721875 0.4703125 0.03046875 0.03203125
5 0.6265625 0.30234375 0.03515625 0.0390625
5 0.8 0.29453125 0.04140625 0.04921875
5 0.83046875 0.3109375 0.028125 0.0296875
5 0.77421875 0.31015625 0.025 0.034375
0 0.6546875 0.46171875 0.0203125 0.03671875
7 0.39375 0.53828125 0.03359375 0.03203125
7 0.4359375 0.53671875 0.0265625 0.02890625
7 0.52265625 0.54609375 0.03203125 0.028125
7 0.496875 0.5265625 0.025 0.02890625
7 0.56328125 0.54140625 0.02734375 0.02421875
7 0.5890625 0.56875 0.0375 0.03125
7 0.64609375 0.56875 0.02734375 0.034375
7 0.66171875 0.5875 0.04921875 0.03125
7 0.69609375 0.60703125 0.04921875 0.0328125
7 0.7859375 0.584375 0.0421875 0.03125
7 0.7609375 0.53828125 0.04375 0.025
4 0.5625 0.30546875 0.03515625 0.009375
4 0.49765625 0.31484375 0.028125 0.00859375
4 0.40859375 0.3015625 0.03046875 0.009375
4 0.68515625 0.3078125 0.034375 0.01875
4 0.6015625 0.32890625 0.034375 0.01328125
4 0.628125 0.3015625 0.0234375 0.01015625
11 227.5943603515625 180.49505615234375 64.27496337890625 171.6009521484375
11 326.6285400390625 182.26812744140625 51.2403564453125 174.2335205078125
11 359.5994873046875 177.64576721191406 72.628662109375 203.23692321777344
10 338.138671875 211.45523071289062 35.35498046875 59.78143310546875
11 419.68280029296875 175.78387451171875 63.784423828125 220.344482421875
11 480.92706298828125 172.9528350830078 66.5947265625 209.80943298339844
10 304.41583251953125 212.19708251953125 32.990966796875 51.690460205078125
11 296.8958740234375 185.1212158203125 44.2235107421875 164.8626708984375
10 238.581298828125 207.0902099609375 45.71392822265625 56.17169189453125
5 424.20941162109375 177.2884979248047 30.8797607421875 17.513275146484375
9 253.86865234375 196.59246826171875 14.31146240234375 13.17034912109375
10 486.7193603515625 198.39688110351562 59.339111328125 85.09298706054688
5 486.53839111328125 174.0145263671875 37.86151123046875 22.956085205078125
11 517.8804931640625 186.91372680664062 40.005615234375 80.02178955078125
5 308.3333740234375 186.92092895507812 20.003173828125 14.37823486328125
9 313.3839416503906 204.9988555908203 11.49737548828125 9.890106201171875
10 391.6031494140625 208.88229370117188 29.414794921875 65.14349365234375
5 248.75146484375 180.4874725341797 21.74456787109375 10.170745849609375
11 468.798583984375 179.4977264404297 35.44677734375 171.66261291503906
2 392.9993896484375 178.49542236328125 16.2608642578125 18.2431640625
9 396.39373779296875 197.411376953125 10.63250732421875 9.21490478515625
10 431.0697326660156 212.36065673828125 35.152587890625 91.102783203125
2 349.2787170410156 183.5471649169922 19.29034423828125 12.681976318359375
5 524.4900512695312 188.88165283203125 13.513916015625 11.7081298828125
2 486.26043701171875 174.50320434570312 38.3466796875 22.94696044921875
9 353.10791015625 199.5423126220703 12.2059326171875 9.148773193359375
10 365.000244140625 213.89178466796875 55.0291748046875 67.53338623046875
9 434.0894775390625 201.82066345214844 14.823486328125 12.6695556640625