3 0.7515625 0.58203125 0.06875 0.0578125
2 0.875 0.45859375 0.12265625 0.1515625
2 0.128125 0.3390625 0.0734375 0.0828125
2 0.5875 0.22578125 0.07578125 0.0953125
0 0.38046875 0.60859375 0.08203125 0.0765625
2 0.3765625 0.32578125 0.115625 0.16171875
2 0.5953125 0.109375 0.0921875 0.08984375
2 0.44375 0.04765625 0.0671875 0.084375
2 0.44765625 0.28359375 0.06171875 0.0859375
3 0.775 0.55859375 0.0640625 0.0359375
0 0.52734375 0.409375 0.0546875 0.0484375
0 0.35234375 0.59921875 0.0546875 0.04921875
4 0.13828125 0.34375 0.0453125 0.02421875
4 0.57578125 0.23359375 0.04296875 0.03359375
4 0.58125 0.0984375 0.05078125 0.03046875
4 0.8546875 0.47578125 0.0765625 0.03359375
4 0.39296875 0.34140625 0.04765625 0.0640625
7 0.13984375 0.70390625 0.05234375 0.07578125
11 459.74407958984375 237.7196044921875 180.25592041015625 200.94970703125
10 377.1764831542969 160.00592041015625 65.43548583984375 108.04519653320312
2 517.91357421875 243.10256958007812 76.16015625 65.4759521484375
11 34.60108184814453 159.26702880859375 249.93596649169922 480.73297119140625
2 352.3283386230469 111.79521179199219 50.72210693359375 34.651031494140625
11 334.5159912109375 108.75619506835938 118.465576171875 272.6083984375
2 54.54332733154297 187.71337890625 49.85365295410156 36.88360595703125
2 201.70541381835938 161.3996124267578 80.70611572265625 72.19000244140625
11 271.699951171875 156.65414428710938 63.8966064453125 116.2520751953125
10 56.72776794433594 237.29745483398438 56.29986572265625 113.4945068359375
9 540.478271484375 311.7928466796875 30.139892578125 25.192626953125
10 284.22552490234375 194.54183959960938 35.916259765625 67.820556640625
10 70.876953125 221.77330017089844 154.77001953125 149.03883361816406
9 83.75184631347656 223.56643676757812 19.29791259765625 16.40380859375
11 35.78798294067383 184.11573791503906 101.94948959350586 293.30650329589844
9 220.6480255126953 218.0352783203125 28.6351318359375 34.9151611328125
9 368.5093994140625 155.20565795898438 17.380615234375 25.8468017578125
9 280.9626770019531 193.90994262695312 12.34368896484375 14.8974609375
10 528.8748779296875 327.47027587890625 110.867431640625 122.6375732421875
2 267.451416015625 158.6392822265625 34.6834716796875 30.62786865234375