2 0.853125 0.4859375 0.03828125 0.0484375
2 0.91875 0.49609375 0.0359375 0.04921875
2 0.1109375 0.54453125 0.05078125 0.04140625
2 0.24921875 0.50625 0.04921875 0.04296875
2 0.17890625 0.51171875 0.0546875 0.03984375
2 0.4140625 0.50859375 0.02265625 0.025
2 0.346875 0.50703125 0.01875 0.021875
2 0.30390625 0.525 0.01484375 0.01484375
2 0.3765625 0.50625 0.01484375 0.0171875
2 0.334375 0.50546875 0.01796875 0.01640625
0 0.8890625 0.5859375 0.0265625 0.01953125
0 0.86484375 0.5765625 0.02421875 0.02109375
7 0.87421875 0.684375 0.03515625 0.0625
7 0.9140625 0.69453125 0.03359375 0.06171875
7 0.4265625 0.61484375 0.01640625 0.03203125
3 0.21953125 0.57109375 0.03046875 0.025
7 0.84296875 0.6859375 0.0265625 0.05234375
7 0.953125 0.69921875 0.02578125 0.05234375
4 0.909375 0.49921875 0.01640625 0.01015625
4 0.8484375 0.49296875 0.0234375 0.009375
7 0.30703125 0.71796875 0.04296875 0.03984375
7 0.2609375 0.71328125 0.03046875 0.02265625
7 0.2203125 0.7078125 0.0328125 0.0234375
7 0.40859375 0.61484375 0.01953125 0.028125
10 528.250732421875 327.4801940917969 37.695556640625 51.80157470703125
11 62.37544250488281 328.6947021484375 62.676239013671875 152.77880859375
2 57.22413635253906 331.08465576171875 26.012664794921875 20.34051513671875
2 571.98583984375 300.591796875 28.0233154296875 18.2259521484375
11 523.8367919921875 296.3350830078125 50.013427734375 122.71820068359375
10 573.902587890625 329.557373046875 41.7376708984375 57.43133544921875
2 534.43359375 298.25848388671875 20.447998046875 15.8814697265625
10 79.15977478027344 356.498291015625 33.078948974609375 35.2508544921875
2 147.1969757080078 307.4482116699219 24.052764892578125 24.6070556640625
10 144.39950561523438 330.0040588378906 39.108734130859375 43.322998046875
10 254.68600463867188 328.5267333984375 21.7628173828125 36.351806640625
10 255.637939453125 330.90155029296875 19.450927734375 26.832763671875
2 260.0019226074219 313.93212890625 11.9090576171875 12.67913818359375
11 236.81622314453125 317.5118408203125 11.9210205078125 39.06866455078125
11 126.18641662597656 307.3472900390625 70.282470703125 150.5235595703125
9 537.5389404296875 317.110595703125 13.71630859375 12.98040771484375
11 530.6201782226562 296.9631652832031 88.8150634765625 160.64080810546875
9 65.34928894042969 352.4591979980469 10.012542724609375 11.6273193359375
10 160.04933166503906 330.09552001953125 23.743621826171875 42.6109619140625
11 237.83676147460938 315.82647705078125 8.23980712890625 43.8714599609375
11 140.36215209960938 308.607177734375 48.272705078125 69.1932373046875