2 0.4046875 0.378125 0.12265625 0.15234375
0 0.46484375 0.55859375 0.0671875 0.05625
4 0.4125 0.40390625 0.084375 0.0203125
2 0.1203125 0.35078125 0.071875 0.084375
2 0.0578125 0.34921875 0.05078125 0.0734375
1 0.11484375 0.36328125 0.04453125 0.0265625
2 219.26255798339844 193.84365844726562 76.10475158691406 61.17047119140625
11 0.3592071533203125 200.31625366210938 72.71617126464844 268.88372802734375
2 18.144256591796875 201.58914184570312 31.77332305908203 26.7418212890625
10 4.147636413574219 249.57720947265625 51.827796936035156 89.38250732421875
11 68.5382080078125 191.207763671875 232.50201416015625 448.792236328125
11 49.620296478271484 189.61181640625 87.63650894165039 450.38818359375
10 76.77790832519531 243.732421875 55.0946044921875 103.9039306640625
10 121.39614868164062 252.072021484375 147.53982543945312 170.773681640625
2 51.48452377319336 199.40762329101562 41.273807525634766 31.238189697265625
9 24.238367080688477 235.97608947753906 20.00654411315918 14.205810546875
9 246.48802185058594 265.281494140625 31.011489868164062 22.78131103515625
9 68.89129638671875 236.87301635742188 14.835113525390625 19.525604248046875
9 239.22909545898438 262.054931640625 37.778564453125 24.7967529296875
2 51.365028381347656 179.718994140625 45.256591796875 52.224609375