5 0.21171875 0.47421875 0.06640625 0.06796875
5 0.27578125 0.5078125 0.07265625 0.0953125
5 0.41953125 0.53046875 0.0828125 0.09140625
5 0.5734375 0.4765625 0.05078125 0.07265625
5 0.5234375 0.47109375 0.0515625 0.05390625
5 0.9140625 0.56328125 0.090625 0.0859375
5 0.4078125 0.465625 0.0453125 0.05078125
3 0.5234375 0.61015625 0.046875 0.04453125
5 0.703125 0.5125 0.0734375 0.0671875
5 0.73046875 0.57265625 0.1015625 0.08984375
4 0.5703125 0.4765625 0.046875 0.01875
4 0.41015625 0.4671875 0.03515625 0.01328125
4 0.51953125 0.47734375 0.03203125 0.01484375
3 0.87734375 0.67421875 0.0484375 0.046875
11 65.85713958740234 279.01971435546875 144.34699249267578 206.595458984375
5 150.73443603515625 290.41217041015625 50.55230712890625 44.72723388671875
11 380.503173828125 319.87066650390625 259.0574951171875 206.8819580078125
10 87.14586639404297 341.24163818359375 98.51837921142578 104.618896484375
5 239.0841827392578 310.17437744140625 56.93113708496094 34.072998046875
5 558.1302490234375 328.087646484375 53.166748046875 34.2337646484375
5 321.704833984375 284.92205810546875 25.9698486328125 18.275146484375
5 247.65423583984375 277.95257568359375 25.26104736328125 15.6341552734375
5 348.69989013671875 279.1332092285156 33.26348876953125 21.0181884765625
11 159.34515380859375 307.4146728515625 177.95352172851562 331.714111328125
5 433.265869140625 303.84832763671875 32.4429931640625 24.620361328125
11 294.2238464355469 282.916259765625 63.02569580078125 122.8984375
11 540.5389404296875 322.760009765625 99.4610595703125 198.67498779296875
10 354.757080078125 320.7822570800781 54.426025390625 112.1177978515625
9 355.7982177734375 311.740234375 17.035888671875 14.3043212890625
9 432.8321533203125 336.2144775390625 17.42181396484375 17.55621337890625
11 223.00527954101562 276.465576171875 72.8458251953125 75.42742919921875
11 323.958984375 274.7220458984375 120.1212158203125 188.54644775390625
9 137.41384887695312 306.79656982421875 17.72265625 23.875
9 565.3355102539062 368.7537841796875 23.8751220703125 22.43341064453125
11 0.10546875 266.05718994140625 69.37518310546875 373.94281005859375
10 176.17843627929688 370.24169921875 122.004638671875 112.0311279296875
9 177.64878845214844 340.7169494628906 16.410675048828125 18.33099365234375
9 327.2315673828125 308.6444396972656 12.5411376953125 11.24444580078125
11 427.1561279296875 302.0134582519531 40.953369140625 63.5533447265625
11 538.82666015625 322.3287353515625 101.17333984375 317.67041015625
9 571.6793212890625 370.259765625 21.1090087890625 21.98779296875
10 314.7857971191406 314.44342041015625 37.99432373046875 43.38287353515625
11 0.154815673828125 278.24853515625 240.9857177734375 361.75146484375
10 552.9676513671875 375.8546447753906 87.0323486328125 101.90716552734375
11 325.3006591796875 274.15289306640625 122.066162109375 361.918212890625