2 0.4046875 0.30078125 0.071875 0.08671875
2 0.328125 0.39296875 0.075 0.09453125
2 0.6328125 0.30546875 0.06015625 0.06953125
3 0.3453125 0.484375 0.02890625 0.028125
7 0.52421875 0.659375 0.0640625 0.08515625
3 0.575 0.425 0.03046875 0.03359375
3 0.6890625 0.428125 0.03671875 0.028125
2 0.0984375 0.2875 0.046875 0.053125
2 0.7140625 0.26640625 0.0328125 0.04140625
2 0.78984375 0.2578125 0.03203125 0.0375
2 0.91015625 0.32734375 0.02890625 0.0296875
2 0.4890625 0.2875 0.0296875 0.03203125
7 0.37578125 0.659375 0.0484375 0.08046875
7 0.41875 0.6453125 0.0625 0.08515625
7 0.79765625 0.4484375 0.04296875 0.04921875
7 0.865625 0.4046875 0.034375 0.04296875
4 0.40390625 0.31484375 0.04296875 0.0296875
7 0.584375 0.6546875 0.06015625 0.08984375
7 0.77421875 0.44765625 0.025 0.05625
3 0.42734375 0.4328125 0.02109375 0.025
3 0.41015625 0.49296875 0.02265625 0.03359375
2 235.03041076660156 163.4234619140625 283.7779541015625 208.11456298828125
11 484.6885986328125 150.98983764648438 522.789794921875 301.0572204589844
11 238.93263244628906 159.247314453125 360.1878662109375 445.72027587890625
2 388.8126220703125 171.19461059570312 421.267333984375 205.97134399414062
11 176.2274169921875 214.19520568847656 267.9673767089844 448.583740234375
2 304.6393737792969 175.45977783203125 321.8699645996094 189.97494506835938
13 490.030029296875 179.0662078857422 516.736572265625 232.7555389404297
5 185.53414916992188 218.03317260742188 226.12301635742188 268.7292785644531
10 263.5301208496094 205.72344970703125 337.6634826660156 304.5436096191406
2 185.42550659179688 218.36248779296875 225.89364624023438 268.92498779296875
11 385.869873046875 172.7292022705078 436.5927734375 339.98504638671875
9 255.03244018554688 204.47105407714844 269.3970642089844 221.22398376464844
10 269.12213134765625 205.67625427246094 338.62237548828125 339.687744140625
11 299.27972412109375 170.87631225585938 345.38873291015625 291.8970031738281
10 187.80517578125 256.62274169921875 243.28323364257812 310.66558837890625
11 561.9532470703125 198.750732421875 586.4783935546875 243.52886962890625
2 448.4805908203125 158.22476196289062 464.24566650390625 173.50692749023438
10 489.75518798828125 178.832763671875 517.3740234375 233.13909912109375
11 573.47265625 199.02218627929688 589.69091796875 243.29373168945312