2 0.51328125 0.3390625 0.1421875 0.203125
2 0.2875 0.334375 0.1875 0.23046875
4 0.50390625 0.35859375 0.109375 0.02421875
3 0.51328125 0.56796875 0.1015625 0.0828125
3 0.5828125 0.58984375 0.11015625 0.07890625
3 0.41328125 0.8078125 0.0609375 0.06328125
4 0.33359375 0.36640625 0.08984375 0.046875
2 122.90020751953125 138.6621856689453 246.37091064453125 223.9571990966797
2 280.1814270019531 149.37078857421875 378.1391906738281 226.73785400390625
11 201.94760131835938 147.9193115234375 437.0664978027344 640.0
11 66.39181518554688 135.30572509765625 256.4208068847656 640.0
10 83.0843505859375 276.1767578125 218.33236694335938 575.802001953125
10 244.50469970703125 269.63726806640625 389.8544921875 398.3466796875
9 290.03466796875 239.03759765625 337.2281494140625 270.79473876953125