7 0.1203125 0.89296875 0.06953125 0.0890625
7 0.2125 0.9015625 0.07890625 0.0796875
7 0.325 0.90078125 0.05703125 0.08359375
7 0.62734375 0.80625 0.040625 0.0796875
7 0.521875 0.903125 0.06640625 0.16015625
7 0.77109375 0.82734375 0.0453125 0.090625
3 0.51328125 0.50859375 0.0546875 0.1078125
3 0.26953125 0.46796875 0.05546875 0.0671875
3 0.18046875 0.578125 0.0453125 0.08203125
3 0.73046875 0.56328125 0.03671875 0.05546875
3 0.66484375 0.54765625 0.03515625 0.04609375
3 0.840625 0.60390625 0.0265625 0.06328125
1 0.7765625 0.3578125 0.03046875 0.0296875
1 0.64453125 0.3890625 0.02734375 0.03125
1 0.278125 0.23359375 0.04140625 0.02734375
1 0.20078125 0.31015625 0.040625 0.03515625
2 0.20859375 0.28125 0.0625 0.0765625
2 0.290625 0.19921875 0.06640625 0.0609375
2 0.4234375 0.12890625 0.07890625 0.0765625
2 0.503125 0.06171875 0.07890625 0.10078125
2 0.65 0.365625 0.0421875 0.0515625
2 0.778125 0.32890625 0.0453125 0.0484375
2 0.8984375 0.496875 0.0203125 0.02265625
2 0.9734375 0.4953125 0.021875 0.0203125
1 0.48828125 0.10078125 0.0515625 0.040625
13 477.95538330078125 259.8704833984375 47.968017578125 103.818115234375
2 249.17977905273438 52.74913024902344 49.41339111328125 53.47503662109375
2 161.09646606445312 105.17091369628906 45.73193359375 50.851318359375
13 297.0361022949219 120.00808715820312 78.41412353515625 231.4964599609375
13 395.900146484375 268.53765869140625 45.54278564453125 109.72998046875
2 401.33544921875 218.18600463867188 25.205810546875 27.74176025390625
13 436.52886962890625 329.3973083496094 27.1446533203125 64.42950439453125
11 605.7320556640625 309.11676025390625 33.575927734375 158.8292236328125
13 609.8741455078125 333.27203369140625 24.59228515625 53.7271728515625
11 387.91363525390625 216.54779052734375 61.4251708984375 322.0833740234375
11 556.0975341796875 309.57452392578125 40.763427734375 164.0848388671875
11 462.92279052734375 195.5202178955078 71.1416015625 346.63230895996094
11 54.9515380859375 151.65386962890625 179.73355102539062 448.28546142578125
2 616.1820068359375 310.13262939453125 11.714599609375 12.4320068359375
2 566.34521484375 310.76422119140625 14.78515625 14.9661865234375
9 170.1822509765625 164.54397583007812 16.97760009765625 24.2554931640625
2 291.3773193359375 2.103057861328125 51.283203125 66.30155944824219
11 218.10372924804688 40.7266845703125 183.74072265625 599.2733154296875
2 483.11688232421875 196.62228393554688 26.9578857421875 34.5072021484375
13 241.00729370117188 143.76419067382812 69.4293212890625 223.34609985351562
11 433.61376953125 288.28717041015625 34.1793212890625 201.5421142578125
2 113.33937072753906 154.729736328125 38.760009765625 44.58868408203125
13 563.2933349609375 338.0914001464844 25.98681640625 53.4456787109375
2 439.90936279296875 289.2477111816406 14.785888671875 26.130615234375
9 119.32173156738281 210.929931640625 14.15057373046875 20.2476806640625
13 160.11911010742188 189.8297119140625 71.99349975585938 167.42999267578125
11 153.14141845703125 102.59033203125 83.3505859375 515.0411376953125
8 570.2689208984375 327.9837646484375 9.599609375 11.058349609375
13 114.1172866821289 226.94139099121094 47.92192840576172 110.49525451660156
9 618.7685546875 326.6361999511719 6.811767578125 7.5887451171875
10 563.653076171875 338.39825439453125 25.4637451171875 53.6163330078125
11 271.00860595703125 2.8758544921875 121.0445556640625 627.0755615234375