2 0.26328125 0.3377297206331417 0.2140625 0.13562037919390768
2 0.090625 0.046875 0.18125 0.09375
2 0.07734375 0.1359375 0.1546875 0.178125
9 0.0625 0.2765625 0.125 0.128125
9 0.2734375 0.4697018832991242 0.10625 0.0693681444174139
11 0.090625 0.278125 0.18125 0.48125
11 0.18671875 0.3859375 0.3609375 0.265625
13 0.73671875 0.259375 0.2140625 0.51875
11 0.74609375 0.259375 0.2328125 0.51875
11 0.303125 0.5788859857584523 0.04375 0.09244203005422928
13 0.86953125 0.6411188619272978 0.0421875 0.04555793969514958
11 0.86953125 0.6356501119272978 0.071875 0.06604315651766246
2 103.61275482177734 179.7979736328125 226.48348999023438 318.57012939453125
2 0.0 43.494056701660156 93.90240478515625 212.8902587890625
4 130.2745361328125 249.55213928222656 223.858154296875 279.9593505859375
1 0.5730972290039062 107.36530303955078 86.62860107421875 155.0667724609375
4 0.0 107.72187805175781 86.96388244628906 161.41322326660156