2 0.14375 0.4328125 0.08125 0.1140625
2 0.24140625 0.3953125 0.0734375 0.09765625
2 0.33046875 0.4296875 0.0640625 0.08046875
5 0.40390625 0.4140625 0.053125 0.0578125
5 0.6296875 0.38125 0.05234375 0.06015625
5 0.7671875 0.384375 0.04609375 0.05625
1 0.7609375 0.38359375 0.04375 0.01953125
7 0.68515625 0.76484375 0.0671875 0.0578125
5 0.59765625 0.4015625 0.05078125 0.06171875
5 0.7125 0.42265625 0.0484375 0.0671875
3 0.07578125 0.5703125 0.04765625 0.04765625
3 0.6203125 0.51875 0.04921875 0.028125
3 0.53984375 0.49921875 0.0359375 0.03046875
3 0.76015625 0.56953125 0.025 0.0265625
3 0.81875 0.5359375 0.0328125 0.03203125
3 0.33125 0.45390625 0.03125 0.03515625
5 0.22109375 0.44296875 0.0359375 0.040625
5 0.19765625 0.44765625 0.02578125 0.04140625
2 0.09375 0.44453125 0.0390625 0.03828125
4 0.625 0.38984375 0.04453125 0.021875
4 0.59140625 0.40703125 0.04296875 0.0234375
4 0.4078125 0.41015625 0.0359375 0.01796875
4 0.23203125 0.4078125 0.05546875 0.028125
4 0.13984375 0.44140625 0.0671875 0.02734375
7 0.7453125 0.7140625 0.0375 0.04921875
7 0.78671875 0.6828125 0.04453125 0.03984375
7 0.4421875 0.7015625 0.05546875 0.03671875
7 0.578125 0.715625 0.04921875 0.0375
7 0.6078125 0.73515625 0.05078125 0.0390625
7 0.64140625 0.7484375 0.04453125 0.04453125
7 0.38125 0.78359375 0.040625 0.05703125
7 0.35703125 0.78046875 0.0515625 0.0453125
7 0.4171875 0.73203125 0.046875 0.03828125
7 0.68359375 0.9015625 0.053125 0.05234375
7 0.378125 0.87890625 0.0375 0.04140625
7 0.4140625 0.93203125 0.046875 0.03984375
7 0.4390625 0.9609375 0.06328125 0.0375
7 0.74375 0.95078125 0.05 0.03515625
7 0.6390625 0.91328125 0.04375 0.03046875
7 0.6078125 0.925 0.03203125 0.03203125
7 0.5796875 0.94765625 0.04453125 0.02421875
7 0.78515625 0.98203125 0.0390625 0.0359375
3 0.4828125 0.50546875 0.025 0.028125
2 128.6797637939453 220.4388427734375 50.24322509765625 36.874359130859375
11 0.5416030883789062 233.94921875 125.42561340332031 406.05078125
2 49.24034118652344 236.8607177734375 71.40779113769531 49.65338134765625
10 478.40472412109375 264.2161865234375 44.081298828125 78.2784423828125
11 463.52020263671875 221.2581024169922 75.7056884765625 226.56251525878906
11 234.86245727539062 239.42730712890625 94.6695556640625 225.21917724609375
11 348.5673828125 214.80140686035156 118.74822998046875 289.48973083496094
11 124.03795623779297 220.96990966796875 156.10840606689453 418.44171142578125
2 189.05723571777344 253.28598022460938 40.16546630859375 30.43994140625
10 357.5439453125 268.71905517578125 88.6566162109375 108.1016845703125
13 202.805419921875 280.20343017578125 58.65472412109375 141.0667724609375
5 383.2391662597656 221.97634887695312 39.36474609375 29.547119140625
9 74.84915161132812 289.25244140625 28.54071044921875 19.5128173828125
10 144.08975219726562 281.4936218261719 63.161956787109375 117.55511474609375
10 29.29327392578125 306.3388671875 92.16596984863281 126.2738037109375
5 236.25103759765625 243.8641357421875 32.6988525390625 15.93841552734375
11 197.15579223632812 248.51519775390625 80.417724609375 269.262451171875
9 135.41769409179688 270.54815673828125 20.54229736328125 21.10595703125
13 251.21591186523438 283.9329833984375 34.65435791015625 87.9124755859375
13 452.96197509765625 284.74566650390625 51.00616455078125 89.9677734375
2 475.73699951171875 224.6417694091797 29.82525634765625 21.9462890625
9 390.410400390625 254.57510375976562 21.162109375 19.009521484375
11 340.3951416015625 217.082275390625 78.86138916015625 263.14996337890625
11 445.91107177734375 226.89859008789062 62.134033203125 244.60089111328125
9 247.99087524414062 267.617919921875 18.0301513671875 13.832763671875
11 79.57792663574219 280.4019775390625 97.15890502929688 358.4779052734375
11 122.3780517578125 219.943115234375 96.26715087890625 420.056884765625