3 0.6078125 0.784375 0.1453125 0.09765625
2 0.44140625 0.3875 0.17734375 0.22890625
4 0.54453125 0.4671875 0.10234375 0.05234375
2 0.546875 0.4390625 0.1203125 0.203125
3 0.60859375 0.88125 0.1484375 0.10703125
3 0.69609375 0.6421875 0.1015625 0.09765625
1 0.44375 0.39765625 0.1359375 0.0828125
2 221.89410400390625 169.2855224609375 347.29888916015625 268.2659912109375
9 259.4413146972656 271.3417053222656 307.1462707519531 317.9779968261719
10 144.53228759765625 296.7730712890625 336.9056091308594 533.2991943359375
11 117.34330749511719 167.20489501953125 464.97442626953125 640.0
10 297.0771179199219 331.93536376953125 448.3114318847656 541.1942749023438
9 319.9554443359375 305.2484130859375 378.9957275390625 346.6796875
11 287.13629150390625 212.00294494628906 490.27557373046875 634.2415771484375
2 305.91094970703125 216.7693328857422 386.6734619140625 297.01837158203125