2 0.1328125 0.60390625 0.02890625 0.0328125
2 0.1625 0.60625 0.02734375 0.03359375
3 0.22578125 0.584375 0.015625 0.02265625
3 0.1078125 0.69140625 0.0171875 0.01484375
3 0.15546875 0.68984375 0.01953125 0.02578125
7 0.10390625 0.76328125 0.02265625 0.03125
7 0.13359375 0.765625 0.0265625 0.028125
7 0.16015625 0.76328125 0.02265625 0.02734375
7 0.184375 0.76171875 0.0296875 0.02734375
7 0.18359375 0.86796875 0.02578125 0.028125
7 0.10703125 0.8625 0.01953125 0.0265625
7 0.13359375 0.86484375 0.03359375 0.02734375
7 0.15859375 0.86953125 0.02421875 0.03125
11 90.62312316894531 375.0723876953125 34.1802978515625 121.0579833984375
11 61.39369201660156 373.77099609375 40.037109375 124.5506591796875
10 97.24992370605469 396.872802734375 22.81878662109375 45.79254150390625
10 69.90892028808594 396.66204833984375 26.46588134765625 67.26483154296875
2 75.40861511230469 374.3861083984375 17.554290771484375 11.243896484375
10 69.53509521484375 397.25897216796875 25.7730712890625 39.77142333984375
9 102.5364990234375 391.71075439453125 8.682586669921875 6.675048828125
2 95.98187255859375 376.6210021972656 16.066070556640625 11.87847900390625