1 0.58125 0.36875 0.1359375 0.175
1 0.41171875 0.15 0.1265625 0.13515625
3 0.6109375 0.6359375 0.09140625 0.2359375
3 0.67421875 0.903125 0.14453125 0.19296875
2 0.58203125 0.22109375 0.17734375 0.29296875
2 314.5162048339844 48.98723602294922 435.0334167480469 245.69659423828125
11 9.067535400390625 1.23406982421875 449.5228271484375 640.0
2 126.82217407226562 0.0 322.3267822265625 88.77450561523438
13 2.8746337890625 148.9893798828125 279.2008056640625 640.0
9 357.2428283691406 246.94911193847656 415.7167053222656 348.9815673828125
2 246.56655883789062 65.96861267089844 301.8040466308594 181.63595581054688
11 17.3330078125 37.28314208984375 614.6630859375 634.635498046875