2 0.346875 0.3609375 0.06484375 0.07890625
4 0.34453125 0.3625 0.05234375 0.02265625
7 0.30390625 0.7625 0.04765625 0.11640625
7 0.371875 0.7609375 0.05859375 0.11640625
2 0.3984375 0.6078125 0.0375 0.05078125
2 0.27578125 0.6109375 0.040625 0.04921875
7 0.37265625 0.90390625 0.0515625 0.121875
7 0.29921875 0.9015625 0.06796875 0.12421875
13 177.70071411132812 258.40838623046875 259.3981628417969 385.76922607421875
8 204.94537353515625 233.85797119140625 234.79190063476562 257.6125183105469
11 166.4940185546875 204.61383056640625 278.83941650390625 640.0
2 201.26199340820312 206.8978271484375 241.30328369140625 225.76226806640625