5 0.434375 0.44375 0.1015625 0.11875
2 0.6328125 0.41953125 0.08359375 0.128125
2 0.19375 0.321875 0.18515625 0.22421875
3 0.60546875 0.5984375 0.06640625 0.0453125
3 0.65703125 0.578125 0.05234375 0.034375
4 0.44765625 0.45234375 0.07734375 0.034375
4 0.628125 0.43828125 0.071875 0.03203125
1 0.23515625 0.35 0.1015625 0.0453125
2 0.2703125 0.38671875 0.08046875 0.13203125
2 70.9488525390625 132.45135498046875 195.79705810546875 235.6156005859375
2 377.46759033203125 228.1070556640625 435.38494873046875 279.8489990234375
10 0.0259552001953125 260.2110595703125 180.4905242919922 528.208251953125
10 201.77029418945312 306.740966796875 304.8423767089844 458.8328857421875
5 247.127685546875 241.86622619628906 313.0672607421875 280.9820556640625
11 0.0 129.57421875 207.32505798339844 640.0
11 193.72756958007812 237.995361328125 387.9779357910156 477.88140869140625
9 389.9427185058594 288.5755920410156 417.1174621582031 306.5061950683594
9 127.84424591064453 240.9049072265625 171.36138916015625 283.86383056640625
9 270.02484130859375 296.03631591796875 298.5594482421875 322.10504150390625
11 335.06884765625 226.8419189453125 446.2103271484375 388.20556640625
10 354.997802734375 305.3252868652344 436.6917724609375 396.7170715332031