4 0.30703125 0.31015625 0.06015625 0.0265625
4 0.6640625 0.2875 0.07265625 0.025
4 0.4375 0.340625 0.05234375 0.02421875
4 0.7765625 0.33125 0.06171875 0.0265625
1 0.9578125 0.31953125 0.07734375 0.0375
3 0.21875 0.60078125 0.04140625 0.06171875
3 0.41015625 0.590625 0.0375 0.053125
3 0.5046875 0.50234375 0.03046875 0.0453125
3 0.575 0.62265625 0.04765625 0.08515625
3 0.84375 0.63203125 0.04140625 0.07578125
2 0.0546875 0.23125 0.103125 0.14921875
2 0.309375 0.3 0.09765625 0.13203125
2 0.665625 0.28125 0.1015625 0.1484375
2 0.9546875 0.30546875 0.08984375 0.15078125
2 0.77421875 0.3296875 0.08984375 0.109375
2 0.4375 0.30078125 0.0765625 0.053125
2 0.24921875 0.31796875 0.0625 0.10390625
2 0.3546875 0.32421875 0.05234375 0.06640625
3 0.57890625 0.3609375 0.05078125 0.04453125
3 0.76171875 0.57890625 0.04921875 0.04765625
7 0.22265625 0.76953125 0.07265625 0.07421875
7 0.41484375 0.7421875 0.06484375 0.059375
7 0.4734375 0.7046875 0.03828125 0.05703125
10 374.32080078125 221.93539428710938 486.11865234375 358.8254699707031
2 579.96044921875 148.66458129882812 640.0 194.7205810546875
10 554.8427734375 235.30572509765625 640.0 352.66680908203125
2 469.48553466796875 177.72576904296875 520.2725219726562 214.645263671875
11 534.1008911132812 145.63031005859375 639.9588012695312 640.0
2 391.476806640625 131.6702880859375 455.11968994140625 179.5172119140625
11 344.42333984375 130.17437744140625 505.2607421875 640.0
2 142.7100830078125 168.5287628173828 176.71099853515625 217.4050750732422
11 240.72073364257812 171.41403198242188 330.3121032714844 483.3102722167969
2 0.0 98.74952697753906 65.03257751464844 150.20086669921875
10 146.79434204101562 233.6903533935547 244.16622924804688 351.53387451171875
2 168.0213623046875 148.95260620117188 224.12799072265625 195.30148315429688
10 249.61166381835938 224.94821166992188 314.4564514160156 362.3651428222656
9 594.7276000976562 209.44589233398438 636.6340942382812 233.46469116210938
10 493.5921325683594 245.26974487304688 543.1983642578125 346.4540100097656
11 110.70297241210938 150.37066650390625 261.7433776855469 541.7908935546875
2 258.65814208984375 172.96377563476562 299.08258056640625 212.80764770507812
11 468.923095703125 174.3699951171875 550.508544921875 497.96368408203125
9 179.59707641601562 206.47666931152344 212.07168579101562 231.4585418701172
9 402.7249450683594 195.9554443359375 444.1841125488281 222.99862670898438
9 486.1978759765625 223.02197265625 509.974365234375 241.6640625
11 0.0 95.28204345703125 76.06228637695312 640.0
2 448.0019836425781 173.1053466796875 479.0771179199219 202.9056396484375
2 215.03469848632812 188.38824462890625 240.69448852539062 210.41915893554688
13 0.0 186.55364990234375 37.81101608276367 338.12432861328125
10 0.2278594970703125 187.01507568359375 49.967010498046875 338.53533935546875
9 223.59544372558594 215.7989501953125 236.81410217285156 230.72283935546875
9 10.616069793701172 159.12118530273438 38.68271255493164 191.46743774414062
11 214.26370239257812 188.28253173828125 242.32095336914062 236.48260498046875
9 269.30010986328125 220.71249389648438 290.79486083984375 235.14376831054688