2 0.4390625 0.35546875 0.0921875 0.1125
3 0.45546875 0.52109375 0.0640625 0.053125
3 0.5046875 0.57578125 0.0546875 0.05625
7 0.38046875 0.67890625 0.084375 0.07890625
2 0.45078125 0.4515625 0.04453125 0.05078125
4 0.43359375 0.37421875 0.04375 0.0453125
10 128.84259033203125 235.69052124023438 268.6377868652344 330.1095886230469
2 255.94825744628906 184.9131317138672 313.7684326171875 249.97206115722656
11 119.93020629882812 181.16424560546875 344.27490234375 639.8096313476562
9 255.05845642089844 239.52493286132812 279.6832275390625 260.9436950683594
11 121.40298461914062 182.15216064453125 341.01080322265625 461.17095947265625
10 288.3243103027344 298.44720458984375 320.4646301269531 334.75482177734375
11 275.05987548828125 271.25872802734375 331.31280517578125 336.39215087890625