11 0.44609375 0.16953125 0.1859375 0.3390625
9 0.4239142229708328 0.03671875 0.02981476502711473 0.021875
5 0.4265625 0.00625 0.04375 0.0125
9 0.7581750726014904 0.04375 0.08325792759490121 0.0765625
10 0.6328125 0.0625 0.1875 0.125
11 0.76640625 0.2296875 0.4546875 0.459375
13 0.4086694554096354 0.81171875 0.034765885440423715 0.0671875
2 0.39652852459328025 0.75 0.02208407825883114 0.0359375
11 0.4310984464326449 0.85078125 0.09837490924813679 0.2578125
3 540.0357666015625 112.1622085571289 613.6585693359375 167.07070922851562
2 255.72232055664062 0.018184661865234375 289.3443298339844 31.461328506469727