6 0.49375 0.840625 0.0421875 0.11015625
6 0.434375 0.828125 0.0421875 0.0765625
6 0.32890625 0.84765625 0.0515625 0.1015625
6 0.27265625 0.84609375 0.05625 0.0953125
6 0.54140625 0.834375 0.03671875 0.0984375
6 0.58359375 0.83203125 0.05625 0.09140625
5 0.4671875 0.34609375 0.05546875 0.11328125
5 0.27109375 0.275 0.09453125 0.1265625
3 0.2234375 0.59140625 0.034375 0.08828125
3 0.3359375 0.5890625 0.025 0.06875
3 0.41640625 0.3171875 0.03125 0.06640625
3 0.60234375 0.59921875 0.021875 0.06015625
3 0.51328125 0.5984375 0.02265625 0.0703125
3 0.50546875 0.27578125 0.03125 0.0546875
9 290.5413818359375 228.14651489257812 312.8115234375 248.97415161132812
10 142.03924560546875 214.51246643066406 207.43783569335938 330.8731689453125
11 123.26715087890625 130.56121826171875 225.53897094726562 573.880859375
10 274.4933166503906 248.94985961914062 328.3992004394531 367.3938903808594
9 161.89390563964844 182.38015747070312 192.29554748535156 205.909912109375
5 282.8746337890625 186.1403350830078 312.7227783203125 212.12998962402344
5 151.24551391601562 135.07176208496094 193.78335571289062 159.3012237548828
11 245.6456298828125 176.25633239746094 339.5662841796875 550.425048828125
9 164.75514221191406 218.9346466064453 181.81239318847656 246.89710998535156