13 0.1734375 0.1984375 0.234375 0.396875
13 0.34140625 0.18984375 0.2171875 0.3796875
11 0.33671875 0.284375 0.2265625 0.56875
11 0.15390625 0.284375 0.3078125 0.56875
11 0.0453125 0.284375 0.090625 0.56875
13 0.5859375 0.284375 0.271875 0.56875
11 0.65703125 0.284375 0.4140625 0.56875
11 0.678125 0.80703125 0.328125 0.3859375
3 476.45782470703125 558.99609375 528.3154296875 628.080810546875
3 58.24345779418945 183.82989501953125 121.62834167480469 248.5865478515625
0 204.22964477539062 186.44598388671875 246.69900512695312 244.426025390625