2 0.2782047297083281 0.2567281880967228 0.09255111436318479 0.06357269867918128
2 0.38980075986075313 0.27912190344522214 0.13822722872636958 0.12659995735199914
9 0.30841894965409883 0.30083272410085904 0.04092498184962743 0.0520352146721816
9 0.2614303201656035 0.3198185340944956 0.05177157825883114 0.036537484006999674
10 0.33101559143923415 0.44563669410404066 0.16817834913967822 0.17225790268936247
10 0.32265625 0.52578125 0.1859375 0.1078125
11 0.153125 0.53203125 0.29375 0.0953125
11 0.2140625 0.52578125 0.428125 0.1078125
11 0.23792009729296656 0.33204581409131395 0.4376192164297292 0.2941350920591791
11 0.17542009729296665 0.33131856074949617 0.2951771863754999 0.2487305907065437
5 0.5832614310127469 0.720934496737724 0.11319086729005097 0.12005905601527207
9 0.5594921329063408 0.7776930267345423 0.06766019867214013 0.08203179734245421
13 0.53359375 0.87421875 0.1078125 0.2515625
11 0.5046875 0.59296875 0.05 0.0265625
11 0.58046875 0.81875 0.2015625 0.3625
5 338.4403076171875 431.03729248046875 65.49127197265625 91.5660400390625
2 149.8460693359375 150.66567993164062 63.739776611328125 77.8717041015625
2 196.72476196289062 148.59974670410156 87.53622436523438 76.08187866210938
4 151.57080078125 181.95538330078125 36.88739013671875 18.521728515625
4 151.03062438964844 178.351806640625 43.29180908203125 23.7791748046875