2 0.7847604252466859 0.31015625 0.04732953333863606 0.0390625
9 0.7782286145767314 0.334375 0.015843176002545433 0.01875
10 0.7390752079090042 0.3421875 0.07414657200827239 0.0609375
11 0.7606865785725953 0.36484375 0.16117495202099902 0.1546875
13 0.88828125 0.875 0.1515625 0.25
8 0.9128250746340015 0.6828125 0.05254429201145392 0.084375
2 0.8889159546467281 0.5890625 0.09967383068109008 0.10625
11 0.89765625 0.76328125 0.2046875 0.4734375
2 540.7994384765625 345.2411193847656 58.781005859375 63.1168212890625
0 591.7708740234375 436.08795166015625 26.693115234375 51.724365234375
0 591.2905883789062 399.997802734375 28.1815185546875 88.6702880859375