5 0.4453125 0.33828125 0.04765625 0.06015625
2 0.42890625 0.475 0.06171875 0.06171875
0 0.465625 0.53046875 0.03125 0.05078125
7 0.46875 0.69140625 0.06015625 0.0546875
3 0.409375 0.56328125 0.02265625 0.03984375
4 0.44140625 0.3484375 0.0359375 0.02265625
4 0.43203125 0.48359375 0.0296875 0.03359375
11 264.37371826171875 191.55694580078125 81.7630615234375 262.80755615234375
5 265.7615966796875 194.304443359375 36.3800048828125 20.26300048828125
10 290.866455078125 220.3680419921875 46.49420166015625 114.11981201171875
9 275.75653076171875 220.68417358398438 16.5301513671875 15.70166015625