2 0.82421875 0.4328125 0.0546875 0.0609375
2 0.60625 0.42421875 0.04375 0.0609375
2 0.4078125 0.38671875 0.05078125 0.06015625
2 0.2828125 0.39140625 0.06875 0.0734375
2 0.496875 0.41796875 0.03984375 0.05234375
3 0.60390625 0.52890625 0.02578125 0.02578125
4 0.28203125 0.39375 0.05234375 0.02109375
2 0.10625 0.40859375 0.0375 0.0578125
2 0.890625 0.43984375 0.04140625 0.046875
4 0.40625 0.38671875 0.03984375 0.02421875
4 0.49765625 0.41796875 0.0359375 0.02265625
4 0.59921875 0.428125 0.0390625 0.02109375
4 0.1109375 0.40859375 0.02890625 0.01484375
6 0.225 0.7890625 0.05625 0.0546875
6 0.30078125 0.76875 0.06953125 0.03515625
6 0.37578125 0.72578125 0.03203125 0.05390625
6 0.440625 0.70859375 0.0546875 0.04453125
6 0.4796875 0.68671875 0.03203125 0.0375
6 0.5296875 0.68125 0.04140625 0.04296875
6 0.57734375 0.696875 0.03515625 0.04453125
6 0.6234375 0.70078125 0.04140625 0.0390625
6 0.80703125 0.73359375 0.03984375 0.0484375
6 0.8515625 0.73046875 0.05234375 0.04140625
6 0.15234375 0.66015625 0.0453125 0.0296875
6 0.0921875 0.66640625 0.03046875 0.03203125
3 0.08125 0.546875 0.01953125 0.02265625
3 0.6203125 0.53046875 0.028125 0.02578125
4 0.828125 0.43515625 0.05078125 0.02109375
11 116.06954193115234 225.80641174316406 107.07166290283203 318.78111267089844
11 286.2206726074219 247.3966522216797 67.03125 203.90052795410156
11 216.70005798339844 225.96337890625 82.12232971191406 250.04071044921875
11 354.1092834472656 251.33009338378906 66.4437255859375 206.57737731933594
10 237.25283813476562 269.288818359375 49.1759033203125 90.607421875
10 362.75262451171875 288.74517822265625 45.6405029296875 66.0455322265625
11 25.619888305664062 242.00201416015625 87.21942138671875 273.14959716796875
2 509.42047119140625 255.25611877441406 36.2132568359375 26.287826538085938
10 297.9814758300781 284.97320556640625 40.92138671875 67.6986083984375
2 243.0574951171875 227.26210021972656 30.51220703125 21.852508544921875
2 157.5706787109375 226.52154541015625 40.21551513671875 27.38470458984375
10 139.22833251953125 275.51251220703125 70.31362915039062 111.46490478515625
11 494.3365173339844 254.26416015625 61.027130126953125 226.889892578125
11 549.202392578125 265.37054443359375 43.893798828125 160.8741455078125
10 47.736114501953125 277.43487548828125 44.94709777832031 67.2196044921875
2 306.3134765625 248.7377166748047 25.364501953125 18.656143188476562
2 371.80047607421875 252.49085998535156 29.7315673828125 19.071762084960938
11 37.3534049987793 242.87208557128906 69.83337783813477 184.89390563964844
2 552.10205078125 266.96331787109375 25.650146484375 18.51171875
2 56.01506805419922 245.55606079101562 24.253982543945312 14.49151611328125
10 552.3720092773438 295.12677001953125 33.344482421875 54.275634765625
9 313.406005859375 271.49212646484375 15.1796875 10.464599609375
9 259.2376708984375 252.44923400878906 15.082275390625 13.951766967773438
9 523.724853515625 282.60382080078125 17.3475341796875 12.4447021484375
10 502.66680908203125 292.7842102050781 49.480712890625 83.25653076171875
9 179.534912109375 257.02618408203125 14.44146728515625 15.8245849609375
9 565.9944458007812 286.109619140625 11.4405517578125 10.73046875
11 482.1361389160156 262.218994140625 18.31549072265625 83.1219482421875
9 64.01919555664062 266.9362487792969 14.070220947265625 14.1976318359375
13 485.00286865234375 266.3665771484375 13.463623046875 23.350830078125
9 374.836181640625 276.2983703613281 12.33538818359375 12.9615478515625
2 395.76123046875 258.19921875 14.9993896484375 25.9444580078125
11 180.81423950195312 238.60446166992188 49.118927001953125 213.37677001953125
9 195.41990661621094 267.76971435546875 12.1202392578125 11.9554443359375
9 376.9714050292969 277.91314697265625 15.13983154296875 12.80224609375
9 525.7293701171875 281.26861572265625 16.975830078125 12.9991455078125
2 192.59747314453125 244.59103393554688 18.127166748046875 20.0125732421875