5 0.4203125 0.38515625 0.06484375 0.07578125
5 0.50859375 0.38359375 0.0546875 0.071875
5 0.21640625 0.328125 0.08515625 0.1
5 0.609375 0.365625 0.0640625 0.07109375
5 0.73671875 0.3515625 0.078125 0.08515625
5 0.85 0.35703125 0.11015625 0.1109375
3 0.40546875 0.49921875 0.046875 0.03984375
3 0.36640625 0.41796875 0.0375 0.06640625
3 0.2359375 0.4984375 0.06015625 0.0625
4 0.4234375 0.38828125 0.06171875 0.02421875
4 0.228125 0.3375 0.065625 0.03046875
4 0.50625 0.38125 0.05390625 0.0203125
4 0.60859375 0.365625 0.06328125 0.025
5 0.08203125 0.30625 0.16328125 0.1703125
1 0.82578125 0.3625 0.06953125 0.03046875
1 0.73046875 0.35078125 0.0734375 0.0359375
5 0.2171875 0.11484375 0.08671875 0.0984375
5 0.08125 0.1265625 0.1625 0.19375
5 0.41875 0.0515625 0.06015625 0.0734375
5 0.5109375 0.05546875 0.065625 0.07578125
5 0.61796875 0.071875 0.0765625 0.09375
5 0.73125 0.08984375 0.084375 0.10390625
5 0.85 0.078125 0.11015625 0.11875
5 0.803125 0.340625 0.05078125 0.08515625
1 0.72734375 0.084375 0.07109375 0.0296875
1 0.825 0.07265625 0.0734375 0.046875
4 0.60234375 0.075 0.05078125 0.0375
4 0.4984375 0.0578125 0.0375 0.02421875
4 0.41875 0.0484375 0.05078125 0.0265625
4 0.2296875 0.10703125 0.06015625 0.034375
3 0.36328125 0.03359375 0.0359375 0.053125
10 93.33779907226562 240.25946044921875 182.1702880859375 400.92626953125
10 361.5732116699219 252.76132202148438 435.4223937988281 356.4890441894531
11 220.3607940673828 218.9921875 349.12957763671875 636.4349365234375
11 348.66143798828125 205.4444122314453 450.55426025390625 486.70880126953125
11 295.34173583984375 217.42681884765625 373.7158203125 485.08953857421875
10 240.7717742919922 273.7646789550781 315.98504638671875 373.1773986816406
10 431.83282470703125 258.4893493652344 521.8911743164062 378.0805358886719
9 255.76254272460938 255.34222412109375 279.5274353027344 275.1640625
11 475.7940673828125 187.61041259765625 587.3531494140625 639.1351928710938
10 0.0 258.96697998046875 121.08415985107422 486.849853515625
5 446.203369140625 191.20492553710938 499.37744140625 222.07565307617188
9 131.74020385742188 216.91009521484375 161.27529907226562 243.96292114257812
5 246.79510498046875 221.06442260742188 290.0936279296875 243.17074584960938
5 501.98480224609375 191.11312866210938 582.8477172851562 234.57125854492188
5 306.86328125 221.61485290527344 344.12335205078125 243.5750274658203
5 105.95879364013672 174.39895629882812 166.6025390625 212.8310546875
11 392.6922607421875 186.9937286376953 538.107421875 640.0
9 505.21453857421875 242.14010620117188 540.6901245117188 270.0647888183594
10 483.4667663574219 266.32879638671875 580.105712890625 411.6871337890625
11 0.170745849609375 129.70855712890625 187.03005981445312 495.1917724609375
9 0.0 58.78425598144531 104.65257263183594 144.45130920410156
9 447.675537109375 233.92092895507812 476.513427734375 257.160888671875
11 0.003875732421875 506.19036865234375 185.76571655273438 640.0
9 313.28680419921875 250.63394165039062 335.78369140625 270.1137390136719
5 0.0 136.97073364257812 105.0462646484375 211.57965087890625
9 378.5757751464844 241.15228271484375 405.5677185058594 258.5794677734375
13 484.57537841796875 266.5753173828125 579.8491821289062 411.8153076171875
11 75.2508544921875 169.9893798828125 200.68115234375 487.2806396484375
11 75.41143798828125 169.6254119873047 197.62893676757812 640.0
10 303.07781982421875 266.14129638671875 362.12225341796875 345.45196533203125
2 366.951904296875 207.2868194580078 412.6209716796875 236.04493713378906
11 0.0 133.3509521484375 189.85350036621094 640.0
11 0.0 0.0 175.65774536132812 163.59619140625
5 367.10400390625 206.87820434570312 412.81256103515625 234.95535278320312
9 57.67974853515625 226.43130493164062 114.75009155273438 280.3663330078125
11 0.13970947265625 0.0 173.01519775390625 490.4374084472656