5 0.50625 0.3859375 0.04921875 0.06171875
2 0.7859375 0.38125 0.0796875 0.08671875
0 0.828125 0.5734375 0.0421875 0.05234375
7 0.8640625 0.80234375 0.08125 0.08046875
4 0.5046875 0.384375 0.0390625 0.01875
11 422.1219482421875 210.92535400390625 567.6806640625 540.1107177734375
2 476.4671630859375 214.00294494628906 525.3536376953125 251.03504943847656
11 286.41741943359375 224.90139770507812 364.85186767578125 283.7635192871094
10 439.87127685546875 276.44488525390625 507.16143798828125 394.09637451171875
10 296.91033935546875 255.95697021484375 350.81121826171875 282.98046875
5 308.26275634765625 226.23089599609375 335.41094970703125 241.53497314453125
9 494.4465637207031 258.125244140625 510.9479675292969 272.0885009765625
9 311.933349609375 248.87838745117188 332.799560546875 263.0600891113281