4 0.36171875 0.43671875 0.03984375 0.01484375
4 0.53515625 0.4296875 0.0359375 0.01640625
4 0.68359375 0.44375 0.04140625 0.01484375
3 0.23359375 0.53046875 0.03125 0.03046875
7 0.64765625 0.8265625 0.04140625 0.075
7 0.72734375 0.83046875 0.04609375 0.071875
2 0.54296875 0.4234375 0.06015625 0.0796875
2 0.63828125 0.43359375 0.04140625 0.06015625
2 0.6828125 0.43515625 0.06171875 0.075
2 0.1578125 0.43203125 0.04296875 0.06328125
2 0.1953125 0.4453125 0.059375 0.0765625
2 0.365625 0.42890625 0.05 0.0703125
4 0.6375 0.4328125 0.0296875 0.0125
2 0.48984375 0.46015625 0.0484375 0.0546875
4 0.490625 0.46328125 0.0328125 0.0171875
3 0.21171875 0.54453125 0.02734375 0.02890625
3 0.32421875 0.60546875 0.03125 0.028125
7 0.4 0.759375 0.04296875 0.0421875
7 0.34765625 0.7578125 0.04609375 0.0515625
7 0.5109375 0.77265625 0.0625 0.0390625
7 0.5765625 0.78125 0.0453125 0.04453125
5 0.90078125 0.46953125 0.02578125 0.02578125
11 389.291259765625 256.502685546875 483.94775390625 552.267822265625
2 105.08598327636719 259.56573486328125 143.25860595703125 296.63934326171875
11 193.41860961914062 253.03683471679688 272.4867858886719 496.6485290527344
2 329.27764892578125 246.152099609375 363.21429443359375 270.57550048828125
10 328.52838134765625 297.76800537109375 377.09283447265625 381.83544921875
11 565.096923828125 292.76953125 587.36181640625 363.712890625
2 418.0162353515625 256.2818298339844 450.75640869140625 281.8647155761719
11 284.67999267578125 271.3494873046875 333.79730224609375 483.54132080078125
2 298.70562744140625 272.51806640625 330.56463623046875 294.28253173828125
2 395.3211669921875 254.2061004638672 420.2379150390625 275.84027099609375
10 80.74996948242188 303.4630126953125 142.366455078125 401.3048095703125
2 86.56231689453125 255.49559020996094 111.94099426269531 281.314208984375
11 319.0933837890625 244.0679473876953 390.04541015625 511.69403076171875
10 395.94854736328125 306.001953125 467.61175537109375 408.7486572265625
2 219.09654235839844 254.9449005126953 246.69371032714844 275.49212646484375
9 426.78466796875 289.60919189453125 446.455078125 303.53704833984375
11 380.4002685546875 254.20071411132812 423.908203125 483.3236389160156
9 331.47637939453125 279.8528747558594 347.83233642578125 293.6927795410156
11 58.59919738769531 256.00347900390625 159.9307403564453 638.7601318359375
10 292.0363464355469 312.80047607421875 330.3392028808594 381.73150634765625
10 205.16995239257812 297.05499267578125 263.0387878417969 395.90374755859375
9 224.6190948486328 283.3644104003906 242.2049102783203 295.4999694824219
10 568.3231201171875 304.29656982421875 583.0277099609375 331.72479248046875
2 388.10491943359375 225.684326171875 431.27203369140625 248.0384521484375
11 71.33139038085938 257.54779052734375 157.1998291015625 518.8434448242188
9 401.08416748046875 280.83453369140625 417.19427490234375 295.38323974609375
9 306.7402038574219 299.4965515136719 322.1493835449219 310.9002990722656
9 304.4854736328125 297.8486328125 319.0924072265625 310.0751953125
9 109.1133041381836 297.94891357421875 122.31664276123047 308.62310791015625
10 384.2327575683594 299.02191162109375 418.1560363769531 390.60186767578125