12 0.1984375 0.28984375 0.396875 0.5796875
11 0.31171875 0.28984375 0.6140625 0.5796875
10 0.49296875 0.51328125 0.2515625 0.1328125
9 0.48449966062287897 0.39490779873486054 0.13355790944452864 0.12967041335136287
5 0.4875 0.08203125 0.16875 0.1640625
8 0.809375 0.34765625 0.38125 0.2859375
5 0.809375 0.08203125 0.38125 0.1640625
11 0.809375 0.28984375 0.38125 0.5796875
10 0.309375 0.8046875 0.61875 0.390625
11 0.309375 0.78984375 0.61875 0.4203125
11 0.809375 0.78984375 0.38125 0.4203125
3 561.9825439453125 565.3543090820312 598.146484375 612.5388793945312