5 0.16328125 0.5078125 0.05859375 0.06328125
5 0.4875 0.5109375 0.03203125 0.04921875
5 0.45 0.51171875 0.028125 0.03515625
5 0.3671875 0.52109375 0.03046875 0.0390625
5 0.5734375 0.52890625 0.0375 0.03515625
5 0.3125 0.521875 0.02578125 0.03515625
5 0.73828125 0.50859375 0.0265625 0.03046875
5 0.80078125 0.521875 0.03671875 0.0421875
5 0.84453125 0.52109375 0.03359375 0.0328125
5 0.9546875 0.5125 0.03125 0.04453125
5 0.91796875 0.52421875 0.0296875 0.02734375
5 0.2734375 0.52734375 0.0265625 0.02890625
5 0.05859375 0.5359375 0.0328125 0.0375
5 0.02734375 0.5296875 0.0375 0.03359375
5 0.2015625 0.5203125 0.0390625 0.04140625
5 0.38828125 0.52109375 0.02578125 0.03203125
5 0.6359375 0.53671875 0.03671875 0.04296875
5 0.55703125 0.515625 0.02890625 0.0296875
5 0.88203125 0.53046875 0.02421875 0.028125
3 0.13671875 0.68125 0.0375 0.03515625
3 0.1125 0.684375 0.02890625 0.0375
3 0.13984375 0.98046875 0.03359375 0.0390625
3 0.1125 0.98203125 0.03203125 0.0359375
3 0.58125 0.64609375 0.0234375 0.02578125
3 0.93359375 0.61796875 0.01875 0.028125
3 0.77265625 0.65 0.02578125 0.02578125
3 0.2359375 0.65390625 0.02265625 0.0359375
3 0.309375 0.61015625 0.028125 0.02265625
4 0.73671875 0.5109375 0.02421875 0.0109375
7 0.35 0.759375 0.0296875 0.03046875
7 0.39609375 0.7609375 0.02734375 0.0328125
7 0.7296875 0.6984375 0.03984375 0.021875
6 0.9640625 0.725 0.0421875 0.021875
6 0.95 0.71015625 0.04375 0.01875
6 0.925 0.68515625 0.03125 0.015625
7 0.75078125 0.69375 0.0234375 0.01875
7 0.3140625 0.728125 0.02421875 0.01796875
7 0.28515625 0.725 0.021875 0.0203125
7 0.21953125 0.765625 0.0515625 0.03046875
7 0.053125 0.71640625 0.03359375 0.01875
11 208.888427734375 319.00091552734375 269.0713195800781 496.01019287109375
11 269.8765869140625 307.592041015625 344.2470703125 518.7520141601562
10 220.29873657226562 345.2843017578125 256.7206726074219 398.39788818359375
10 285.3722839355469 336.8506774902344 327.7127990722656 400.9320983886719
11 595.1715698242188 309.91680908203125 637.6802368164062 468.84014892578125
11 11.259288787841797 326.1746826171875 53.64735794067383 462.22314453125
11 455.5048828125 316.90673828125 491.9619140625 448.9781494140625
11 391.39129638671875 324.03466796875 440.29071044921875 499.6304931640625
10 540.2264404296875 346.066650390625 561.1121826171875 395.0030517578125
5 91.09701538085938 304.0550842285156 120.98590087890625 326.5613098144531
11 46.193603515625 301.07855224609375 159.63233947753906 639.8237915039062
10 503.1529846191406 345.3569030761719 537.4237060546875 401.5908508300781
10 398.14593505859375 354.11468505859375 431.80364990234375 415.39471435546875
11 341.81842041015625 318.3368835449219 396.24957275390625 488.2083435058594
10 346.75311279296875 351.3214111328125 387.69525146484375 412.4039306640625
11 99.96095275878906 318.25701904296875 154.98797607421875 495.790283203125
11 176.75070190429688 322.7502746582031 220.14227294921875 471.3158264160156
10 67.48738098144531 343.6820068359375 108.61869812011719 418.579345703125
10 604.7662353515625 337.8339538574219 633.4481201171875 399.4039611816406
11 484.301513671875 318.3631591796875 547.5528564453125 502.5048828125
10 185.97201538085938 345.7110595703125 212.29995727539062 388.07421875
11 532.9017944335938 322.7047119140625 568.3616333007812 490.9752197265625
10 17.111631393432617 347.2675476074219 47.85893249511719 398.6523132324219
10 107.52490234375 344.97174072265625 142.93621826171875 413.1842041015625
11 560.3276977539062 327.82861328125 586.8320922851562 431.9322509765625
10 464.87158203125 337.21270751953125 488.7586669921875 378.08721923828125
5 224.49667358398438 320.72906494140625 250.16152954101562 338.80950927734375
10 161.16156005859375 347.1263427734375 180.25830078125 381.0885009765625
5 346.808349609375 319.5994873046875 363.189208984375 333.7210693359375
5 299.19793701171875 308.14581298828125 322.99981689453125 333.24188232421875
11 574.4387817382812 323.4601745605469 606.4489135742188 437.7164001464844
5 400.693603515625 329.02667236328125 423.6612548828125 349.25640869140625
5 25.40888786315918 328.133544921875 43.50938415527344 340.8292236328125
10 489.818603515625 348.9900817871094 508.9447021484375 387.0683898925781
10 563.3856811523438 349.95391845703125 577.5170288085938 383.86944580078125
11 157.90673828125 325.144775390625 189.43731689453125 462.06719970703125
2 600.8994140625 312.269287109375 621.063232421875 331.7791748046875
5 169.50962829589844 327.3926696777344 184.66893005371094 339.6321105957031
5 116.57298278808594 319.8842468261719 140.21214294433594 340.0510559082031
5 464.0955505371094 318.6321105957031 475.2525939941406 327.5406188964844
5 186.74578857421875 322.0555419921875 207.37490844726562 338.78533935546875
5 465.74334716796875 316.01666259765625 482.76397705078125 326.77935791015625
5 355.9776611328125 321.06964111328125 380.14208984375 340.3743896484375
10 577.4285888671875 342.9339599609375 600.006103515625 397.18701171875
5 279.4112548828125 316.0350036621094 296.1260986328125 331.0976867675781
2 299.1608581542969 308.0397033691406 322.9788513183594 333.6901550292969
5 502.4266357421875 319.208251953125 521.165283203125 337.120849609375
9 601.7889404296875 333.68353271484375 610.0089111328125 343.58197021484375
5 414.5087890625 316.7008056640625 427.8685302734375 329.4949951171875
13 631.298583984375 326.09033203125 640.0 368.7154541015625
5 530.0372314453125 319.5333251953125 548.2994384765625 338.14794921875
9 464.8327941894531 328.27911376953125 472.6117248535156 337.46966552734375
9 105.13320922851562 333.2222900390625 115.34921264648438 343.9827880859375
5 347.82000732421875 319.7834167480469 379.42828369140625 338.5361633300781