2 0.29609375 0.478125 0.03828125 0.0453125
2 0.38359375 0.48359375 0.03515625 0.046875
2 0.4625 0.5015625 0.0328125 0.04609375
3 0.22890625 0.5859375 0.02109375 0.02578125
3 0.33984375 0.5890625 0.02109375 0.02421875
3 0.4375 0.584375 0.0171875 0.0203125
2 0.34453125 0.50390625 0.028125 0.0359375
7 0.28828125 0.7125 0.02265625 0.03046875
7 0.39140625 0.71796875 0.03203125 0.0390625
7 0.46875 0.6984375 0.0265625 0.028125
7 0.43671875 0.68828125 0.028125 0.03203125
4 0.4625 0.49921875 0.0265625 0.0109375
4 0.38203125 0.48359375 0.0296875 0.0109375
4 0.2953125 0.4796875 0.03515625 0.01171875
11 138.98287963867188 285.4267578125 215.31448364257812 466.801513671875
11 266.0561828613281 304.0244140625 317.3516540527344 451.6806640625
10 161.9325408935547 321.23309326171875 206.68247985839844 369.83917236328125
11 210.08657836914062 289.1793212890625 269.9544677734375 467.934814453125
10 279.2777099609375 333.0364990234375 308.4415283203125 370.3848876953125
10 222.49444580078125 324.4227600097656 263.2698974609375 370.4198303222656
2 235.337890625 290.2391662597656 257.6873474121094 309.7149963378906
11 196.01048278808594 304.14739990234375 229.8100128173828 447.04351806640625
2 178.82916259765625 288.12738037109375 202.93380737304688 306.15167236328125
2 284.03240966796875 306.2183837890625 305.31304931640625 320.6258544921875
9 180.41635131835938 309.4324645996094 194.59860229492188 322.5082702636719
9 289.9450378417969 325.10174560546875 300.5657653808594 334.836181640625
10 207.29220581054688 329.810546875 226.07717895507812 371.2564697265625
11 255.83547973632812 323.2221984863281 283.1336975097656 434.4423522949219