5 0.24375 0.41796875 0.10625 0.12578125
5 0.6953125 0.3734375 0.08671875 0.10546875
3 0.690625 0.640625 0.0671875 0.06015625
3 0.375 0.67421875 0.04140625 0.04296875
4 0.25859375 0.42734375 0.07890625 0.03203125
4 0.69921875 0.3703125 0.08203125 0.03359375
3 0.3421875 0.70390625 0.05625 0.053125
10 381.19384765625 266.29229736328125 121.4100341796875 196.5699462890625
11 358.84112548828125 194.02740478515625 163.9195556640625 445.97259521484375
10 93.17236328125 304.3197021484375 110.29452514648438 226.6204833984375
5 114.39793395996094 225.90167236328125 77.38436889648438 46.95758056640625
9 426.5920104980469 242.05316162109375 37.2958984375 29.5516357421875
5 418.8482666015625 198.69717407226562 56.3035888671875 27.870361328125
11 68.68698120117188 219.78233337402344 214.59963989257812 420.21766662597656
9 153.43429565429688 280.1834716796875 36.05487060546875 30.0172119140625
11 59.65753173828125 220.58306884765625 159.31561279296875 419.41693115234375