4 0.3359375 0.2640625 0.15390625 0.05703125
3 0.53203125 0.77890625 0.1546875 0.1015625
3 0.74765625 0.578125 0.1 0.08828125
2 0.33046875 0.234375 0.21796875 0.2765625
2 0.64296875 0.24140625 0.08359375 0.10703125
4 0.64609375 0.25390625 0.0625 0.03203125
0 0.72890625 0.440625 0.0703125 0.0484375
3 0.94765625 0.57890625 0.0953125 0.07578125
2 0.0375 0.22578125 0.075 0.2796875
2 136.3360595703125 60.38905334472656 290.4161682128906 162.2356414794922
13 0.419219970703125 220.06260681152344 323.06298828125 535.1256103515625
13 364.201416015625 176.52072143554688 463.55810546875 301.947998046875
11 350.45880126953125 112.50592041015625 508.73272705078125 390.31036376953125
2 386.05804443359375 118.41837310791016 439.31658935546875 160.01107788085938
9 187.58230590820312 183.1012420654297 256.7640380859375 234.8117218017578
2 0.0 61.46134948730469 53.40457534790039 154.38958740234375
11 1.2071533203125 52.16015625 437.1136474609375 640.0
13 0.0 223.5582275390625 117.3478012084961 515.0908203125
9 392.2231140136719 164.12396240234375 420.9571838378906 186.32049560546875
11 0.2642669677734375 53.307861328125 138.13534545898438 639.5439453125
11 602.4478759765625 198.52513122558594 640.0 329.618408203125