13 0.79375 0.1546875 0.4125 0.309375
11 0.7921875 0.1546875 0.415625 0.309375
2 0.0859375 0.4296875 0.0171875 0.028125
13 0.05703125 0.4640625 0.0453125 0.0671875
11 0.06328125 0.496875 0.065625 0.1671875
11 0.009375 0.57578125 0.01875 0.2421875
13 0.4328125 0.778125 0.028125 0.303125
13 0.61640625 0.603125 0.0359375 0.0984375
13 0.57421875 0.634375 0.0625 0.1296875
13 0.65390625 0.63203125 0.053125 0.11875
13 0.69921875 0.6328125 0.0359375 0.096875
13 0.72578125 0.6828125 0.065625 0.1671875
13 0.775 0.60390625 0.040625 0.0921875
13 0.80234375 0.684375 0.0640625 0.1203125
13 0.83515625 0.640625 0.025 0.075
13 0.88359375 0.70078125 0.0921875 0.184375
13 0.93828125 0.640625 0.034375 0.1015625
13 0.965625 0.66953125 0.06875 0.1234375
2 0.97109375 0.5640625 0.03125 0.034375
2 0.953125 0.55546875 0.025 0.0296875
2 0.90078125 0.5625 0.0453125 0.0453125
2 0.83125 0.57734375 0.0171875 0.025
2 0.81015625 0.56796875 0.0328125 0.0375
2 0.80078125 0.54765625 0.01875 0.0140625
2 0.77578125 0.52734375 0.0234375 0.025
2 0.7421875 0.54296875 0.0421875 0.04375
2 0.71484375 0.55625 0.015625 0.0203125
2 0.65234375 0.53515625 0.0328125 0.0328125
2 0.59296875 0.52109375 0.015625 0.0171875
2 0.5828125 0.52734375 0.034375 0.0265625
2 0.434375 0.50546875 0.03125 0.1015625
9 0.421875 0.59765625 0.00625 0.0359375
9 0.5890625 0.56328125 0.0140625 0.0171875
9 0.6484375 0.5671875 0.015625 0.0125
9 0.71875 0.58125 0.0109375 0.0125
9 0.7453125 0.5859375 0.01875 0.0171875
9 0.778125 0.5578125 0.0140625 0.0140625
9 0.825 0.5875 0.00625 0.009375
9 0.81484375 0.60546875 0.0125 0.0125
9 0.90078125 0.61484375 0.015625 0.0234375
9 0.9734375 0.5984375 0.015625 0.015625
11 0.4671875 0.72578125 0.096875 0.5484375
11 0.60703125 0.6625 0.0609375 0.2984375
11 0.57578125 0.6890625 0.0859375 0.35625
11 0.65390625 0.6828125 0.096875 0.33125
11 0.70078125 0.65625 0.04375 0.2203125
11 0.734375 0.74140625 0.096875 0.44375
11 0.77265625 0.66171875 0.0515625 0.29375
11 0.80078125 0.55546875 0.01875 0.034375
11 0.83203125 0.66328125 0.03125 0.1984375
11 0.80625 0.69765625 0.0765625 0.2953125
11 0.915625 0.64453125 0.021875 0.0828125
11 0.88515625 0.75546875 0.1046875 0.4359375
11 0.94140625 0.68046875 0.0515625 0.28125
11 0.96484375 0.7203125 0.0703125 0.346875
2 407.6231384277344 333.8382568359375 20.88525390625 33.8551025390625
2 362.32666015625 327.8986511230469 25.1641845703125 38.28936767578125
7 417.6783142089844 516.03369140625 19.4500732421875 21.670166015625
5 525.830078125 362.8475036621094 14.43115234375 23.9921875
2 560.578857421875 346.9826965332031 28.6405029296875 47.35577392578125
7 393.49267578125 521.3670043945312 15.72003173828125 21.139404296875
7 364.9600830078125 524.2489013671875 24.787109375 21.594970703125
7 349.3484802246094 528.624267578125 26.1134033203125 29.1829833984375
5 459.3480224609375 336.00732421875 28.636474609375 46.6060791015625
5 507.580810546875 363.02252197265625 22.17236328125 30.0684814453125
2 611.6170043945312 352.84637451171875 20.091796875 34.42474365234375
2 490.7412414550781 329.734619140625 16.0379638671875 32.7227783203125
2 602.38037109375 348.45501708984375 16.5234375 35.5931396484375
4 461.78228759765625 357.2734375 24.335205078125 13.078369140625
2 47.079795837402344 264.0244140625 14.189682006835938 23.0302734375
4 365.52886962890625 346.62823486328125 18.509521484375 11.4759521484375
4 463.71588134765625 359.51690673828125 20.4920654296875 11.1226806640625
7 384.070556640625 498.36322021484375 13.4271240234375 19.7156982421875