7 0.27265625 0.68359375 0.0984375 0.08828125
7 0.4890625 0.66875 0.0453125 0.071875
3 0.3359375 0.35625 0.03984375 0.0390625
4 0.4265625 0.38125 0.0296875 0.0203125
4 0.34609375 0.3109375 0.03125 0.04296875
2 0.3484375 0.30703125 0.08203125 0.06171875
2 0.4296875 0.3796875 0.0484375 0.05546875
2 0.34921875 0.13515625 0.07421875 0.06640625
2 0.4296875 0.06171875 0.05 0.04921875
2 0.3703125 0.090625 0.053125 0.05859375
2 0.378125 0.33984375 0.0453125 0.06015625
7 0.21640625 0.68515625 0.06015625 0.0828125
7 0.3421875 0.67265625 0.07421875 0.065625
7 0.409375 0.671875 0.0484375 0.05859375
7 0.4078125 0.8859375 0.0453125 0.0578125
7 0.4890625 0.8921875 0.03984375 0.06171875
7 0.346875 0.88671875 0.0734375 0.05859375
7 0.271875 0.87265625 0.10625 0.1
7 0.21328125 0.88203125 0.0734375 0.08125
3 0.359375 0.40625 0.04765625 0.03203125
3 0.4015625 0.51015625 0.02265625 0.034375
3 0.46171875 0.50078125 0.02265625 0.0265625
4 0.34609375 0.128125 0.02734375 0.04609375
4 0.42890625 0.05390625 0.0359375 0.0234375
11 235.74961853027344 222.78912353515625 321.1693115234375 445.23321533203125
13 247.17160034179688 259.3568115234375 299.8696594238281 314.08599853515625
11 138.65478515625 168.06065368652344 268.2535400390625 442.3411865234375
2 260.19781494140625 224.45700073242188 287.90582275390625 245.1361083984375
2 224.7867431640625 201.90164184570312 255.354736328125 225.17233276367188
9 264.1442565917969 250.19436645507812 279.3336486816406 265.3349304199219
9 263.3638916015625 248.04052734375 279.1435546875 262.91424560546875
2 166.797119140625 171.94583129882812 200.97711181640625 202.42922973632812
11 144.88241577148438 168.053955078125 260.41796875 306.0142822265625