11 0.13515625 0.0890625 0.2515625 0.178125
13 0.65546875 0.3525498457218328 0.0234375 0.056386355386194256
11 0.64609375 0.34453125 0.0484375 0.1109375
2 0.4953125 0.7755545119038567 0.0765625 0.0738829275949012
5 0.72734375 0.98828125 0.1234375 0.0234375
5 0.8265625 0.9220129180287356 0.128125 0.08355790944452864
5 0.86953125 0.5175754029034252 0.06875 0.044149975799503235
5 0.703125 0.5853572796614458 0.0375 0.02209316861791084
9 0.49296875 0.8317908763652373 0.0390625 0.033039758976990186
9 0.7015625 0.6126919393023662 0.021875 0.01731476502711473
9 0.86640625 0.5730259721852659 0.0390625 0.03460225897699036
10 0.590625 0.8886090238077134 0.146875 0.14147949375348395
10 0.878125 0.680906649878363 0.121875 0.20070904800821018
10 0.7140625 0.6557334121750031 0.0734375 0.06761474687674199
11 0.7109375 0.7080589814568439 0.10625 0.27874314441741416
11 0.5640625 0.86640625 0.2125 0.2671875
11 0.871875 0.92734375 0.25625 0.1453125
11 0.8796875 0.7137282402374426 0.1828125 0.4510635720123152
11 0.9734375 0.68203125 0.053125 0.4796875
5 536.5621337890625 322.34295654296875 42.55859375 55.324462890625
2 291.91632080078125 473.01239013671875 50.90234375 69.8387451171875
5 436.560302734375 367.9938659667969 27.37158203125 33.6630859375
7 118.34475708007812 75.75790405273438 31.5853271484375 44.39921569824219
4 300.4307861328125 508.08831787109375 30.9332275390625 23.541748046875
3 510.23052978515625 440.89263916015625 19.0860595703125 30.3193359375
4 537.49609375 344.174072265625 37.43603515625 16.77783203125
7 74.31489562988281 81.88069152832031 30.11529541015625 32.811614990234375
7 126.33026123046875 211.2195587158203 32.863311767578125 33.806549072265625