13 0.065625 0.14609375 0.13125 0.2921875
11 0.146875 0.28671875 0.29375 0.5734375
2 0.72109375 0.03515625 0.1359375 0.0703125
9 0.738506425453602 0.1390625 0.08635565651766246 0.071875
9 0.9765625 0.11953125 0.046875 0.0828125
10 0.9421875 0.38984375 0.115625 0.3796875
10 0.7606985462596944 0.353125 0.18638396935659546 0.3453125
11 0.7546875 0.28984375 0.290625 0.5796875
11 0.9203125 0.28984375 0.159375 0.5796875
5 0.18984375 0.72265625 0.3796875 0.2859375
11 0.3046875 0.78984375 0.609375 0.4203125
10 0.70625 0.6796875 0.19375 0.078125
10 0.7515625 0.9265625 0.196875 0.146875
2 0.729604124125742 0.8171875 0.1112102107723885 0.046875
11 0.71640625 0.7375 0.2140625 0.196875
11 0.734375 0.89609375 0.25 0.2078125
2 421.4281005859375 0.0 508.838623046875 119.25254821777344
5 52.37120056152344 0.0 154.39256286621094 43.56558609008789
2 433.2434997558594 505.5946960449219 498.8805236816406 557.0322265625
3 389.31280517578125 575.5105590820312 417.96038818359375 606.8080444335938
1 430.1796875 30.3587646484375 505.32708740234375 75.03046417236328
4 431.8084716796875 29.398361206054688 504.2335205078125 73.11788177490234
2 607.32861328125 0.0 639.900634765625 138.5206298828125