2 0.175 0.409375 0.1 0.13984375
4 0.17109375 0.41875 0.09609375 0.03046875
4 0.5125 0.428125 0.08359375 0.03046875
4 0.86875 0.4046875 0.09375 0.0375
3 0.8 0.746875 0.06328125 0.08046875
3 0.39453125 0.70703125 0.053125 0.065625
3 0.58984375 0.71875 0.0546875 0.0828125
4 0.2546875 0.40078125 0.06796875 0.0265625
2 0.2484375 0.39765625 0.08671875 0.1265625
2 0.0359375 0.42578125 0.07109375 0.1125
4 0.03515625 0.425 0.06171875 0.025
2 0.58828125 0.4390625 0.05625 0.090625
2 0.51484375 0.4203125 0.0984375 0.14296875
4 0.721875 0.41640625 0.06640625 0.034375
2 0.721875 0.41171875 0.07890625 0.09765625
2 0.8703125 0.39453125 0.12734375 0.15078125
3 0.82109375 0.86953125 0.06328125 0.075
3 0.7953125 0.90078125 0.0734375 0.065625
3 0.81796875 0.7734375 0.07109375 0.07734375
4 0.58828125 0.440625 0.05390625 0.0296875
2 0.44140625 0.44375 0.0703125 0.075
10 240.982421875 311.215576171875 160.61688232421875 152.772705078125
10 8.073974609375 296.75152587890625 153.39053344726562 164.3277587890625
11 457.6539611816406 193.36572265625 182.34603881835938 445.87640380859375
11 198.75289916992188 212.81004333496094 257.153564453125 427.17311096191406
2 509.55950927734375 198.082275390625 89.723388671875 60.02850341796875
2 73.83370971679688 211.09603881835938 77.72328186035156 55.14190673828125
2 433.2015686035156 227.67404174804688 62.0218505859375 41.3546142578125
2 289.0194091796875 218.25787353515625 81.280029296875 57.762542724609375
11 0.394134521484375 209.5821990966797 215.25778198242188 430.08009338378906
10 485.3507080078125 297.0084228515625 152.06982421875 205.68212890625
2 0.0 232.15435791015625 52.56158447265625 47.13580322265625
2 357.70904541015625 250.63113403320312 38.8017578125 31.57293701171875
2 133.98699951171875 211.12017822265625 49.85650634765625 46.1329345703125
9 94.01348876953125 273.39013671875 44.895111083984375 29.5772705078125
9 525.7339477539062 262.812255859375 47.5936279296875 33.1962890625
11 0.0 227.62518310546875 71.89967346191406 411.18304443359375
2 262.6212158203125 260.1632080078125 40.154541015625 33.5789794921875
9 358.8421630859375 287.0518798828125 26.0831298828125 18.14031982421875
11 385.3416748046875 221.6287841796875 141.256591796875 418.3712158203125
9 6.737987518310547 280.63763427734375 32.13782501220703 22.025390625
9 437.7236022949219 267.8395080566406 37.207275390625 28.40087890625
10 127.05020904541016 293.6517639160156 80.10124969482422 123.63214111328125
9 300.70458984375 282.04833984375 45.1678466796875 32.655029296875
11 115.9398193359375 208.3560791015625 117.88656616210938 422.7200927734375
9 142.1119384765625 262.7186584472656 35.623779296875 31.5994873046875
11 344.9512939453125 247.87933349609375 94.33636474609375 104.6932373046875
11 354.3134765625 220.56475830078125 201.1490478515625 419.43524169921875
10 414.8113098144531 290.9822998046875 93.0167236328125 167.1221923828125
10 0.17216110229492188 299.528076171875 51.161163330078125 147.47735595703125
10 357.72320556640625 304.9434814453125 51.45458984375 35.57916259765625
11 342.718505859375 245.24293518066406 112.3480224609375 249.70213317871094
9 267.6302185058594 293.338623046875 19.24993896484375 16.385498046875
11 0.045879364013671875 219.1241455078125 48.820884704589844 420.8758544921875