2 0.5437984343323965 0.13478212538327855 0.05506020472226432 0.06438066256778666
2 0.4406007114597596 0.14668216168402387 0.06126475292686635 0.056604524004105095
9 0.5457694796101322 0.198858260921898 0.026698855386194254 0.023592036104353474
9 0.4363717537124332 0.2021281857863248 0.02674430718159222 0.031404536104353474
13 0.40448088339732013 0.3121026286047325 0.12153060811666876 0.21007495764913067
13 0.5490894014494968 0.299662236819597 0.14174311416679294 0.19300563231716553
11 0.5453125 0.31484375 0.165625 0.4296875
11 0.41015625 0.3203125 0.1546875 0.41875
9 0.98671875 0.2765625 0.0265625 0.053125
13 0.9020881781840764 0.3066737434588965 0.1775715298578376 0.17446471057599683
2 0.99296875 0.23515625 0.0140625 0.1015625
11 0.89765625 0.35 0.2046875 0.359375
9 0.8854996001216369 0.6468281283101448 0.02676248789975162 0.03452953610435348
5 0.8914365036142373 0.5663911945669236 0.06287270472226432 0.0644261143631848
10 0.8833507719610016 0.7476002879510653 0.11520788524403187 0.19753859621281214
11 0.871875 0.76484375 0.175 0.4703125
2 330.5760498046875 67.04216003417969 34.749267578125 67.3404541015625
2 261.9805603027344 76.91059875488281 34.88153076171875 61.27972412109375
3 327.60980224609375 182.83792114257812 24.0723876953125 27.676025390625
2 261.82696533203125 76.76193237304688 35.1414794921875 39.996490478515625
4 333.6937255859375 102.58741760253906 28.7763671875 15.611190795898438
3 167.3831787109375 487.48284912109375 34.385986328125 52.3026123046875
5 543.6126098632812 340.6826171875 47.8482666015625 81.97412109375