2 0.3109375 0.3359375 0.08671875 0.11328125
2 0.4359375 0.31484375 0.08828125 0.10546875
2 0.5484375 0.3171875 0.0921875 0.11640625
2 0.83515625 0.32109375 0.08515625 0.084375
2 0.928125 0.3328125 0.08203125 0.10703125
2 0.68515625 0.33984375 0.06875 0.1078125
4 0.31328125 0.3421875 0.05703125 0.02109375
4 0.4328125 0.315625 0.0671875 0.02265625
4 0.53515625 0.31875 0.06328125 0.02265625
4 0.68515625 0.34609375 0.05859375 0.02421875
4 0.828125 0.32578125 0.053125 0.0296875
4 0.92578125 0.33828125 0.07265625 0.0359375
3 0.9515625 0.64375 0.04921875 0.0640625
3 0.44140625 0.5953125 0.0359375 0.05234375
3 0.225 0.60859375 0.03984375 0.053125
3 0.3703125 0.61953125 0.02890625 0.05625
3 0.75 0.58203125 0.0359375 0.05078125
3 0.6359375 0.62578125 0.0421875 0.0625
7 0.37265625 0.80078125 0.06328125 0.08671875
7 0.69921875 0.8078125 0.0625 0.0640625
7 0.81328125 0.80625 0.04140625 0.05625
2 167.89862060546875 178.57525634765625 224.82217407226562 216.47799682617188
2 416.379638671875 182.79811096191406 461.7867431640625 216.7064971923828
2 317.0914306640625 164.6824493408203 389.0106201171875 206.46534729003906
2 507.5432434082031 175.678466796875 563.266357421875 211.59442138671875
10 550.83447265625 250.15476989746094 637.6456298828125 409.3638916015625
2 252.2587890625 168.3939208984375 308.5445556640625 202.1488037109375
2 566.4666748046875 177.98146057128906 625.6922607421875 215.17189025878906
10 301.85107421875 238.35211181640625 401.6944580078125 355.17681884765625
10 488.36199951171875 233.0137939453125 562.5817260742188 339.57269287109375
11 477.3909606933594 174.0127716064453 571.1849365234375 489.87310791015625
10 140.23504638671875 252.96002197265625 225.645263671875 356.185791015625
10 407.66650390625 244.32388305664062 473.81610107421875 379.7541198730469
11 112.0509262084961 176.4931640625 249.52706909179688 640.0
9 426.49151611328125 229.0994873046875 449.61767578125 244.25650024414062
9 182.80120849609375 228.12490844726562 213.83355712890625 248.18075561523438
11 265.61285400390625 167.52294921875 420.91729736328125 640.0
11 529.1002197265625 176.5855712890625 640.0 639.3889770507812
11 392.6029052734375 179.85833740234375 487.98193359375 525.6089477539062
11 219.44554138183594 166.29766845703125 315.63134765625 532.95361328125
9 262.5995178222656 210.22610473632812 291.1889343261719 227.88241577148438
9 572.6429443359375 222.65802001953125 604.602294921875 241.751708984375
9 513.915771484375 217.023193359375 540.521728515625 232.734130859375
10 238.7723846435547 231.94122314453125 307.45550537109375 367.98077392578125
9 333.6451416015625 214.21469116210938 363.6226806640625 241.16574096679688
2 378.8049011230469 174.63064575195312 395.3502502441406 205.26547241210938
13 465.0755615234375 302.15185546875 493.577392578125 380.99395751953125