2 0.48125 0.3015625 0.15546875 0.2109375
4 0.4984375 0.31484375 0.09921875 0.06796875
4 0.62421875 0.37421875 0.0859375 0.06015625
5 0.634375 0.3625 0.13046875 0.17734375
3 0.440625 0.7875 0.0984375 0.07109375
3 0.73125 0.8015625 0.078125 0.084375
0 0.446875 0.6578125 0.065625 0.09453125
3 0.934375 0.79765625 0.0796875 0.09453125
2 251.12881469726562 117.34519958496094 355.1721496582031 226.7633514404297
11 227.5006103515625 110.41741943359375 577.6925048828125 545.0997314453125
10 535.6168212890625 268.630859375 640.0 535.0332641601562
11 506.7859191894531 153.6126708984375 640.0 538.0967407226562
10 271.6119384765625 227.1931610107422 434.94873046875 411.13690185546875
9 306.5984191894531 214.5076446533203 355.2438049316406 254.7087860107422
5 594.3955078125 172.21234130859375 640.0 269.96612548828125
9 598.8118896484375 276.37591552734375 636.9478759765625 333.12945556640625
9 378.0594482421875 243.84085083007812 433.474609375 291.9165954589844