2 0.73984375 0.38984375 0.17265625 0.21171875
1 0.7109375 0.41171875 0.12578125 0.06328125
3 0.53671875 0.2125 0.1140625 0.04453125
3 0.5375 0.12265625 0.11484375 0.046875
3 0.38984375 0.57734375 0.103125 0.07734375
2 414.0484619140625 181.25692749023438 121.90380859375 84.19793701171875
9 418.3990173339844 269.85009765625 54.33685302734375 51.4013671875
10 420.0992431640625 301.8289794921875 144.6630859375 133.22314453125
11 272.4285888671875 176.41351318359375 318.6986083984375 463.58648681640625
10 441.658447265625 10.47119140625 128.22412109375 252.461181640625
11 318.36767578125 0.0 283.119384765625 409.1517028808594
2 421.87518310546875 0.07213592529296875 114.66259765625 33.147361755371094