12 0.32734375 0.10035154146710665 0.053125 0.08937157220870703
12 0.09609375 0.11697491832332325 0.03125 0.0626818071815924
2 0.53359375 0.42109076746300156 0.0234375 0.026698855386194254
9 0.5359375 0.44063565300162094 0.0125 0.012572722872636888
10 0.5375 0.45939474336070063 0.03125 0.034556807181592396
11 0.534375 0.44218906264254143 0.0390625 0.07053975897699054
11 0.34453125 0.52578125 0.0359375 0.0328125
2 0.91484375 0.59921875 0.1703125 0.1796875
13 0.60703125 0.7460084333504379 0.4734375 0.44025437880112417
9 0.8640625 0.609222547419035 0.1234375 0.1632181383672897
11 0.684375 0.740625 0.63125 0.4625
2 499.12347412109375 326.1722717285156 640.0 439.4643249511719
0 0.8222579956054688 379.82861328125 83.72390747070312 466.273193359375
2 336.13275146484375 268.6441345214844 349.40216064453125 286.6370544433594