2 0.19461604576871502 0.29375383139717887 0.20537836729005096 0.12113175469445325
9 0.0234375 0.2671875 0.046875 0.11875
9 0.2265625 0.409375 0.103125 0.040625
11 0.1640625 0.32734375 0.315625 0.2046875
5 0.759375 0.1140625 0.359375 0.134375
9 0.803125 0.31875 0.39375 0.209375
11 0.78984375 0.225 0.4203125 0.409375
11 0.69921875 0.4875 0.0578125 0.115625
2 60.29287338256836 153.20675659179688 186.632080078125 277.1304626464844
4 92.49334716796875 220.446533203125 186.18145751953125 248.74554443359375
2 0.14321517944335938 53.713470458984375 36.647586822509766 208.129638671875
1 0.01625823974609375 100.31846618652344 26.286293029785156 130.68788146972656