5 0.52421875 0.359375 0.07421875 0.075
5 0.671875 0.35390625 0.07421875 0.075
5 0.2984375 0.35078125 0.0828125 0.08671875
5 0.1015625 0.33359375 0.08671875 0.09609375
5 0.184375 0.3609375 0.08828125 0.1078125
3 0.4921875 0.57265625 0.04921875 0.05859375
3 0.103125 0.6296875 0.0375 0.0578125
5 0.840625 0.36015625 0.059375 0.08984375
7 0.64375 0.7953125 0.06875 0.0578125
7 0.5375 0.8109375 0.0828125 0.0640625
4 0.52734375 0.35625 0.06328125 0.028125
4 0.66796875 0.3515625 0.05390625 0.03046875
4 0.8453125 0.35390625 0.04140625 0.0296875
3 0.8125 0.3703125 0.03203125 0.06015625
3 0.8515625 0.48515625 0.0546875 0.04375
3 0.0859375 0.59921875 0.04296875 0.06015625
4 0.2984375 0.35078125 0.06953125 0.02265625
4 0.19375 0.3625 0.05625 0.03046875
4 0.11015625 0.3375 0.0640625 0.03046875
10 398.1182861328125 250.01112365722656 80.0025634765625 101.38047790527344
11 377.4825439453125 198.53375244140625 130.01239013671875 322.92724609375
10 506.0712585449219 251.0111541748047 81.34817504882812 119.33106994628906
10 152.4954833984375 251.94021606445312 67.35650634765625 104.3363037109375
11 487.291015625 201.20628356933594 116.0565185546875 266.59974670410156
10 72.94625854492188 261.5088806152344 71.91195678710938 162.14678955078125
11 268.49908447265625 197.9283905029297 110.2647705078125 351.00086975097656
5 86.54466247558594 198.39480590820312 49.40899658203125 41.193878173828125
11 28.196762084960938 190.5810546875 130.8907470703125 449.4189453125
11 129.95794677734375 189.74835205078125 112.3448486328125 450.25164794921875
9 523.2059936523438 231.92935180664062 28.6502685546875 18.5159912109375
5 515.5820922851562 204.16912841796875 36.510498046875 16.80731201171875
10 290.99798583984375 255.74737548828125 74.931396484375 186.9053955078125
5 307.4462890625 200.16795349121094 47.95745849609375 25.29034423828125
9 331.2055358886719 231.31283569335938 24.335693359375 21.32171630859375
5 163.55215454101562 193.40338134765625 47.20452880859375 29.116729736328125
10 31.678016662597656 250.6276397705078 46.00763702392578 110.84544372558594
9 186.62249755859375 227.4732666015625 26.52593994140625 24.5501708984375
9 60.403133392333984 223.4164276123047 24.739322662353516 23.341796875
5 36.72608184814453 177.93711853027344 51.81642150878906 29.474884033203125
5 410.11474609375 200.9098663330078 36.2227783203125 20.68121337890625
9 423.4280700683594 228.26304626464844 23.70794677734375 18.860015869140625
11 19.540008544921875 175.240966796875 80.59815979003906 462.21728515625
9 117.8204345703125 233.42529296875 23.9481201171875 25.95672607421875