5 0.1375 0.3109375 0.08125 0.10078125
5 0.39609375 0.321875 0.08671875 0.10546875
5 0.6140625 0.3140625 0.0703125 0.0953125
5 0.72109375 0.31875 0.05703125 0.06171875
5 0.86015625 0.346875 0.07734375 0.09921875
3 0.646875 0.5375 0.04765625 0.0390625
3 0.271875 0.59140625 0.03828125 0.0484375
3 0.46796875 0.59921875 0.0421875 0.046875
3 0.02890625 0.5765625 0.04375 0.0546875
3 0.7546875 0.5515625 0.03671875 0.0484375
3 0.89140625 0.55546875 0.03984375 0.0453125
5 0.2796875 0.3359375 0.04765625 0.0453125
2 0.91015625 0.36640625 0.040625 0.046875
7 0.859375 0.834375 0.06875 0.08203125
7 0.625 0.77734375 0.0546875 0.08984375
7 0.56796875 0.8 0.05859375 0.084375
7 0.409375 0.8234375 0.05078125 0.075
7 0.1390625 0.815625 0.075 0.0765625
7 0.20234375 0.78828125 0.05078125 0.07734375
7 0.7875 0.7828125 0.0765625 0.0921875
11 472.0538024902344 178.67637634277344 618.8316650390625 560.0201416015625
11 5.319305419921875 162.2273406982422 160.16064453125 544.2078247070312
10 197.30679321289062 238.21546936035156 291.71258544921875 351.389892578125
11 314.63922119140625 166.81219482421875 451.64862060546875 534.9693603515625
10 42.251220703125 224.59567260742188 135.53695678710938 373.9586486816406
9 377.11126708984375 207.13694763183594 404.72503662109375 225.94078063964844
5 526.11572265625 182.94769287109375 577.294677734375 220.355224609375
11 424.68243408203125 179.7469482421875 509.66485595703125 460.232666015625
10 335.9117736816406 230.55682373046875 430.2931823730469 354.5413818359375
9 75.37075805664062 204.59963989257812 104.85154724121094 225.77297973632812
5 63.58595657348633 165.40618896484375 109.36393737792969 189.07473754882812
10 505.2500305175781 252.96669006347656 597.637451171875 354.27880859375
11 149.55075073242188 198.214111328125 202.12826538085938 410.50341796875
9 451.80157470703125 208.5100555419922 472.00701904296875 224.47633361816406
5 365.875244140625 168.7978515625 409.0535888671875 191.66033935546875
5 222.441162109375 169.42257690429688 276.3758850097656 202.78311157226562
9 242.31100463867188 215.2755126953125 273.9360046386719 239.69586181640625
5 445.9222717285156 181.535400390625 477.1585998535156 197.41787719726562
11 171.9381103515625 162.28839111328125 298.4986572265625 640.0
9 528.4931640625 231.18313598632812 553.129150390625 251.24066162109375
10 156.19088745117188 229.95294189453125 194.96749877929688 336.51141357421875
5 168.59751892089844 199.62100219726562 188.2203826904297 212.69265747070312
10 431.00823974609375 226.29327392578125 494.85748291015625 340.983154296875
11 175.748291015625 167.6781005859375 318.9401550292969 554.9005126953125
10 154.9334716796875 227.603271484375 195.68499755859375 379.8948974609375
9 171.91036987304688 219.48126220703125 185.22055053710938 231.80718994140625