11 0.2421875 0.2 0.484375 0.4
10 0.2890625 0.34453125 0.265625 0.1109375
10 0.525 0.2859375 0.228125 0.228125
9 0.5452188566200021 0.18424411342295044 0.06947725334181776 0.06329997867599957
2 0.54765625 0.06953125 0.1828125 0.1390625
2 0.3357898599618199 0.1192987240610881 0.16936926002545344 0.18944540268936255
11 0.50078125 0.2 0.2765625 0.4
9 0.31851035860918453 0.2613044107256336 0.05690452800763594 0.05690452800763594
12 0.7633223245942306 0.21498448874122386 0.05873974801081765 0.08036020934118149
13 0.0796875 0.578125 0.159375 0.35625
11 0.10546875 0.63828125 0.2109375 0.4765625
2 304.8994140625 0.0 106.73992919921875 139.83334350585938
2 165.94503784179688 27.740615844726562 92.5799560546875 162.81114196777344
4 175.15969848632812 118.70382690429688 69.51025390625 30.82757568359375
4 318.70513916015625 34.994895935058594 87.92388916015625 53.41875457763672