5 0.07421875 0.47421875 0.034375 0.04453125
5 0.16875 0.48125 0.0375 0.05234375
5 0.2578125 0.48359375 0.03984375 0.0484375
5 0.35 0.48671875 0.0375 0.046875
5 0.44765625 0.48359375 0.034375 0.046875
5 0.52578125 0.48359375 0.04140625 0.046875
5 0.60546875 0.48125 0.034375 0.04140625
5 0.6640625 0.47578125 0.034375 0.04140625
5 0.74765625 0.4828125 0.03046875 0.046875
5 0.834375 0.47890625 0.03046875 0.0453125
5 0.921875 0.5015625 0.02890625 0.04140625
3 0.384375 0.6296875 0.02265625 0.028125
3 0.484375 0.63203125 0.01953125 0.02421875
3 0.56640625 0.625 0.01875 0.0265625
3 0.63671875 0.61796875 0.01953125 0.02265625
3 0.78984375 0.6234375 0.02109375 0.02578125
3 0.31875 0.6296875 0.02265625 0.02578125
3 0.93671875 0.59140625 0.02109375 0.02421875
7 0.42734375 0.75859375 0.0359375 0.0359375
7 0.28125 0.7625 0.04296875 0.0359375
7 0.23671875 0.76328125 0.0375 0.0375
7 0.1625 0.7640625 0.0359375 0.04453125
7 0.1 0.76875 0.03359375 0.03203125
7 0.046875 0.77109375 0.03828125 0.03515625
7 0.046875 0.828125 0.04375 0.046875
7 0.1640625 0.8296875 0.03046875 0.0390625
7 0.10078125 0.8296875 0.03203125 0.03515625
7 0.19296875 0.834375 0.0296875 0.03984375
7 0.24296875 0.8296875 0.04140625 0.04140625
7 0.2765625 0.8375 0.04140625 0.04140625
7 0.325 0.83046875 0.0421875 0.04140625
7 0.37109375 0.83359375 0.04140625 0.04140625
7 0.36796875 0.76484375 0.03125 0.0390625
7 0.32265625 0.7640625 0.046875 0.03515625
7 0.46328125 0.7609375 0.03359375 0.03046875
7 0.50703125 0.75703125 0.03828125 0.03046875
7 0.546875 0.75546875 0.03515625 0.03359375
7 0.590625 0.75 0.040625 0.03046875
7 0.625 0.75234375 0.02734375 0.0265625
7 0.67578125 0.75 0.04453125 0.0265625
7 0.721875 0.74453125 0.03671875 0.0375
7 0.77109375 0.740625 0.0484375 0.03203125
7 0.81328125 0.740625 0.040625 0.03359375
7 0.85 0.740625 0.05 0.0359375
7 0.91015625 0.73828125 0.03125 0.028125
7 0.94140625 0.74375 0.03125 0.0390625
7 0.428125 0.8328125 0.0359375 0.0375
7 0.459375 0.8375 0.03359375 0.0359375
7 0.5078125 0.84140625 0.0375 0.03359375
7 0.5453125 0.84296875 0.0296875 0.04140625
7 0.59140625 0.84609375 0.0359375 0.0296875
7 0.62421875 0.8484375 0.03203125 0.03359375
7 0.6796875 0.84765625 0.03359375 0.0375
7 0.725 0.853125 0.03671875 0.03203125
7 0.7640625 0.8546875 0.04296875 0.03046875
7 0.815625 0.8484375 0.03125 0.03046875
7 0.8546875 0.85234375 0.04453125 0.028125
7 0.91015625 0.85234375 0.02421875 0.028125
7 0.9375 0.85234375 0.03125 0.02578125
3 0.79140625 0.96875 0.03671875 0.03046875
3 0.703125 0.975 0.02578125 0.02265625
3 0.70703125 0.6203125 0.0296875 0.03046875
3 0.640625 0.9765625 0.02578125 0.0203125
3 0.5671875 0.96640625 0.028125 0.0296875
3 0.48359375 0.96171875 0.021875 0.03359375
3 0.4046875 0.959375 0.0265625 0.0203125
3 0.3828125 0.965625 0.02265625 0.0171875
3 0.321875 0.965625 0.03203125 0.0171875
3 0.88671875 0.621875 0.01875 0.0203125
4 0.07265625 0.46875 0.03359375 0.01484375
4 0.16796875 0.478125 0.0265625 0.01953125
4 0.25859375 0.47421875 0.0359375 0.01875
4 0.60546875 0.475 0.028125 0.01328125
4 0.66171875 0.475 0.0359375 0.01875
4 0.746875 0.4765625 0.0296875 0.01015625
4 0.834375 0.47421875 0.02890625 0.01640625
1 0.52421875 0.48359375 0.03515625 0.0203125
1 0.34921875 0.48203125 0.034375 0.015625
4 0.4453125 0.48359375 0.0359375 0.0171875
4 0.921875 0.496875 0.03203125 0.0109375
11 78.06246948242188 289.9420166015625 63.89910888671875 209.14111328125
11 563.2235107421875 304.48931884765625 60.252197265625 179.49310302734375
11 504.8063659667969 289.420166015625 59.899932861328125 196.08673095703125
11 192.2205047607422 292.68096923828125 62.213409423828125 204.0260009765625
10 22.327085494995117 321.3245849609375 50.009294509887695 79.56463623046875
10 570.5316162109375 339.01885986328125 43.0093994140625 61.490478515625
11 254.30474853515625 290.9793701171875 62.009765625 203.3306884765625
11 309.33526611328125 292.20074462890625 57.750244140625 199.77154541015625
11 452.0050048828125 289.9691162109375 54.9510498046875 194.6968994140625
11 134.13754272460938 282.50531005859375 62.93719482421875 212.6348876953125
11 359.66693115234375 288.14007568359375 54.614990234375 200.5762939453125
11 405.5423278808594 285.4342041015625 48.39495849609375 202.36212158203125
5 466.2565002441406 291.42718505859375 23.9952392578125 13.6090087890625
10 140.597412109375 321.74200439453125 53.177215576171875 86.19622802734375
11 10.409233093261719 284.38446044921875 69.78254699707031 213.37200927734375
10 366.3082580566406 322.93975830078125 43.327880859375 69.7177734375
5 412.6988525390625 287.26446533203125 22.474609375 13.60101318359375
10 312.15570068359375 329.3149719238281 47.2568359375 77.41070556640625
5 96.84539031982422 291.1671447753906 22.0753173828125 14.21923828125
5 34.23133850097656 285.40521240234375 22.775238037109375 13.2275390625
10 512.295166015625 323.2685546875 43.6865234375 60.3543701171875
9 158.25772094726562 309.0354919433594 15.44854736328125 12.8060302734375
5 580.341552734375 305.36334228515625 18.847900390625 12.680908203125
9 328.51727294921875 314.6392517089844 15.62646484375 13.6239013671875
9 217.4287872314453 314.44720458984375 14.643280029296875 12.3795166015625
11 6.575584411621094 284.7840576171875 77.48905944824219 355.052001953125
9 278.1536865234375 315.2415771484375 14.212890625 11.581298828125
9 525.7489624023438 307.2500305175781 15.4974365234375 13.41705322265625
5 521.9781494140625 289.19415283203125 21.6771240234375 11.3538818359375
9 470.7782897949219 312.51055908203125 14.49102783203125 11.1248779296875
9 38.400901794433594 305.5892333984375 16.60198974609375 12.301025390625
9 100.27574920654297 313.20220947265625 14.275741577148438 12.0943603515625
5 211.29006958007812 293.81207275390625 24.09368896484375 14.625
9 380.8150939941406 312.22552490234375 13.76788330078125 10.62750244140625
5 378.203369140625 289.89276123046875 20.729248046875 13.63067626953125
9 414.4295654296875 309.3174133300781 17.134033203125 15.58154296875
5 325.041259765625 293.66241455078125 22.92742919921875 13.5557861328125
10 85.70614624023438 327.293701171875 48.93577575683594 62.230712890625
9 584.2493286132812 332.443359375 13.26953125 12.875
10 198.70765686035156 328.6761169433594 55.70965576171875 74.28375244140625
10 458.3345947265625 324.4489440917969 44.5081787109375 75.50006103515625
2 273.5999755859375 292.99224853515625 23.0255126953125 14.16845703125
9 583.4571533203125 329.8442687988281 15.10546875 14.6175537109375
2 212.28140258789062 293.4639892578125 22.45654296875 13.4375
5 273.84033203125 293.0671081542969 23.4761962890625 14.13427734375
2 148.36184692382812 273.39813232421875 34.49932861328125 23.7913818359375
2 378.7965087890625 290.4631042480469 20.0172119140625 14.56884765625