2 0.5734375 0.38671875 0.25390625 0.33984375
3 0.50078125 0.68671875 0.115625 0.14453125
4 0.58046875 0.43984375 0.13515625 0.08203125
2 0.44609375 0.37265625 0.10703125 0.20234375
2 271.10369873046875 127.84561157226562 437.93829345703125 303.9876708984375
11 481.3807373046875 0.57525634765625 640.0 640.0
11 222.65911865234375 0.0 476.78350830078125 185.38677978515625
10 306.2176513671875 231.1495361328125 543.67919921875 471.27008056640625
11 234.76055908203125 103.6085205078125 587.472900390625 640.0
2 266.81866455078125 0.0 451.94952392578125 83.85527038574219
13 266.963623046875 0.1028900146484375 453.33935546875 83.24888610839844
10 524.7340698242188 217.47808837890625 640.0 561.90380859375