2 0.2765625 0.3640625 0.12734375 0.1484375
2 0.6453125 0.40625 0.0546875 0.053125
2 0.56640625 0.42734375 0.053125 0.0640625
6 0.50625 0.72421875 0.0375 0.065625
6 0.44921875 0.7265625 0.0484375 0.053125
7 0.57734375 0.7640625 0.05078125 0.09609375
7 0.653125 0.76171875 0.0359375 0.08125
3 0.3984375 0.6703125 0.03828125 0.05625
2 0.02109375 0.35859375 0.0421875 0.1265625
2 0.36015625 0.409375 0.065625 0.084375
2 0.47265625 0.41953125 0.05625 0.05859375
3 0.6078125 0.56640625 0.0359375 0.04296875
3 0.32578125 0.70859375 0.071875 0.065625
3 0.5171875 0.58046875 0.021875 0.03359375
7 0.39375 0.8625 0.06484375 0.090625
10 357.03955078125 278.90386962890625 77.27783203125 119.1650390625
2 136.91845703125 181.56143188476562 85.40576171875 68.7796630859375
11 342.90966796875 239.201416015625 99.1077880859375 274.7027587890625
10 95.34722900390625 267.25933837890625 129.48165893554688 184.4654541015625
10 272.0702209472656 277.76373291015625 53.80511474609375 79.388427734375
2 208.90045166015625 235.02850341796875 42.98419189453125 34.32196044921875
2 394.07879638671875 239.49127197265625 38.21868896484375 29.33837890625
11 0.02292633056640625 181.12030029296875 88.5541763305664 458.87969970703125
2 344.09100341796875 249.40072631835938 32.174072265625 30.43798828125
10 0.0 272.54583740234375 70.6360855102539 181.7371826171875
11 81.04580688476562 177.61109924316406 171.9715576171875 462.38890075683594
11 263.324462890625 246.0119171142578 76.85498046875 234.46214294433594
2 285.846435546875 247.4105224609375 31.7646484375 24.17315673828125
2 0.0 183.426513671875 29.171281814575195 62.61151123046875
11 187.53311157226562 233.41297912597656 87.97149658203125 346.90086364746094
11 526.4552001953125 0.3828277587890625 113.5447998046875 226.24441528320312
10 196.60617065429688 285.63201904296875 65.73193359375 161.9349365234375
9 186.76333618164062 265.42816162109375 16.3125 21.3382568359375
10 191.92910766601562 286.4686279296875 57.45587158203125 73.8587646484375
9 232.19033813476562 274.69268798828125 12.28741455078125 15.19873046875
9 358.6641845703125 276.9136962890625 12.8739013671875 11.9693603515625
11 187.65652465820312 232.11473083496094 88.19827270507812 214.12391662597656
11 204.01287841796875 277.32489013671875 77.59619140625 304.64508056640625