2 0.7953125 0.53359375 0.05390625 0.0359375
4 0.775 0.55546875 0.02421875 0.01328125
4 0.6171875 0.53984375 0.02421875 0.03203125
3 0.5765625 0.68046875 0.028125 0.04375
2 0.4640625 0.53984375 0.0265625 0.0265625
2 0.54921875 0.475 0.01796875 0.0171875
2 0.528125 0.44765625 0.01953125 0.01640625
2 0.4796875 0.44296875 0.0125 0.01328125
2 0.44921875 0.43359375 0.015625 0.01328125
2 0.4046875 0.43046875 0.0171875 0.01875
2 0.4 0.41171875 0.01953125 0.0109375
11 572.4183349609375 324.161865234375 640.0 559.089111328125
11 456.47088623046875 323.8111572265625 548.651123046875 563.8643798828125
10 581.63623046875 368.063720703125 639.7139892578125 458.988525390625
2 593.63134765625 327.98602294921875 633.123779296875 354.62493896484375
2 487.43035888671875 327.8496398925781 527.1182861328125 355.2673034667969
11 342.8841247558594 328.57244873046875 404.0275573730469 468.5975341796875
11 297.5743713378906 279.5960998535156 318.8270568847656 344.4454040527344
13 330.02410888671875 296.2152099609375 346.02056884765625 325.4383544921875
13 301.6489562988281 292.7218322753906 314.8188171386719 311.0324401855469
2 381.7671203613281 332.3238830566406 404.2873840332031 355.9989318847656
2 330.44512939453125 280.8281555175781 343.44140625 291.8679504394531
5 202.688720703125 562.403076171875 254.3560791015625 614.1700439453125
2 301.80389404296875 280.5831298828125 311.29736328125 288.752685546875
13 351.31732177734375 357.4993896484375 385.81951904296875 425.545654296875
11 326.26617431640625 279.7767333984375 347.85784912109375 357.330078125
9 493.5225524902344 357.02783203125 508.2933044433594 371.3897705078125
9 612.7150268554688 357.29803466796875 627.8519897460938 372.03289794921875
10 473.48468017578125 370.1590576171875 539.3463745117188 460.659912109375
11 237.59814453125 262.6141357421875 267.34326171875 355.50885009765625
13 346.13623046875 312.7845458984375 365.5535888671875 347.64703369140625
11 163.25030517578125 558.9493408203125 296.2248229980469 640.0
11 277.77313232421875 272.08319091796875 300.72222900390625 327.04351806640625
10 241.74993896484375 280.8467102050781 262.3255310058594 323.4792785644531
2 283.66741943359375 271.86529541015625 293.36492919921875 281.96417236328125