2 0.4984375 0.2953125 0.109375 0.18125
2 0.75859375 0.434375 0.071875 0.08671875
4 0.50625 0.31015625 0.0953125 0.03984375
3 0.240625 0.509375 0.07734375 0.04921875
3 0.43671875 0.58671875 0.0953125 0.07890625
0 0.70859375 0.5328125 0.0546875 0.0453125
7 0.54296875 0.7140625 0.05625 0.10703125
4 0.76796875 0.4515625 0.05 0.0234375
7 0.43203125 0.66875 0.0671875 0.08828125
2 281.29779052734375 127.11102294921875 359.8526611328125 195.4056396484375
10 265.942138671875 207.40423583984375 369.760498046875 325.4697265625
11 130.90826416015625 122.94699096679688 405.48321533203125 439.3299865722656
9 297.67633056640625 204.63690185546875 342.34124755859375 234.24853515625
10 453.10662841796875 289.1365966796875 530.0640258789062 362.46539306640625
11 420.3961181640625 246.66848754882812 543.564453125 366.6241149902344
2 463.93792724609375 249.80831909179688 509.32672119140625 285.0122375488281
9 476.1658935546875 287.045166015625 502.2935791015625 304.47760009765625
5 464.29736328125 249.25999450683594 509.65869140625 282.92626953125