2 0.58125 0.36640625 0.05625 0.06015625
2 0.41328125 0.3546875 0.0609375 0.075
2 0.14921875 0.32578125 0.08125 0.08984375
2 0.2546875 0.36640625 0.06796875 0.0640625
3 0.2015625 0.50625 0.03125 0.0453125
4 0.14375 0.328125 0.0734375 0.0265625
4 0.25546875 0.3625 0.0421875 0.01484375
4 0.41640625 0.3578125 0.0515625 0.01484375
4 0.58359375 0.36796875 0.03828125 0.01328125
2 0.9234375 0.446875 0.03203125 0.0453125
5 0.828125 0.46015625 0.0296875 0.03359375
5 0.7015625 0.44921875 0.03203125 0.03046875
5 0.646875 0.44609375 0.0296875 0.03203125
5 0.3109375 0.46484375 0.03359375 0.03515625
5 0.09140625 0.346875 0.05078125 0.06171875
3 0.34140625 0.55 0.01953125 0.02421875
7 0.16953125 0.8171875 0.07578125 0.0546875
7 0.1109375 0.8375 0.075 0.04921875
7 0.21640625 0.74296875 0.06015625 0.05078125
7 0.3859375 0.7296875 0.04921875 0.03984375
7 0.42890625 0.71953125 0.05390625 0.0359375
7 0.56796875 0.7078125 0.03984375 0.04453125
7 0.60390625 0.7078125 0.0453125 0.04140625
7 0.73359375 0.63203125 0.03203125 0.02109375
7 0.68515625 0.63046875 0.028125 0.01875
7 0.16953125 0.91796875 0.065625 0.0484375
7 0.1109375 0.9046875 0.0796875 0.05390625
11 212.8515625 202.3916778564453 106.1048583984375 271.55674743652344
11 427.6466064453125 274.00341796875 51.24169921875 133.920166015625
10 14.402786254882812 240.36032104492188 109.98046875 126.977783203125
11 502.8814392089844 279.22845458984375 49.548858642578125 122.3128662109375
11 564.5919189453125 270.44384765625 52.749267578125 145.4571533203125
11 329.30303955078125 209.62271118164062 84.8046875 252.989501953125
10 344.9498291015625 257.93438720703125 56.32818603515625 102.6734619140625
11 29.355487823486328 172.2606201171875 121.86422348022461 372.7630615234375
10 576.3036499023438 300.9859619140625 33.5340576171875 59.37701416015625
2 64.94589233398438 174.21966552734375 57.307159423828125 37.4967041015625
10 126.51193237304688 256.13604736328125 62.05328369140625 104.429931640625
2 139.71282958984375 209.3853302001953 41.444732666015625 29.7572021484375
11 394.93426513671875 273.90325927734375 35.099609375 133.6683349609375
11 111.28534698486328 202.6802978515625 88.47826385498047 288.76788330078125
2 352.958740234375 213.03822326660156 35.39410400390625 23.838714599609375
2 245.65467834472656 203.80197143554688 39.50645446777344 27.23248291015625
9 88.38114929199219 216.12696838378906 25.552520751953125 22.677093505859375
10 227.2254180908203 253.27877807617188 67.19395446777344 118.11883544921875
9 258.75140380859375 236.05303955078125 21.4739990234375 17.83837890625
2 579.6530151367188 273.39501953125 18.706298828125 15.9407958984375
9 364.1639709472656 240.75245666503906 19.75811767578125 15.141326904296875
9 155.1895751953125 239.01913452148438 19.15093994140625 17.14813232421875
10 513.5562744140625 302.6689453125 29.340087890625 59.01416015625
10 404.8054504394531 299.83697509765625 21.10302734375 43.2823486328125
10 436.26678466796875 297.17230224609375 32.677734375 55.22869873046875
9 445.0037841796875 288.8515625 11.042724609375 8.8968505859375
11 0.0 182.02349853515625 79.46586608886719 334.98016357421875
9 44.153438568115234 230.504150390625 13.833023071289062 15.87890625
9 525.9002685546875 295.56024169921875 9.9970703125 9.6412353515625
10 186.6678009033203 300.855712890625 22.109100341796875 42.570556640625
9 587.3665771484375 291.73028564453125 11.344482421875 11.5596923828125
5 439.5361328125 275.7306823730469 18.0035400390625 11.2984619140625
9 407.42938232421875 288.88311767578125 10.9678955078125 8.918212890625
5 42.17620086669922 203.08946228027344 30.73833465576172 21.697906494140625
13 232.18170166015625 252.93450927734375 61.66180419921875 118.11126708984375
2 522.7369995117188 282.1955871582031 15.76220703125 12.671875
11 175.14772033691406 212.00558471679688 38.1722412109375 185.85662841796875
5 403.79156494140625 275.4488525390625 17.21588134765625 14.599853515625
11 201.52352905273438 204.898193359375 52.7774658203125 220.62945556640625