2 0.59921875 0.53046875 0.04921875 0.0578125
2 0.16171875 0.55390625 0.05078125 0.053125
2 0.0390625 0.503125 0.0484375 0.0578125
2 0.7859375 0.5359375 0.04375 0.05234375
2 0.3890625 0.41171875 0.04296875 0.0546875
2 0.3453125 0.29453125 0.03203125 0.03359375
2 0.31640625 0.2703125 0.028125 0.04140625
2 0.5640625 0.42265625 0.04765625 0.06015625
2 0.62265625 0.4265625 0.0453125 0.05234375
2 0.790625 0.42890625 0.05078125 0.05859375
2 0.83984375 0.41953125 0.0390625 0.04296875
2 0.77421875 0.40625 0.0359375 0.03984375
2 0.34140625 0.04140625 0.028125 0.03203125
2 0.3171875 0.06796875 0.03203125 0.034375
7 0.73515625 0.80234375 0.0546875 0.03984375
7 0.59921875 0.81484375 0.065625 0.034375
7 0.7984375 0.80078125 0.04453125 0.0359375
7 0.79453125 0.85703125 0.0390625 0.04375
7 0.7375 0.85859375 0.059375 0.03984375
7 0.3265625 0.48203125 0.02890625 0.0265625
7 0.27890625 0.4703125 0.0328125 0.0296875
3 0.76875 0.4953125 0.0390625 0.0296875
3 0.4 0.46640625 0.028125 0.03046875
3 0.090625 0.65 0.02578125 0.028125
11 179.200439453125 171.8614501953125 247.81381225585938 312.15045166015625
11 76.47381591796875 336.1339111328125 144.58712768554688 598.5827026367188
10 85.05534362792969 368.39556884765625 130.5404052734375 462.56378173828125
2 381.9735412597656 255.32485961914062 409.8149108886719 276.7013244628906
10 188.93826293945312 197.289306640625 222.68862915039062 245.1669921875
11 212.99951171875 242.9117889404297 269.10858154296875 423.82794189453125
10 173.18304443359375 182.98159790039062 200.85281372070312 230.7822265625
2 346.59228515625 252.75225830078125 375.47265625 273.73284912109375
10 218.79248046875 278.2609558105469 260.46630859375 341.5376892089844
2 8.673880577087402 306.6143798828125 38.12268829345703 326.8814697265625
11 1.4861812591552734 304.60546875 63.517845153808594 421.28240966796875
11 168.57252502441406 159.18646240234375 212.5227508544922 307.2998352050781
5 237.7578125 245.00643920898438 263.40692138671875 269.0622863769531
2 192.81558227539062 160.0849151611328 214.83822631835938 176.85499572753906
10 0.29911041259765625 338.18743896484375 42.687217712402344 449.1253662109375
11 373.750732421875 254.87574768066406 424.15234375 425.3582763671875
2 501.37396240234375 250.09475708007812 545.2037963867188 274.0175476074219
11 0.31352996826171875 304.4869384765625 58.171695709228516 503.9046630859375
11 459.86383056640625 248.1544189453125 561.2196655273438 526.8973999023438
10 368.57623291015625 287.5645751953125 409.37164306640625 353.4427490234375
11 481.41839599609375 248.2506103515625 561.6779174804688 415.7344970703125
11 343.9019775390625 251.6826171875 410.533447265625 640.0
2 208.0571746826172 175.10292053222656 229.58851623535156 193.8549346923828
9 393.1718444824219 279.868408203125 403.6640930175781 290.1405029296875
9 238.64996337890625 270.90997314453125 253.3828125 283.48980712890625
2 486.8176574707031 247.4058837890625 545.681396484375 274.82513427734375