4 0.90625 0.28828125 0.0953125 0.03671875
4 0.1984375 0.37109375 0.09296875 0.03125
0 0.84921875 0.4609375 0.0546875 0.059375
0 0.83828125 0.528125 0.05546875 0.05
2 0.640625 0.25625 0.084375 0.11015625
2 0.19453125 0.35078125 0.1078125 0.14609375
2 0.91171875 0.28359375 0.11015625 0.1625
4 0.64375 0.26484375 0.05234375 0.02109375
2 0.27578125 0.3296875 0.0671875 0.08203125
2 0.52890625 0.39296875 0.059375 0.0734375
2 0.96484375 0.409375 0.0375 0.04296875
7 0.49765625 0.69375 0.0546875 0.05625
7 0.57265625 0.6875 0.04921875 0.05234375
0 0.0703125 0.70625 0.065625 0.0578125
0 0.34375 0.48359375 0.0421875 0.0375
0 0.66875 0.4546875 0.08671875 0.0578125
7 0.28984375 0.82265625 0.09609375 0.10078125
7 0.63515625 0.79609375 0.1140625 0.07890625
2 546.3909912109375 131.55099487304688 74.178955078125 56.376068115234375
11 0.0 173.96983337402344 210.4991455078125 466.03016662597656
10 393.6725158691406 189.46701049804688 72.8927001953125 120.81915283203125
2 83.98149108886719 176.4263916015625 80.74468994140625 54.59259033203125
2 379.8037109375 122.94483947753906 57.600341796875 45.42822265625
10 52.599822998046875 272.4532470703125 111.20721435546875 148.4857177734375
2 154.42759704589844 183.07077026367188 41.224700927734375 36.64111328125
9 560.4154052734375 198.4122314453125 37.2158203125 26.60498046875
11 443.5532531738281 128.09649658203125 177.98117065429688 511.90350341796875
11 381.422119140625 119.67498779296875 98.31396484375 509.67510986328125
10 148.74200439453125 237.778564453125 51.78619384765625 51.98681640625
9 396.69830322265625 174.4596405029297 27.7099609375 19.889373779296875
9 105.67520141601562 246.69418334960938 43.90483093261719 27.89190673828125
9 160.34451293945312 223.77255249023438 20.05352783203125 15.43902587890625
10 146.96481323242188 237.77777099609375 54.593505859375 111.73388671875
11 139.23760986328125 180.3743133544922 78.76156616210938 209.95655822753906
11 139.07073974609375 182.50384521484375 76.0653076171875 345.45745849609375