10 0.08046875 0.11171875 0.1609375 0.2234375
10 0.45703125 0.1909304654280411 0.1578125 0.29246131468808995
9 0.43046875 0.035933882757768563 0.0546875 0.05063634667409058
11 0.4109375 0.275 0.296875 0.55
11 0.14609375 0.275 0.2921875 0.55
11 0.98515625 0.1828125 0.0296875 0.1375
11 0.19453125 0.775 0.3890625 0.45
10 0.925 0.7859375 0.15 0.428125
11 0.84609375 0.775 0.3078125 0.45
9 0.921875 0.56171875 0.078125 0.0234375
3 217.42030334472656 102.88697814941406 251.99855041503906 156.55052185058594
2 241.23904418945312 0.484954833984375 354.3889465332031 51.979854583740234
3 217.01211547851562 125.95790100097656 263.666259765625 184.7203826904297