13 0.28622176278761946 0.31796875 0.18657486689726746 0.378125
2 0.2774472473677214 0.08046875 0.08178633118569749 0.0921875
11 0.21953125 0.26953125 0.4171875 0.4984375
13 0.04784454313643636 0.8625 0.02836134933607006 0.040625
11 0.04941613349551597 0.8609375 0.03466589149054773 0.05
2 0.8220001815037261 0.846875 0.034556807181592576 0.03125
9 0.8210325791425941 0.87890625 0.018886355386194254 0.0234375
13 0.7997933833973201 0.90390625 0.06457156010845858 0.0875
11 0.8140625 0.91328125 0.1125 0.1734375
2 153.7385711669922 23.215652465820312 53.7125244140625 66.5184326171875
0 30.889270782470703 53.41924285888672 30.492034912109375 39.08872985839844