13 0.128125 0.1703125 0.190625 0.340625
11 0.16640625 0.23984375 0.3109375 0.4796875
9 0.13359375 0.02421875 0.0609375 0.0484375
2 0.63359375 0.9734375 0.1734375 0.053125
2 0.8185194492759571 0.8465360523098184 0.14102608402290792 0.169559041958086
11 0.8296875 0.8796875 0.290625 0.240625
3 117.95498657226562 143.99411010742188 155.8597412109375 210.54354858398438
2 479.98858642578125 487.489013671875 568.6920776367188 636.5654296875
3 32.59161376953125 128.700439453125 65.91555786132812 199.1324462890625
2 50.63002395629883 0.0 114.40431213378906 34.55054473876953
2 361.45245361328125 606.8377685546875 449.39385986328125 640.0