5 0.45390625 0.3453125 0.125 0.1171875
2 0.61640625 0.234375 0.09921875 0.1171875
2 0.73125 0.54375 0.07890625 0.10859375
0 0.49140625 0.4578125 0.0484375 0.0625
0 0.68359375 0.3953125 0.059375 0.05703125
2 0.61796875 0.0890625 0.09453125 0.121875
2 0.48671875 0.26484375 0.11796875 0.08046875
0 0.38671875 0.55078125 0.06484375 0.0734375
0 0.38984375 0.49921875 0.06015625 0.06171875
7 0.30078125 0.721875 0.109375 0.065625
6 0.5453125 0.6421875 0.07265625 0.084375
0 0.746875 0.66953125 0.0421875 0.06171875
0 0.853125 0.64375 0.0625 0.0484375
4 0.453125 0.35859375 0.04765625 0.05625
2 441.3944091796875 310.58416748046875 53.9285888671875 49.7728271484375
2 370.9527587890625 106.40416717529297 59.248291015625 70.49152374267578
11 43.352203369140625 164.3443603515625 214.85232543945312 475.6556396484375
11 415.89373779296875 307.61273193359375 132.2841796875 332.38726806640625
13 428.18170166015625 373.4593505859375 60.9071044921875 100.464111328125
13 55.7381591796875 188.94766235351562 195.28591918945312 163.5150146484375
13 285.5081481933594 138.0518798828125 125.911865234375 132.87451171875
10 53.32958221435547 189.76431274414062 196.38098907470703 161.25933837890625
13 321.3033752441406 137.51791381835938 90.121826171875 127.50558471679688
11 286.40966796875 99.72775268554688 147.001953125 349.58551025390625
10 428.4279479980469 373.5805969238281 59.80804443359375 101.3681640625