5 0.26171875 0.42890625 0.08359375 0.09765625
2 0.46484375 0.46484375 0.10625 0.10546875
2 0.61484375 0.4359375 0.07421875 0.0921875
2 0.88046875 0.475 0.09296875 0.109375
4 0.60234375 0.44140625 0.06015625 0.02421875
2 0.85 0.44609375 0.0625 0.08203125
1 0.8796875 0.48203125 0.06875 0.0265625
3 0.78828125 0.53046875 0.0375 0.03046875
3 0.58046875 0.65625 0.0359375 0.04296875
3 0.1859375 0.8015625 0.0484375 0.046875
3 0.1859375 0.8640625 0.05625 0.0390625
4 0.4421875 0.4796875 0.05390625 0.02265625
2 259.2718200683594 261.55303955078125 81.6143798828125 49.42388916015625
2 363.271484375 247.6590118408203 57.025146484375 35.45689392089844
10 97.47733306884766 313.6876220703125 136.04155731201172 209.02978515625
11 519.9066162109375 258.8116455078125 118.8046875 381.1883544921875
11 71.06372833251953 228.17620849609375 192.37877655029297 411.78131103515625
11 342.28326416015625 244.6785888671875 116.0679931640625 394.9033203125
10 359.7449645996094 304.99029541015625 87.65777587890625 162.93994140625
11 182.13803100585938 254.95245361328125 195.85205078125 384.3280029296875
13 533.335205078125 330.3869934082031 77.51611328125 128.31915283203125
9 370.45379638671875 286.85162353515625 24.4921875 19.405029296875
9 542.5546875 315.64154052734375 31.7955322265625 18.965087890625
2 533.1946411132812 262.628662109375 59.5947265625 45.601806640625
9 268.73345947265625 307.3662109375 23.696533203125 21.44091796875
5 134.8021240234375 242.03280639648438 63.9705810546875 49.32049560546875
11 482.25982666015625 250.796142578125 86.9637451171875 337.91387939453125
10 495.22601318359375 320.69049072265625 52.4381103515625 114.53302001953125
10 252.02679443359375 319.50189208984375 109.792236328125 175.411865234375
2 524.119140625 257.426513671875 42.5673828125 30.90167236328125