5 0.18515625 0.3703125 0.11875 0.059375
5 0.2859375 0.2859375 0.125 0.0765625
5 0.51640625 0.1796875 0.0671875 0.121875
9 0.28671875 0.3875 0.06875 0.034375
10 0.0625 0.24609375 0.125 0.1328125
10 0.15078125 0.521875 0.3015625 0.215625
10 0.31484375 0.4390625 0.128125 0.190625
10 0.49453125 0.05703125 0.1109375 0.1140625
10 0.34375 0.0734375 0.1125 0.146875
10 0.184375 0.0265625 0.071875 0.053125
11 0.17890625 0.103125 0.0953125 0.20625
11 0.06328125 0.27109375 0.1265625 0.3484375
11 0.215625 0.4828125 0.43125 0.29375
11 0.3296875 0.42890625 0.246875 0.4015625
11 0.49375 0.37265625 0.1125 0.5140625
11 0.3453125 0.15 0.165625 0.3
11 0.48515625 0.14375 0.1296875 0.2875
11 0.4140625 0.696875 0.015625 0.015625
13 0.4140625 0.7015625 0.0125 0.009375
11 0.71953125 0.8125 0.3390625 0.365625
0 19.064302444458008 228.32333374023438 47.43849182128906 275.0796203613281