2 0.50703125 0.090625 0.1046875 0.18125
2 0.37444250555914493 0.1385746031466991 0.15883062021691713 0.17591812626704134
2 0.08005670130441878 0.16528813583320706 0.13824540944452868 0.1289249515990063
9 0.08627995110802704 0.29494381957642835 0.08793633723582168 0.07550906010845856
9 0.3456776770057261 0.2973410699692118 0.09894656010845856 0.08807269262201593
9 0.53046875 0.37578125 0.0578125 0.1484375
10 0.096875 0.390625 0.19375 0.11875
11 0.12734375 0.2734375 0.2546875 0.353125
11 0.31875 0.246875 0.325 0.40625
11 0.48515625 0.225 0.1484375 0.45
8 0.7796875 0.2421875 0.440625 0.340625
10 0.7796875 0.40078125 0.440625 0.0984375
11 0.7796875 0.225 0.440625 0.45
10 0.1796875 0.5984375 0.278125 0.296875
2 0.3171875 0.48125 0.09375 0.0625
11 0.2296875 0.725 0.459375 0.55
2 10.166099548339844 70.71755981445312 83.13729095458984 146.89385986328125
4 17.04155731201172 130.4454345703125 71.14771270751953 36.9903564453125
1 198.85675048828125 118.68783569335938 71.61376953125 59.454559326171875
2 192.54306030273438 39.076141357421875 91.47695922851562 195.22705078125