2 0.44296875 0.325 0.2 0.2453125
2 0.0921875 0.340625 0.184375 0.1828125
2 0.865625 0.503125 0.21484375 0.1421875
0 0.3203125 0.76015625 0.121875 0.109375
0 0.32421875 0.8515625 0.12734375 0.09375
0 0.3296875 0.9609375 0.090625 0.07109375
1 0.06328125 0.37421875 0.0890625 0.12265625
4 0.44453125 0.38515625 0.10546875 0.0890625
2 0.4328125 0.0890625 0.2078125 0.175
2 0.09609375 0.07109375 0.1921875 0.1421875
0 0.32109375 0.64765625 0.1046875 0.11015625
0 0.5421875 0.57421875 0.1015625 0.11015625
0 0.0578125 0.675 0.115625 0.125
1 0.8078125 0.54609375 0.08984375 0.0453125
0 0.05078125 0.93046875 0.1015625 0.1390625
2 0.530792236328125 148.27749633789062 120.20684051513672 122.78701782226562
2 207.44935607910156 116.69237518310547 134.83189392089844 123.96918487548828
11 0.6485595703125 83.9307861328125 639.3514404296875 548.2535400390625
9 269.37628173828125 246.18475341796875 58.12091064453125 40.75689697265625
9 21.051456451416016 224.15335083007812 32.52394104003906 48.30230712890625
11 0.1673736572265625 107.65966796875 187.72581481933594 532.34033203125
11 184.5159912109375 0.0066986083984375 448.5814208984375 150.27232360839844
11 0.0 0.0 130.7646942138672 149.97703552246094
2 503.537353515625 267.45428466796875 124.2557373046875 105.8271484375
11 409.0943298339844 331.58843994140625 230.82937622070312 281.48919677734375
9 302.5863037109375 246.20742797851562 121.1043701171875 115.294189453125
11 0.6212158203125 0.0 422.90716552734375 155.76034545898438