2 0.1765625 0.434375 0.1171875 0.12578125
2 0.30546875 0.46171875 0.10234375 0.08671875
2 0.453125 0.44375 0.07734375 0.08515625
2 0.5703125 0.46171875 0.04609375 0.06171875
2 0.70859375 0.453125 0.0515625 0.0640625
4 0.3203125 0.46171875 0.0640625 0.034375
3 0.55 0.51171875 0.05625 0.034375
4 0.78125 0.46875 0.034375 0.01640625
7 0.60625 0.73203125 0.05 0.04375
2 0.515625 0.4796875 0.040625 0.05078125
3 0.175 0.83125 0.0625 0.07578125
3 0.175 0.9140625 0.06796875 0.0625
4 0.184375 0.434375 0.0828125 0.0390625
4 0.46015625 0.44375 0.0546875 0.02421875
2 0.7859375 0.46640625 0.046875 0.0546875
4 0.565625 0.46171875 0.03515625 0.01171875
3 0.828125 0.60234375 0.02421875 0.0265625
2 0.36640625 0.48046875 0.040625 0.06015625
7 0.6890625 0.7609375 0.05078125 0.04296875
7 0.74921875 0.7671875 0.04296875 0.04140625
7 0.81796875 0.7265625 0.03203125 0.0296875
7 0.771875 0.71328125 0.04296875 0.0296875
7 0.56015625 0.7390625 0.03203125 0.0390625
2 0.07109375 0.47890625 0.02421875 0.028125
5 0.0953125 0.48515625 0.01875 0.02421875
2 71.8721923828125 234.97622680664062 148.0600128173828 285.1057434082031
2 164.1407470703125 263.84149169921875 221.55374145507812 316.39947509765625
10 162.71170043945312 338.59661865234375 236.42916870117188 496.84246826171875
11 479.19183349609375 280.55328369140625 533.9974975585938 470.4334716796875
2 266.8590087890625 254.55718994140625 312.5576171875 286.0787353515625
11 50.732879638671875 231.72344970703125 194.74407958984375 639.7344360351562
10 484.50408935546875 316.972412109375 524.4927978515625 386.8043212890625
11 418.87750244140625 269.65191650390625 495.22491455078125 490.31915283203125
10 351.574462890625 313.83062744140625 386.636962890625 383.60992431640625
11 334.7816162109375 274.95684814453125 395.8526611328125 482.3880615234375
11 149.70315551757812 260.1290283203125 247.27212524414062 640.0
10 233.53033447265625 304.77069091796875 308.471923828125 424.32769775390625
10 429.07415771484375 311.08251953125 484.93707275390625 401.6629638671875
11 234.7173614501953 251.22239685058594 333.00006103515625 640.0
10 76.49371337890625 319.85302734375 175.47500610351562 537.6937255859375
2 439.84149169921875 270.8770751953125 469.68389892578125 294.9969482421875
2 349.21673583984375 276.70025634765625 375.37701416015625 294.5230712890625
9 279.1236572265625 288.6121826171875 302.41351318359375 303.4793701171875
9 354.94873046875 301.00567626953125 371.6571044921875 312.93389892578125
9 110.88699340820312 290.16790771484375 142.28968811035156 312.10223388671875
9 492.4693908691406 301.8558349609375 507.3931579589844 314.460693359375
2 220.40554809570312 288.8563537597656 242.92001342773438 308.1474914550781
11 33.457313537597656 298.72967529296875 55.594093322753906 388.3768310546875
2 318.50897216796875 291.98126220703125 342.87567138671875 308.7254638671875
5 55.26984405517578 301.890380859375 65.8847885131836 311.05389404296875
2 488.96197509765625 281.9964599609375 518.0200805664062 299.824951171875
10 47.47819519042969 301.42254638671875 68.57538604736328 380.30609130859375
11 46.78142547607422 299.2554931640625 73.96414947509766 382.8404541015625
9 324.53167724609375 312.2574462890625 337.14337158203125 322.3843994140625
11 212.32415771484375 287.796142578125 250.55865478515625 581.0439453125
9 222.14715576171875 316.14276123046875 240.73260498046875 332.15130615234375
9 224.40087890625 313.99407958984375 241.19268798828125 327.98431396484375
11 315.89276123046875 288.75970458984375 355.40130615234375 474.07525634765625
10 34.76677703857422 313.1136169433594 53.552467346191406 351.4267272949219
11 217.31109619140625 288.08935546875 247.19110107421875 503.227294921875
9 444.27142333984375 298.16253662109375 456.8712158203125 308.89324951171875