2 0.34296875 0.246875 0.05546875 0.06328125
2 0.2609375 0.4078125 0.065625 0.0703125
2 0.41171875 0.43828125 0.0578125 0.065625
2 0.66328125 0.37421875 0.0515625 0.06640625
2 0.56015625 0.33359375 0.053125 0.06796875
2 0.7609375 0.56875 0.06328125 0.06328125
2 0.47421875 0.39609375 0.05078125 0.059375
3 0.64140625 0.50078125 0.0265625 0.03125
3 0.18046875 0.56640625 0.0234375 0.0328125
4 0.41171875 0.44375 0.05390625 0.01875
4 0.25390625 0.4234375 0.0328125 0.03203125
3 0.2234375 0.52578125 0.03203125 0.0375
3 0.4296875 0.57265625 0.0203125 0.02421875
3 0.43671875 0.5671875 0.02578125 0.0234375
3 0.6625 0.5109375 0.0265625 0.0296875
3 0.86328125 0.65546875 0.02421875 0.034375
7 0.684375 0.57578125 0.0484375 0.09140625
7 0.60703125 0.5640625 0.0453125 0.0875
7 0.55546875 0.646875 0.05234375 0.07265625
7 0.51640625 0.64296875 0.06953125 0.10078125
7 0.5 0.61484375 0.040625 0.06796875
7 0.4203125 0.6296875 0.06015625 0.065625
0 0.39375 0.3828125 0.025 0.040625
13 315.27227783203125 228.53054809570312 59.1014404296875 98.63067626953125
11 166.78182983398438 133.89669799804688 89.8099365234375 225.92202758789062
11 391.1800537109375 214.07330322265625 79.48980712890625 129.20941162109375
10 187.4579315185547 167.5611572265625 57.882049560546875 80.72882080078125
10 407.40435791015625 254.9778289794922 52.6495361328125 70.24378967285156
11 302.01824951171875 185.1251220703125 82.8719482421875 254.44580078125
11 216.38165283203125 256.73846435546875 102.3585205078125 136.292236328125
2 340.5723571777344 188.9502716064453 37.591064453125 29.951171875
2 245.966796875 256.8438415527344 35.5152587890625 25.709716796875
2 284.3779296875 233.2762451171875 32.2906494140625 39.5537109375
10 230.06951904296875 297.3033447265625 54.50445556640625 84.2716064453125
2 407.8035888671875 217.20648193359375 36.5699462890625 25.532958984375
13 433.23284912109375 376.62335205078125 62.3775634765625 91.633544921875
9 419.2313232421875 247.81060791015625 17.18310546875 11.848785400390625
11 281.273681640625 232.1226348876953 38.6131591796875 91.80039978027344
9 351.55181884765625 221.00674438476562 12.978515625 13.84197998046875
11 60.293853759765625 230.535400390625 128.49517822265625 193.15863037109375
13 66.40408325195312 253.20193481445312 91.21414184570312 88.95782470703125
9 252.11489868164062 288.16265869140625 21.4537353515625 12.43402099609375
2 464.9879150390625 339.9608154296875 43.4390869140625 32.73681640625
5 203.59039306640625 136.62240600585938 31.59490966796875 32.3043212890625