11 0.2765625 0.19453125 0.146875 0.3890625
11 0.16640625 0.19453125 0.2828125 0.3890625
11 0.0890625 0.19453125 0.178125 0.3890625
10 0.06015625 0.0828125 0.1203125 0.165625
10 0.1546875 0.103125 0.184375 0.20625
11 0.74921875 0.3109375 0.1484375 0.15625
10 0.071875 0.7359375 0.14375 0.44375
11 0.1375 0.68359375 0.275 0.5890625
9 0.021875 0.490625 0.04375 0.065625
11 0.6984375 0.75390625 0.440625 0.4921875
10 0.64921875 0.8875 0.2359375 0.225
10 0.44296875 0.83515625 0.1859375 0.3296875
9 0.421875 0.6799756646244565 0.0625 0.05697725334181776
2 0.42578125 0.53515625 0.1515625 0.2109375
2 0.61171875 0.620735382598685 0.15 0.17049540802036275
11 0.46953125 0.7171875 0.2390625 0.565625
9 0.62578125 0.749478000596776 0.05 0.052144302673454136
2 351.731201171875 350.73834228515625 82.342529296875 146.98486328125
0 16.91968536376953 77.98210144042969 30.560592651367188 44.765167236328125
2 221.85919189453125 281.5923156738281 89.75152587890625 187.510498046875
2 352.41473388671875 351.00299072265625 81.0521240234375 90.63494873046875
1 358.66912841796875 430.1495056152344 68.906494140625 29.32781982421875
0 486.06939697265625 581.6434326171875 74.1778564453125 58.30126953125
1 224.52040100097656 359.50927734375 72.15684509277344 54.9481201171875
0 486.3800048828125 605.3681640625 76.926025390625 34.6318359375
2 0.0 248.77664184570312 40.17643737792969 73.4989013671875