2 0.43515625 0.52734375 0.2015625 0.1234375
11 0.3828125 0.5203125 0.3125 0.1375
12 0.4578125 0.778125 0.1625 0.378125
9 0.270627603437268 0.871741106269957 0.07748974801081765 0.0801329275949012
5 0.28601515141626893 0.7169536123200813 0.10103633601209036 0.08964428298109546
10 0.25703125 0.959375 0.2015625 0.08125
11 0.32890625 0.828125 0.4203125 0.34375
5 147.6058349609375 435.74603271484375 221.08734130859375 591.7648315429688
4 151.36172485351562 489.47314453125 209.88699340820312 531.74560546875
4 152.47457885742188 488.83148193359375 208.78182983398438 520.5827026367188
5 552.2159423828125 441.5960693359375 576.769775390625 463.45849609375