13 0.82890625 0.246875 0.2953125 0.30625
13 0.80078125 0.2953125 0.3203125 0.209375
9 0.87415109318775 0.06328125 0.08775453005422947 0.04375
5 0.85 0.0140625 0.125 0.028125
13 0.7309510599120669 0.1578125 0.11940450585373234 0.1125
5 0.7422016564194666 0.07734375 0.053252265027114734 0.021875
11 0.7152260659621911 0.140625 0.14155221662612102 0.159375
11 0.64609375 0.30546875 0.1046875 0.1890625
11 0.83828125 0.2 0.3234375 0.4
12 0.4296875 0.7765625 0.040625 0.121875
12 0.6956822221852659 0.64765625 0.04109769867214012 0.08125
12 0.8703413337197802 0.5890625 0.020621572208706952 0.053125
10 0.5469487646343312 0.4625 0.007930674668035032 0.0203125
11 0.5485567164297293 0.4703125 0.012827252926866173 0.05625
3 135.81234741210938 391.69903564453125 173.89797973632812 427.51055908203125
2 490.3836975097656 0.0 606.8343505859375 61.49995040893555
2 91.10490417480469 148.367431640625 120.01194763183594 192.21533203125
2 39.28395080566406 127.30706787109375 53.210662841796875 146.89715576171875
4 525.8372802734375 7.924114227294922 595.2353515625 30.850589752197266
1 525.4559326171875 6.973350524902344 593.9222412109375 33.58155822753906