10 0.734375 0.04765625 0.53125 0.0953125
11 0.675 0.24453125 0.65 0.4890625
2 0.8453125 0.52890625 0.159375 0.0796875
9 0.8697805294000425 0.64921875 0.09943747334499946 0.0859375
9 0.6097520960773146 0.72734375 0.18308631468808995 0.1578125
10 0.515625 0.90078125 0.33125 0.1984375
10 0.87578125 0.86640625 0.2453125 0.2671875
11 0.86953125 0.74453125 0.2609375 0.5109375
11 0.5609375 0.74453125 0.421875 0.5109375
5 303.7476806640625 326.97064208984375 449.3582763671875 516.8160400390625
1 361.32049560546875 416.42242431640625 437.90924072265625 478.04876708984375
3 453.6910400390625 47.19623565673828 517.191650390625 105.90972137451172
5 500.03515625 313.66058349609375 592.240478515625 454.53936767578125
1 510.350830078125 341.7957763671875 591.0318603515625 412.722900390625
4 361.2926330566406 421.90814208984375 433.8614196777344 479.88348388671875