10 0.55625 0.02109375 0.178125 0.0421875
11 0.50859375 0.12578125 0.3015625 0.2515625
2 0.93359375 0.2 0.1328125 0.190625
2 0.703125 0.29296875 0.0875 0.1421875
9 0.709375 0.4195510733609078 0.09375 0.08390338001272682
9 0.9546875 0.3625 0.090625 0.096875
10 0.77109375 0.515625 0.2234375 0.146875
11 0.803125 0.396875 0.2875 0.384375
11 0.88671875 0.34453125 0.2265625 0.4890625
12 0.1671875 0.79453125 0.334375 0.4109375
11 0.3296875 0.79453125 0.659375 0.4109375
10 0.440625 0.8515625 0.30625 0.296875
9 0.38125 0.6766032414067238 0.146875 0.14545904535327167
2 419.8769836425781 154.16659545898438 62.631103515625 147.45535278320312
2 567.0811767578125 81.23419189453125 72.841796875 204.13357543945312
1 578.5242919921875 159.33621215820312 61.4757080078125 56.276123046875
4 421.8548583984375 206.17611694335938 61.9000244140625 55.67315673828125
4 421.45416259765625 205.09567260742188 72.21484375 87.8006591796875
4 422.13848876953125 207.09226989746094 50.3319091796875 47.82733154296875