9 0.20227609318774994 0.053810964592639766 0.04547612646343317 0.02865225867281791
10 0.25703125 0.096875 0.0640625 0.15625
5 0.16328125 0.021875 0.0796875 0.04375
11 0.19609375 0.18203125 0.1859375 0.3640625
11 0.1109375 0.37578125 0.221875 0.3859375
8 0.75546875 0.45390625 0.4890625 0.2296875
5 0.7625 0.2171875 0.475 0.196875
11 0.64453125 0.3328125 0.7109375 0.471875
8 0.0390625 0.91484375 0.078125 0.1703125
5 0.11822380093507637 0.7306103692711847 0.1868283551898024 0.15528857869190782
11 0.1234375 0.81796875 0.246875 0.3640625
3 156.823974609375 116.77430725097656 185.17153930664062 141.5646209716797
3 97.52519226074219 188.92884826660156 139.29562377929688 216.7289276123047
5 10.94919204711914 430.4307861328125 124.04403686523438 584.0553588867188
1 18.59141731262207 508.7579345703125 74.33232116699219 554.2890625
1 20.54663848876953 507.74346923828125 74.4971923828125 574.3511352539062
4 100.60594177246094 4.171342849731445 148.58070373535156 27.619993209838867
2 81.27265930175781 0.07710647583007812 151.97166442871094 41.221900939941406