8 0.0359375 0.0640625 0.071875 0.084375
13 0.06171875 0.234375 0.1234375 0.271875
11 0.10546875 0.2046875 0.2109375 0.409375
11 0.84765625 0.2046875 0.3046875 0.409375
11 0.67734375 0.2046875 0.3546875 0.409375
13 0.31328125 0.56015625 0.1359375 0.3015625
11 0.3171875 0.7046875 0.175 0.590625
11 0.4734375 0.7046875 0.053125 0.590625
5 0.7548933012810479 0.4972723713952676 0.011101132001908987 0.014126132513557366
10 0.755210927275639 0.5371115762157277 0.017678396005727137 0.04228749394987581
11 0.7451092212762753 0.5324831635497452 0.043223836012090365 0.08930793969514976
9 0.7500239879455934 0.5129246424725065 0.00950226933481808 0.010992042154477666
2 324.46148681640625 433.83856201171875 87.91595458984375 89.580322265625
2 1.3352775573730469 16.871856689453125 39.69343566894531 51.95062255859375
3 558.8275756835938 68.27749633789062 56.4384765625 79.39047241210938
5 18.910797119140625 0.0 30.990585327148438 29.798662185668945
1 354.6003723144531 461.6126708984375 26.7017822265625 46.0479736328125