8 0.7109375 0.21328125 0.14375 0.2484375
10 0.8 0.36015625 0.321875 0.2578125
11 0.81953125 0.24453125 0.3609375 0.4890625
2 0.23984375 0.5203125 0.0828125 0.0625
2 0.0984375 0.54140625 0.0875 0.0984375
5 0.36953125 0.515625 0.0859375 0.053125
5 0.00703125 0.54453125 0.0140625 0.0828125
9 0.56328125 0.509375 0.0734375 0.040625
9 0.38828125 0.60625 0.0421875 0.06875
9 0.24375 0.58828125 0.0453125 0.0421875
9 0.0984375 0.6328125 0.046875 0.05
10 0.096875 0.7828125 0.13125 0.28125
10 0.26328125 0.73359375 0.1421875 0.265625
10 0.45390625 0.78671875 0.1421875 0.346875
10 0.58046875 0.75546875 0.1171875 0.4890625
11 0.55625 0.74453125 0.165625 0.5109375
11 0.4140625 0.74453125 0.2625 0.5109375
11 0.2703125 0.74453125 0.24375 0.5109375
11 0.10234375 0.74453125 0.2046875 0.5109375
11 0.0359375 0.75 0.071875 0.5
13 0.81640625 0.90546875 0.1828125 0.1890625
2 0.68671875 0.8671875 0.08125 0.1453125
9 0.72109375 0.9140625 0.0265625 0.059375
11 0.80625 0.8859375 0.3125 0.228125
2 38.90284729003906 318.9250793457031 90.48312377929688 415.8617858886719
3 50.8917350769043 566.2186279296875 82.83406066894531 619.8486328125
2 419.5223693847656 517.4505004882812 475.0590515136719 594.1484985351562
5 127.89139556884766 313.277587890625 180.86239624023438 387.1614990234375
5 214.93939208984375 314.31732177734375 274.2804260253906 407.82537841796875
4 134.5031280517578 344.937255859375 176.9331817626953 363.15478515625
4 42.641475677490234 367.3915100097656 86.05435180664062 388.1653747558594
3 116.26921081542969 534.0501708984375 143.65293884277344 572.8951416015625
5 407.7957763671875 0.0 495.234619140625 93.86311340332031