12 0.9046875 0.03203125 0.071875 0.0640625
11 0.12890625 0.784375 0.1015625 0.43125
11 0.46171875 0.784375 0.1984375 0.43125
11 0.3203125 0.7608546450065893 0.1875 0.34484084308955404
11 0.29375 0.6953125 0.1375 0.253125
10 0.3125 0.6171875 0.059375 0.096875
10 0.3625 0.7184217053114395 0.0640625 0.09724770472226432
10 0.44609375 0.7116853711006799 0.0953125 0.19586701190385652
9 0.346875 0.6591376089022357 0.0109375 0.012563632513557365
9 0.4953125 0.616086524789672 0.021875 0.03450226502711473
2 0.36015625 0.630935340850059 0.053125 0.06437157220870696
2 0.49609375 0.5796875 0.0734375 0.021875
7 147.49172973632812 473.60638427734375 172.63064575195312 496.52996826171875