10 0.0609375 0.21328125 0.121875 0.1328125
2 0.03203125 0.12421875 0.0640625 0.0734375
11 0.12890625 0.0796875 0.2578125 0.159375
11 0.1203125 0.175 0.240625 0.209375
11 0.71171875 0.13984375 0.5390625 0.2796875
11 0.10859375 0.884375 0.2171875 0.23125
13 0.5084526780712695 0.7895475893936791 0.03662839067472703 0.059793170671545326
11 0.5258129007399512 0.8045913340626789 0.07977950135263541 0.1430965666772722
3 64.75741577148438 46.53626251220703 86.94985961914062 75.71614837646484
3 30.30310821533203 53.33945083618164 71.79592895507812 82.3248291015625
2 552.6597900390625 442.81329345703125 579.8260498046875 464.12371826171875
6 348.0313720703125 0.0 394.767822265625 59.36250305175781