5 0.08601268452878826 0.09921875 0.023582945745273864 0.025
9 0.0897780339630542 0.1234375 0.01728749394987581 0.0171875
10 0.09033202498606374 0.1625 0.02845225292686626 0.05625
11 0.10198259729296658 0.17421875 0.06667039129415606 0.1796875
8 0.89140625 0.01171875 0.0390625 0.0234375
8 0.6888847171171003 0.09453125 0.036219301131468026 0.0484375
5 0.6876540152235064 0.0375 0.048682939695149766 0.0421875
10 0.9086927021881817 0.18125 0.10637830678880889 0.290625
10 0.6935444251590144 0.23359375 0.10443401170746487 0.225
11 0.915625 0.2296875 0.16875 0.459375
11 0.70078125 0.2359375 0.1421875 0.446875
10 0.90546875 0.7390625 0.1890625 0.521875
11 0.84140625 0.7296875 0.3171875 0.540625
2 420.8416748046875 11.46174430847168 462.14178466796875 71.00888061523438
0 569.0194091796875 131.51173400878906 600.8453369140625 185.47511291503906
2 557.644287109375 0.017171859741210938 584.8348388671875 17.05429458618164
4 425.78558349609375 34.07115173339844 454.27459716796875 49.56897735595703