11 0.41796875 0.21953125 0.1796875 0.4390625
13 0.778125 0.21953125 0.21875 0.4390625
11 0.8171875 0.21953125 0.296875 0.4390625
10 0.59140625 0.4671875 0.1515625 0.05625
10 0.2453125 0.52734375 0.1375 0.1765625
11 0.2796875 0.69375 0.275 0.509375
11 0.5421875 0.71953125 0.253125 0.5609375
3 175.85855102539062 14.977104187011719 201.35064697265625 50.411895751953125
7 161.1796875 532.17138671875 208.0557861328125 606.8695068359375
1 353.3065185546875 338.53302001953125 378.95562744140625 393.51641845703125
3 192.69357299804688 311.60845947265625 232.19241333007812 366.5003662109375
3 172.87811279296875 312.74871826171875 231.861572265625 377.0614013671875
1 355.043701171875 333.73028564453125 388.4730224609375 395.84600830078125
3 258.64404296875 227.50445556640625 302.97509765625 279.56201171875