10 0.12009381050124208 0.07439639875076884 0.1803965480082102 0.12396585335772618
9 0.06401198214421502 0.044835620743132854 0.05953862646343318 0.028815890674726896
5 0.05078125 0.01328125 0.1015625 0.0265625
11 0.134375 0.16953125 0.26875 0.3390625
11 0.04921875 0.35859375 0.0984375 0.3609375
13 0.7188484313073344 0.5974691773949516 0.026898843285945873 0.058121582670272606
11 0.70625 0.62109375 0.0625 0.1640625
3 66.52462005615234 121.40243530273438 105.62065887451172 160.45361328125
3 17.47758674621582 219.8887939453125 53.014556884765625 253.41256713867188
3 0.07748603820800781 120.69903564453125 27.145559310913086 150.88702392578125
5 0.1940155029296875 0.0 70.27313232421875 35.98792266845703