13 0.044910961557955445 0.7327191347530525 0.014207945745273953 0.02508181323171659
11 0.043353006737495293 0.731928794393973 0.01736930718159222 0.03134999394987581
2 0.03950584407151272 0.7217498184962738 0.0063045421544778435 0.009411361436318443
2 0.1468996666730032 0.9286315984523072 0.01258181323171641 0.014135222872636887
9 0.14761273897990607 0.9403548936318471 0.007867042154477843 0.009420451795397966
13 0.15302240164588862 0.9505429598886257 0.022020445745273776 0.02512726502711473
11 0.1530769438003663 0.9411679598886258 0.025227258976990363 0.039207945745273774
13 0.42023769360397445 0.8130303661117007 0.015752265027114732 0.02196590359079629
2 0.4172081423743105 0.7966059353935414 0.009420451795398322 0.007867042154477843
11 0.41471894662903674 0.8215922998549219 0.030051114363184438 0.0626727168225127
2 0.31507503327568315 0.35693438133520694 0.006295451795398144 0.007848861436318444
13 0.32126594594166563 0.36712699277152544 0.011037493949875809 0.017251132513557366
11 0.319717081480285 0.3647741524124458 0.014217036104353476 0.026644313231716586