5 0.38324611529282004 0.15561836525304917 0.01111931333545435 0.015752269334818082
9 0.37999384595800195 0.16659222792014008 0.007903406667727176 0.007903406667727176
10 0.3828188539545021 0.19233711525304917 0.020785214672181595 0.040861357336090795
11 0.3789944199554566 0.18535131858691276 0.03054202267663584 0.07378294533736343
12 0.4703546692791388 0.3970369899745466 0.01733295066836362 0.012699994668999893
5 0.1890625 0.9265625 0.378125 0.146875
11 0.2 0.9140625 0.4 0.171875
5 0.7919842212762754 0.890874065245095 0.01268181333545435 0.015770450668363623
13 0.7722620672740481 0.907507581914413 0.026980670671545325 0.03624658267027279
11 0.7792387732734118 0.9121132659134584 0.04442270934118149 0.058321577339272325
2 566.0234985351562 581.8445434570312 577.8313598632812 595.9457397460938