8 0.18203125 0.53984375 0.1453125 0.0421875
9 0.0171875 0.71484375 0.034375 0.0796875
5 0.0546875 0.54921875 0.109375 0.0609375
10 0.1 0.8625 0.2 0.275
10 0.21796875 0.759375 0.2828125 0.48125
11 0.11796875 0.759375 0.2359375 0.48125
11 0.2125 0.759375 0.29375 0.48125
3 112.19960021972656 488.3492431640625 47.92919921875 34.7296142578125
5 0.0 332.4395446777344 63.00447082519531 142.47845458984375
3 111.41158294677734 488.7958679199219 53.99292755126953 61.512481689453125
4 0.07768630981445312 376.98504638671875 42.088321685791016 53.955810546875