11 0.050856955409635377 0.2925345873647258 0.01896816861791084 0.037718176002545345
13 0.0531734343323965 0.297249359365044 0.017323855386194253 0.023637494668999892
12 0.8617353680756178 0.3516770614258139 0.036328385440423716 0.06760567067154533
12 0.5993489975641131 0.3290913473901792 0.020630662567786652 0.0549238573360908
12 0.46965695238457333 0.3283635467059073 0.019004530054229286 0.043968176002545344
10 0.7650745123948359 0.17944697807922366 0.011092036104353654 0.02668976933481808
11 0.7657966750608185 0.18961231874599632 0.01759656615858276 0.07051249466899989
10 0.7515625 0.68515625 0.221875 0.2921875
10 0.46328125 0.7265625 0.0671875 0.375
11 0.721875 0.76953125 0.328125 0.4609375
11 0.51796875 0.76953125 0.1765625 0.4609375