13 0.777822934626984 0.053125 0.018886355386194254 0.0234375
11 0.775433732831586 0.0609375 0.02845225292686617 0.05625
2 0.49290810002344115 0.57109375 0.08309430113146803 0.0484375
2 0.36063595550783123 0.6125 0.07716246369925468 0.103125
9 0.36209846155795555 0.6296875 0.040870439695149585 0.0421875
9 0.49551949473544277 0.659375 0.048792024004105095 0.0609375
10 0.5476172841594459 0.8359375 0.14558625253408283 0.315625
13 0.33203125 0.8375 0.1640625 0.325
11 0.3015625 0.7765625 0.275 0.446875
11 0.5484375 0.7046875 0.21875 0.590625
2 290.7681884765625 346.21160888671875 61.742919921875 92.572998046875
4 294.41253662109375 380.0459289550781 54.400146484375 28.9129638671875