5 0.19328482904439812 0.2453125 0.023592036104353474 0.0265625
9 0.19469733811958445 0.27109375 0.01729658430895533 0.01875
10 0.1928984887835144 0.31171875 0.02846134328594587 0.0578125
11 0.20531213037225798 0.3265625 0.06515334308955412 0.1875
8 0.792434880470454 0.31328125 0.3928248668972675 0.378125
5 0.85390625 0.034375 0.2921875 0.06875
10 0.734375 0.44296875 0.53125 0.1328125
11 0.734375 0.2546875 0.53125 0.509375
5 0.4001938800776704 0.76484375 0.03289431323171641 0.0140625
11 0.42109375 0.81953125 0.0953125 0.1296875
2 0.8373120849963265 0.63046875 0.02208407825883114 0.0359375
2 0.9288955969983789 0.6 0.025236349336070062 0.040625
2 0.7783042027773568 0.8359375 0.02050339754067192 0.0328125
2 0.71103943472518 0.84921875 0.017378397540672098 0.0328125
13 0.7156814829297818 0.85703125 0.03938975292686635 0.05625
13 0.8411319765850701 0.6453125 0.03627384328594587 0.0578125
13 0.9217643530485032 0.6171875 0.05672269867214012 0.08125
13 0.9109375 0.5234375 0.046875 0.028125
11 0.90390625 0.56328125 0.0703125 0.1078125
11 0.9052262928418487 0.63984375 0.08980790944452863 0.128125
11 0.8355450519170351 0.665625 0.059974963699254855 0.103125
11 0.7789763684684013 0.8546875 0.03487496974937905 0.0859375
11 0.7155951245185255 0.871875 0.04113406010845857 0.0875
0 441.0184020996094 490.223876953125 28.326171875 37.33917236328125
1 541.3419799804688 351.1780700683594 64.150146484375 63.53314208984375
1 548.238525390625 352.1219482421875 45.0830078125 54.3348388671875