11 0.09010074171038066 0.7795813982280431 0.11375446955298721 0.21627950585373243
11 0.2340689103282914 0.7412450851927181 0.11225560206654457 0.22720791549465275
10 0.06847118140553032 0.7375211632551577 0.03466589149054773 0.05019998789975162
10 0.23667628074160038 0.6959189496540987 0.040997704722264314 0.06429884933607007
2 0.06169900663929937 0.693030819871016 0.023601126463433174 0.028261355386194252
9 0.06941151268942361 0.7101728680756179 0.006304542154477755 0.009411361436318443
9 0.22357229274365284 0.6655274677062755 0.004732951795397966 0.007839771077238922
2 0.22369046741168788 0.6452149677062755 0.023582945745273774 0.025136355386194253
5 0.5874292179026673 0.8122848139190875 0.06924996974937905 0.08633747579950324
9 0.5980940071302787 0.8590961814055303 0.03616475897699036 0.03927157825883114
10 0.653125 0.92265625 0.140625 0.1546875
11 0.6453125 0.8734375 0.2 0.253125
7 581.486328125 18.470115661621094 623.0673828125 59.39674377441406
5 359.16558837890625 493.5342712402344 399.89093017578125 561.1080322265625
5 378.09979248046875 535.8544921875 451.58843994140625 638.34619140625
2 32.067054748535156 435.371337890625 48.1900634765625 453.684814453125
7 528.6881103515625 87.38577270507812 569.7081298828125 115.7169189453125
7 630.998046875 5.923120498657227 640.0 30.303373336791992
2 391.8048095703125 614.38671875 414.4791259765625 639.357666015625