11 0.2773234857584522 0.10446374444085516 0.0413431383672898 0.12367384933607006
2 0.99609375 0.11015625 0.0078125 0.0234375
13 0.9859375 0.165625 0.028125 0.046875
11 0.97265625 0.15234375 0.0546875 0.1078125
11 0.184375 0.446875 0.034375 0.034375
13 0.96171875 0.68984375 0.0765625 0.2796875
13 0.841990494637247 0.6580245607958297 0.05570562021691714 0.17531816256778665
2 0.9641569070086418 0.47294505796715924 0.050454517953980725 0.07841589149054773
2 0.8568847624930319 0.5149739975641131 0.02212953005422911 0.04387726502711473
11 0.83359375 0.73828125 0.0765625 0.5234375
11 0.9140625 0.71484375 0.171875 0.5703125