10 0.8106697060789054 0.20188312422393792 0.012754538669636162 0.02194772287263689
10 0.915311752745042 0.19736782016560356 0.007976132001908809 0.014107951795398144
10 0.9810731127466326 0.20870477508425953 0.028743165340545218 0.05328862646343317
10 0.7575628874124509 0.20375469643264488 0.014317038669636161 0.02195681323171641
5 0.8097157334102236 0.1870439194034777 0.004778406667727353 0.007839771077238922
5 0.9144305054105419 0.1887786153451433 0.0031977253341818113 0.0062681807181594
5 0.9752316454089509 0.1767053413410382 0.015824994668999892 0.017278403590796288
5 0.7566270960773146 0.19047799161218473 0.006340906667727353 0.007848861436318444
11 0.7568361814130873 0.20844674161218474 0.020876121339908772 0.04855567466803503
11 0.8106697060789054 0.20188312422393792 0.016097714672181594 0.04071590359079611
11 0.9153390247453601 0.19971157016560354 0.011264764003817974 0.028188632513557365
11 0.9787293627466326 0.208718410622879 0.04000792934436319 0.08147725897699054