2 0.9231871259150495 0.06078594643264488 0.13562951201463563 0.10859427088084708
9 0.9234132978994591 0.17562060607356536 0.07403748400699968 0.05198974687674216
13 0.87265625 0.2609375 0.2546875 0.20625
11 0.86015625 0.20390625 0.2796875 0.4015625
5 0.2258336046308198 0.6409001724285399 0.11965906667727211 0.07881586729005097
9 0.22790353994272988 0.7986899465308408 0.15467041335136286 0.1337033551898025
10 0.2515625 0.903125 0.403125 0.19375
11 0.2671875 0.784375 0.534375 0.43125
13 0.8296875 0.7609375 0.340625 0.415625
11 0.8296875 0.6984375 0.340625 0.571875
2 543.6368408203125 6.143924713134766 626.9991455078125 129.83477783203125
3 534.3753662109375 213.52468872070312 609.2777099609375 258.7706298828125
4 555.62158203125 66.93062591552734 620.45263671875 90.2298355102539