2 0.8 0.01484375 0.03125 0.0296875
2 0.8484375 0.00390625 0.028125 0.0078125
2 0.884375 0.02734375 0.0296875 0.034375
2 0.975 0.021875 0.028125 0.034375
2 0.940625 0.01015625 0.028125 0.0203125
2 0.74765625 0.05546875 0.0375 0.078125
2 0.9234375 0.04140625 0.03125 0.0390625
2 0.52734375 0.021875 0.0484375 0.04375
9 0.9734375 0.0546875 0.0203125 0.015625
9 0.94296875 0.03515625 0.01875 0.0171875
9 0.9234375 0.08125 0.0234375 0.0203125
9 0.88046875 0.0578125 0.01875 0.0203125
9 0.85 0.02578125 0.0203125 0.01875
9 0.83359375 0.08125 0.021875 0.01875
9 0.79921875 0.053125 0.021875 0.01875
9 0.76953125 0.040625 0.015625 0.0140625
9 0.7484375 0.078125 0.01875 0.01875
9 0.70859375 0.06171875 0.01875 0.0171875
9 0.67421875 0.05078125 0.025 0.01875
9 0.615625 0.08671875 0.0171875 0.015625
9 0.58984375 0.02265625 0.025 0.0234375
9 0.5296875 0.05703125 0.025 0.0234375
2 0.61015625 0.0484375 0.0421875 0.0453125
2 0.675 0.01171875 0.034375 0.0234375
2 0.7125 0.021875 0.034375 0.0328125
2 0.75 0.03515625 0.034375 0.0328125
2 0.77109375 0.009375 0.0296875 0.01875
2 0.8375 0.04296875 0.0328125 0.034375
13 0.5265625 0.16328125 0.090625 0.1765625
13 0.58984375 0.11015625 0.0859375 0.153125
13 0.61015625 0.178125 0.071875 0.1609375
13 0.6703125 0.1296875 0.084375 0.1453125
13 0.71015625 0.125 0.04375 0.134375
13 0.74375 0.153125 0.078125 0.1453125
13 0.775 0.0703125 0.025 0.0390625
13 0.790625 0.12265625 0.059375 0.134375
13 0.83046875 0.15390625 0.0734375 0.1375
13 0.84296875 0.0640625 0.05625 0.053125
13 0.87890625 0.12578125 0.059375 0.1125
13 0.92578125 0.14921875 0.0828125 0.1328125
13 0.9484375 0.06484375 0.0234375 0.021875
13 0.9640625 0.084375 0.053125 0.04375
13 0.98203125 0.1390625 0.0359375 0.121875
11 0.97734375 0.2 0.0453125 0.36875
11 0.96484375 0.17578125 0.0703125 0.3484375
11 0.94453125 0.0390625 0.0390625 0.078125
11 0.91953125 0.20625 0.103125 0.375
11 0.87734375 0.1828125 0.0671875 0.35
11 0.84609375 0.04296875 0.0609375 0.0859375
11 0.83359375 0.20859375 0.096875 0.3734375
11 0.78828125 0.18203125 0.0734375 0.3640625
11 0.75703125 0.1703125 0.0609375 0.340625
11 0.74375 0.20390625 0.0859375 0.375
11 0.71796875 0.1859375 0.075 0.3609375
11 0.6703125 0.19765625 0.090625 0.3953125
11 0.61328125 0.2234375 0.096875 0.4
11 0.5859375 0.1984375 0.096875 0.396875
11 0.52578125 0.221875 0.1046875 0.44375
13 0.65 0.79453125 0.3625 0.4109375
11 0.65546875 0.79453125 0.3734375 0.4109375
6 322.4527587890625 245.119384765625 350.968505859375 285.7864990234375
6 336.7832336425781 243.59033203125 359.5650329589844 278.6246337890625
3 402.8795166015625 127.52397155761719 419.2642822265625 149.86424255371094
2 556.4505615234375 7.075298309326172 575.4925537109375 42.042179107666016
2 526.1448974609375 17.415000915527344 548.1883544921875 58.44343566894531
7 559.3839111328125 221.18344116210938 586.6072998046875 244.01504516601562
2 580.3950805664062 15.438566207885742 602.7128295898438 55.25968933105469
7 612.5909423828125 221.47726440429688 630.8074951171875 245.67324829101562
2 535.6715087890625 0.11011505126953125 552.8756103515625 18.42132568359375
2 501.6272888183594 0.3127250671386719 523.4749755859375 39.757568359375
7 585.7421264648438 222.4959259033203 602.3573608398438 251.90171813964844
2 613.9443359375 4.193630218505859 633.94091796875 43.04005432128906
7 632.1959228515625 221.95469665527344 640.0 244.1421661376953
7 489.88421630859375 211.09243774414062 503.76763916015625 232.68075561523438
2 445.98785400390625 3.726459503173828 464.867431640625 51.294010162353516
6 376.12493896484375 234.91342163085938 407.75787353515625 273.2743835449219
7 541.41357421875 207.90692138671875 555.84326171875 230.03076171875
2 594.7803344726562 0.23907852172851562 611.1672973632812 30.399688720703125
7 411.0791015625 225.81845092773438 429.69439697265625 254.71084594726562
7 426.44744873046875 223.47702026367188 446.29241943359375 247.17031860351562
7 362.3540344238281 227.77536010742188 379.8099670410156 254.17431640625
6 461.20196533203125 234.94635009765625 476.39324951171875 252.65118408203125
7 514.5206909179688 223.43344116210938 533.7249145507812 254.63027954101562
6 331.7430419921875 243.20582580566406 359.3455810546875 284.0225830078125
6 476.56390380859375 218.3622283935547 491.72930908203125 249.49830627441406
3 468.3866882324219 125.33746337890625 485.6623840332031 145.68222045898438
3 429.63714599609375 104.43324279785156 447.84185791015625 128.76588439941406
2 374.25177001953125 18.25336265563965 404.362548828125 65.08313751220703
2 326.1232604980469 1.7987632751464844 353.0306091308594 46.81771469116211
2 468.6476135253906 11.121709823608398 491.2232971191406 59.61646270751953
2 418.5879211425781 0.050403594970703125 442.8747863769531 44.64960861206055
2 486.403076171875 0.0 503.4610595703125 12.90618896484375
7 474.86029052734375 217.43106079101562 492.283203125 249.35772705078125
7 525.8270263671875 224.49710083007812 541.84619140625 250.57608032226562
7 600.8143310546875 208.53514099121094 613.2445068359375 224.1537322998047
7 460.5829772949219 232.64523315429688 476.7192687988281 252.94076538085938
0 513.820068359375 135.94308471679688 529.304931640625 160.9024658203125
4 329.04693603515625 18.453514099121094 350.70428466796875 30.286300659179688
7 524.195556640625 222.14759826660156 544.435302734375 252.24339294433594
0 617.3505859375 128.0115966796875 631.253173828125 157.2056884765625
6 461.0978088378906 218.84182739257812 477.0688781738281 252.38662719726562