9 0.7765625 0.08046875 0.253125 0.1609375
2 0.6875 0.08671875 0.325 0.1734375
13 0.79765625 0.41484375 0.4046875 0.3765625
11 0.7578125 0.30078125 0.484375 0.6015625
2 0.12244442795195676 0.9085927082383058 0.07565452800763603 0.056686337235821685
9 0.12581432861236613 0.9546637323406066 0.04255112667090888 0.03149543969514994
10 0.14375 0.97734375 0.134375 0.0453125
11 0.1703125 0.92890625 0.290625 0.1421875
2 56.88153076171875 566.4449462890625 41.87884521484375 58.208740234375
0 19.160228729248047 560.070068359375 27.088890075683594 28.234375
4 61.32795715332031 588.98193359375 32.47804260253906 17.160888671875