2 0.0390625 0.671875 0.078125 0.071875
9 0.0046875 0.7109375 0.009375 0.059375
9 0.030981658736451312 0.7427351293761799 0.05514203333863606 0.039698846674090585
11 0.146875 0.7609375 0.29375 0.33125
11 0.140625 0.77578125 0.28125 0.2765625
9 0.5640625 0.4734375 0.18125 0.1875
13 0.6796875 0.72265625 0.421875 0.5546875
11 0.70703125 0.68984375 0.4765625 0.6203125
2 0.0 411.21527099609375 44.4139404296875 493.22222900390625
4 0.0 444.62139892578125 40.62721252441406 467.630126953125
0 4.0531768798828125 569.2926025390625 100.18814086914062 638.8365478515625
0 131.5802001953125 578.992919921875 177.42791748046875 640.0