10 0.24709898261459334 0.32289468285945855 0.02692612667090888 0.031404536104353474
2 0.2435563592855022 0.29162195696175947 0.012627269334818081 0.011010222872636888
9 0.2457364772835932 0.30569809250037894 0.00948408800127254 0.009429542154477666
11 0.24247511728200238 0.3173986617822197 0.04603975334181776 0.06276362041330881
10 0.22403365260982078 0.7697191650036735 0.015897720003181702 0.023528403590796287
5 0.21878307861236612 0.7509373487468949 0.007921588001272717 0.009420451795398143
11 0.22332512794400258 0.7634646198241337 0.03012385200509069 0.0376727168225127
12 0.8268864799490933 0.5463589330558503 0.01111931333545435 0.015688632513557364
12 0.8135688672820024 0.5494066650036735 0.01268181333545435 0.015697722872636887
12 0.7971171639481387 0.5532174662333376 0.01111931333545435 0.015688632513557364
12 0.7822279606142752 0.5570373578220812 0.011155676002545434 0.018813632513557367
12 0.7712631886139569 0.5593174753085238 0.011173857336090798 0.020376132513557365
12 0.7626421666136387 0.561611228333586 0.012718176002545434 0.018822722872636886