12 0.0046875 0.40625 0.009375 0.05
12 0.003125 0.37578125 0.00625 0.0359375
12 0.4637208860598154 0.41875 0.044859061346272 0.0953125
12 0.373268061386043 0.36640625 0.032031797342454205 0.0671875
12 0.3011748853834977 0.34765625 0.024055665340545217 0.053125
12 0.25419988804899774 0.3390625 0.020857940006363408 0.046875
12 0.19008284404836143 0.334375 0.022402258672817955 0.0453125
12 0.10421806938254319 0.340625 0.017605670671545236 0.0359375
12 0.023086248050588586 0.35078125 0.014462489337999785 0.034375
5 0.9027732007081344 0.66328125 0.1437692760184536 0.1359375
10 0.928125 0.87265625 0.14375 0.2546875
11 0.91015625 0.784375 0.1796875 0.43125
5 539.596923828125 385.473876953125 99.8272705078125 134.22900390625
2 158.39657592773438 203.9600067138672 8.8328857421875 12.881927490234375
2 188.48745727539062 207.52655029296875 9.37115478515625 12.10107421875