10 0.5665109592616396 0.16812030356735502 0.2051067653564534 0.17149424668035032
2 0.595218309277548 0.05109188485124836 0.11622498400699968 0.052235186571891745
11 0.67421875 0.03984375 0.3484375 0.0796875
11 0.59453125 0.26015625 0.2703125 0.4796875
12 0.0296875 0.78046875 0.059375 0.4390625
9 0.15859375 0.96875 0.0734375 0.0625
5 0.17584904925209463 0.8194782704880638 0.0962579293443631 0.08180451190385662
11 0.1421875 0.8796875 0.284375 0.240625
8 0.65 0.71796875 0.38125 0.3015625
10 0.7296875 0.9234375 0.540625 0.153125
11 0.7296875 0.75 0.540625 0.5
3 441.1051025390625 17.711685180664062 22.5416259765625 27.84862518310547
3 423.56011962890625 89.03997802734375 39.37567138671875 31.191192626953125
2 69.22825622558594 499.3470153808594 94.5931396484375 139.15872192382812
4 75.13430786132812 555.7855224609375 57.27958679199219 40.86572265625
3 409.45904541015625 17.42139434814453 35.3057861328125 25.465835571289062
5 70.400390625 498.3541564941406 74.0794677734375 141.64584350585938