11 0.8546875 0.265625 0.290625 0.346875
10 0.83125 0.39453125 0.203125 0.0890625
10 0.6 0.31328125 0.1625 0.2515625
9 0.6582453338179761 0.19921875 0.059674981849627426 0.0515625
2 0.66953125 0.07265625 0.1796875 0.1453125
2 0.863595909149941 0.17890625 0.14000789734428026 0.1625
11 0.6265625 0.21953125 0.215625 0.4390625
9 0.8534401800307881 0.31328125 0.04715680113146803 0.0484375
2 0.46015625 0.5765625 0.1171875 0.275
9 0.50546875 0.7390625 0.0265625 0.096875
11 0.45 0.71953125 0.1375 0.5609375
13 0.87578125 0.5453125 0.2484375 0.2125
11 0.85703125 0.71953125 0.2859375 0.5609375
2 509.6782531738281 66.55253601074219 590.05615234375 223.2262725830078
2 380.90484619140625 0.0 475.72283935546875 146.08038330078125
1 300.3680725097656 424.87591552734375 329.8338928222656 463.73004150390625
4 413.47955322265625 63.88232421875 464.13348388671875 104.05314636230469
1 514.2330322265625 145.91043090820312 578.5657958984375 186.28952026367188
4 401.640869140625 47.8076171875 464.5235595703125 105.71730041503906
2 278.65313720703125 380.7166748046875 334.25537109375 490.0869140625