8 0.06015625 0.48398629069858945 0.0359375 0.06135567067154533
2 0.053125 0.4375 0.059375 0.075
2 0.23203125 0.415625 0.0578125 0.03125
13 0.16171875 0.43203125 0.0984375 0.0640625
13 0.3171875 0.51015625 0.125 0.2203125
13 0.0375 0.559375 0.075 0.21875
11 0.0296875 0.61875 0.059375 0.4375
11 0.078125 0.6578125 0.15625 0.515625
11 0.11640625 0.43671875 0.0765625 0.0734375
11 0.1453125 0.43828125 0.140625 0.0765625
11 0.30625 0.596875 0.20625 0.39375
8 0.85546875 0.84140625 0.2890625 0.3171875
6 23.849767684936523 526.766357421875 56.79843330383301 55.94140625
3 54.07350158691406 434.621826171875 27.9339599609375 37.609619140625
2 16.5865478515625 256.1146240234375 38.47962188720703 69.9649658203125
3 0.0 426.0171813964844 15.97238826751709 34.12353515625