5 0.21084763817089805 0.14133508976990444 0.028279536104353475 0.026726126463433086
9 0.21414535499341084 0.17104077048806365 0.015743174668035032 0.02040340359079611
10 0.18328624043383437 0.2380464633064713 0.060065867290050964 0.11909543364502548
11 0.19035839704969265 0.24511861992232956 0.09982832493918145 0.23963519262201594
8 0.67734375 0.41171875 0.4171875 0.4546875
5 0.60859375 0.15546875 0.2796875 0.2546875
11 0.734375 0.32578125 0.53125 0.6265625
10 0.1234375 0.81953125 0.246875 0.3609375
11 0.15 0.81953125 0.3 0.3609375
2 0.5964897015008105 0.8107208940246305 0.1461033612399268 0.13678290339440444
2 0.8650947766363837 0.921654890606785 0.11476245764913066 0.12097609621281222
9 0.5707407886384364 0.9504101079202771 0.0848386083130606 0.08017837939029952
11 0.63671875 0.8609375 0.3359375 0.278125
11 0.825 0.9234375 0.35 0.153125
2 339.5494384765625 484.167236328125 73.6678466796875 151.4014892578125
5 123.04635620117188 84.85589599609375 23.829620361328125 30.846588134765625
1 341.0559387207031 544.7989501953125 63.30120849609375 48.3369140625
2 519.8143310546875 556.5518798828125 63.819091796875 68.7283935546875
4 519.1695556640625 618.783447265625 51.2530517578125 21.192626953125