10 0.46015625 0.2125 0.2171875 0.20625
2 0.42269104879377706 0.096875 0.12541815651766228 0.071875
5 0.17890625 0.009375 0.0796875 0.01875
9 0.23125 0.009375 0.040625 0.01875
11 0.328125 0.08203125 0.3875 0.1640625
11 0.4234375 0.278125 0.290625 0.4625
8 0.68984375 0.31171875 0.2421875 0.3609375
10 0.784375 0.41953125 0.43125 0.1796875
11 0.784375 0.2546875 0.43125 0.509375
11 0.784375 0.7546875 0.43125 0.490625
10 0.85390625 0.89140625 0.2921875 0.2171875
8 0.88203125 0.70546875 0.2359375 0.2765625
3 183.95584106445312 60.120887756347656 22.30914306640625 28.6226806640625
2 237.6185302734375 44.815616607666016 69.3734130859375 55.36880111694336
3 206.11849975585938 51.7584114074707 32.84930419921875 28.23379135131836
3 197.22598266601562 128.12356567382812 32.134033203125 33.4627685546875