8 0.8296875 0.221875 0.340625 0.3125
10 0.8296875 0.4296875 0.340625 0.259375
11 0.8296875 0.2796875 0.340625 0.559375
10 0.4416078005422929 0.7460634080999045 0.08182269262201594 0.09938292934436319
5 0.4293345386384363 0.6506145480983136 0.02666249394987581 0.01749658267027261
9 0.4342720235131258 0.6936378420989501 0.02200226502711473 0.022129538669636163
11 0.4378560866466465 0.7725804547660408 0.12343854176169415 0.2701681440165447
10 0.6828125 0.665625 0.046875 0.0625
5 0.66875 0.6109375 0.01875 0.01875
9 0.66875 0.63046875 0.01875 0.0171875
11 0.68828125 0.7 0.0578125 0.20625
3 263.77923583984375 411.4907531738281 24.416748046875 47.01312255859375
2 454.037109375 415.0660400390625 143.133056640625 224.9339599609375
1 508.45458984375 517.8668823242188 56.4459228515625 122.13311767578125