5 0.216226005460949 0.8375 0.014217036104353476 0.0265625
5 0.2016140596174793 0.87734375 0.020448855386194252 0.0234375
9 0.2069010024358869 0.84609375 0.014198855386194253 0.0234375
9 0.2063742824901162 0.88984375 0.007867042154477666 0.009375
10 0.1971310926967707 0.9125 0.028379530054229284 0.04375
10 0.17956179761542668 0.846875 0.04882838544042371 0.0671875
11 0.1791123457218328 0.90390625 0.08860902380771343 0.190625
11 0.19724472218526587 0.93203125 0.04922836123992678 0.1359375
6 96.29478454589844 622.000244140625 116.3621826171875 639.029541015625
6 38.46430969238281 242.7969970703125 121.01939392089844 321.80560302734375
6 113.62297058105469 624.4930419921875 129.64183044433594 639.2554931640625
0 103.0986099243164 554.325927734375 115.1943130493164 571.115234375