11 0.84140625 0.23984375 0.3171875 0.4796875
9 0.94609375 0.415625 0.1078125 0.128125
5 0.934375 0.10078125 0.13125 0.1828125
10 0.3359375 0.73984375 0.2875 0.5203125
11 0.27578125 0.73984375 0.4078125 0.5203125
10 0.70625 0.7311798815315986 0.1609375 0.19468630698520045
2 0.66796875 0.5887696677341481 0.13125 0.05701359016268785
9 0.621875 0.6306890021412993 0.034375 0.03457498789975162
11 0.63984375 0.778125 0.3203125 0.44375
2 385.82275390625 362.42974853515625 82.810791015625 52.9107666015625
7 360.6903381347656 583.39306640625 44.7332763671875 33.42333984375
2 386.4095458984375 363.2257080078125 47.5667724609375 51.7344970703125
4 387.8299560546875 386.9671630859375 36.8914794921875 14.92724609375