12 0.1703125 0.19883913136536221 0.04375 0.08957157733927232
12 0.00703125 0.209375 0.0140625 0.075
12 0.08984375 0.11352779268777176 0.0203125 0.0439863573360908
12 0.215625 0.09233514003818008 0.01875 0.04084317600254526
12 0.071875 0.10394370735199913 0.015625 0.03611931333545444
9 0.76015625 0.22435948874122386 0.096875 0.20425224267981754
2 0.7390625 0.053125 0.21875 0.10625
11 0.77265625 0.23984375 0.4546875 0.4796875
13 0.8109375 0.32109375 0.378125 0.3171875
5 0.5265625 0.6402641100413617 0.0109375 0.00950226933481808
5 0.471875 0.6310340133672712 0.0125 0.012645450668363622
5 0.4609375 0.6465317440324531 0.0109375 0.011064769334818082
10 0.53203125 0.6801714947087708 0.0234375 0.0377727200031817
10 0.48203125 0.6670896920353165 0.0171875 0.034574994668999895
10 0.46171875 0.6809158346992257 0.0234375 0.036210220003181706
11 0.465625 0.7059612880330894 0.04375 0.1348840773392725
11 0.478125 0.6576692387014529 0.028125 0.06751476400381798
11 0.50859375 0.6681800247055891 0.034375 0.07852498933799978
10 0.51015625 0.6674169560391345 0.025 0.04247840133672707
10 0.5328125 0.6918993353755435 0.0375 0.11918635200509069
13 0.684375 0.765625 0.36875 0.46875
9 0.6890625 0.545279968730088 0.1078125 0.10281701201463563
11 0.7328125 0.73984375 0.534375 0.5203125
2 400.4810791015625 0.4497528076171875 561.8341674804688 165.54953002929688
0 540.3443603515625 446.96087646484375 633.5875244140625 562.3131103515625
2 388.067626953125 305.949462890625 487.6304931640625 387.982666015625
2 508.5513916015625 415.767578125 590.682373046875 491.0972900390625
4 430.10968017578125 40.616668701171875 513.1826782226562 108.54524230957031
1 430.4437255859375 41.98607635498047 511.67315673828125 110.50281524658203
3 610.4510498046875 433.55963134765625 639.9588623046875 531.8707885742188