12 0.09800552673454233 0.7808793788011241 0.05425224267981754 0.09718407220870695
12 0.3176095020687241 0.7884065742518105 0.044786336012090366 0.08931703005422928
12 0.3962788473901792 0.7013701825648709 0.019277258672817866 0.045421584308955334
12 0.26869874005408845 0.6803168182998821 0.01924089600572696 0.04229658430895533
12 0.11531011071767949 0.6567697131100796 0.017660214672181596 0.04072499394987581
12 0.41490157805536104 0.6905417668738264 0.01604317067154515 0.03602840359079611
12 0.14410727271640678 0.6475628847530526 0.014462489337999785 0.034456813231716586
12 0.030653300047725106 0.6320600837197803 0.016024989337999784 0.03446590359079611
2 0.5421875 0.65078125 0.165625 0.1953125
5 0.6811180187380421 0.9215867129136879 0.011064769334818082 0.011001132513557365
5 0.7356964307367695 0.9125298754814745 0.012663632001908986 0.014135222872636887
5 0.7483600627386785 0.9266650983541114 0.011064769334818082 0.011001132513557365
10 0.6761038020766783 0.9606173966569092 0.02231135200509069 0.037627265027114734
10 0.7267396014083147 0.9484128333269968 0.016024989337999784 0.034465903590796286
10 0.7479878927434511 0.9618168031745716 0.023855670671545325 0.03607385538619425
11 0.74375 0.959375 0.04375 0.08125
11 0.7297464227402694 0.9382747640451561 0.02890679734245403 0.06735112646343318
11 0.7001861920750875 0.9490395472226432 0.03528406667727228 0.07832498789975162
10 0.6986236920750875 0.9490304568635637 0.02549089600572696 0.04233294574527378
10 0.675 0.95625 0.0375 0.0875
13 0.58515625 0.9078125 0.2515625 0.184375
9 0.51328125 0.82421875 0.1078125 0.1015625
11 0.6 0.76484375 0.28125 0.4703125
2 293.73358154296875 365.38079833984375 101.0284423828125 200.04052734375
4 294.8018798828125 450.2290954589844 86.5474853515625 51.1722412109375
3 440.7557373046875 270.69439697265625 56.432373046875 68.5960693359375