5 0.12711429396086552 0.16204239676158655 0.028343176002545434 0.019077264003817974
5 0.33032855860123045 0.3581832421228125 0.01578863200190881 0.01424431333545435
10 0.33383481926323066 0.39260369545667617 0.012863626670908701 0.03139545066836362
11 0.3292745885980487 0.3816116514560398 0.021021572008272215 0.0611738573360908
13 0.13108363128582035 0.2238156907622229 0.06028406667727211 0.07881589067472686
9 0.12444327995704736 0.19014012476126835 0.018968176002545432 0.018968176002545346
11 0.13206487595482025 0.20663728142899557 0.08873633068109026 0.10726815467854482
10 0.4395052059595928 0.16334597935231732 0.1283453653723619 0.2889545066836356
2 0.384375 0.0140625 0.065625 0.028125
9 0.39609375 0.0375 0.0390625 0.075
11 0.44375 0.225 0.1875 0.45
3 258.99609375 146.98989868164062 288.06402587890625 180.91476440429688
3 69.46636962890625 141.9276123046875 87.99557495117188 161.67242431640625
5 68.49235534667969 97.26312255859375 91.83241271972656 129.44261169433594
2 224.75750732421875 0.005584716796875 276.2397155761719 50.66481018066406
4 230.35845947265625 3.921215057373047 262.0289306640625 30.573604583740234
3 67.88227081298828 97.2364501953125 91.85721588134766 130.19659423828125