5 0.29429840408177554 0.08203125 0.03302157825883114 0.0359375
10 0.2932308077707676 0.13125 0.05803066861791084 0.0375
11 0.2957154583365016 0.10703125 0.08332156010845856 0.0875
10 0.79140625 0.2171875 0.2546875 0.434375
11 0.709375 0.29453125 0.58125 0.5890625
2 0.63515625 0.65390625 0.2703125 0.1296875
9 0.5931621091968233 0.77109375 0.16944086729005098 0.11875
10 0.5765625 0.840625 0.315625 0.31875
11 0.61875 0.79453125 0.4 0.4109375
3 270.2016906738281 248.16455078125 69.0723876953125 69.15716552734375
2 308.36370849609375 376.5028076171875 166.782470703125 153.80255126953125
2 566.6179809570312 0.8238983154296875 73.38201904296875 137.8768310546875