2 0.5546875 0.1125 0.08125 0.1015625
2 0.88125 0.15078125 0.146875 0.203125
2 0.68671875 0.15625 0.084375 0.09375
5 0.79609375 0.16328125 0.0625 0.0796875
9 0.5484375 0.1953125 0.0421875 0.040625
9 0.684375 0.2421875 0.0453125 0.0484375
9 0.80546875 0.271875 0.046875 0.0578125
9 0.87265625 0.271875 0.059375 0.0625
10 0.90234375 0.35703125 0.1953125 0.2640625
10 0.8046875 0.38984375 0.08125 0.1984375
10 0.67890625 0.36953125 0.1328125 0.2390625
10 0.5484375 0.33203125 0.096875 0.2515625
11 0.57109375 0.27109375 0.1421875 0.4359375
11 0.6765625 0.29609375 0.2375 0.3859375
11 0.7859375 0.30546875 0.20625 0.3671875
11 0.86953125 0.26875 0.2609375 0.440625
9 0.096875 0.87421875 0.009375 0.0109375
2 0.09765625 0.85546875 0.0203125 0.0328125
11 0.09375 0.91953125 0.059375 0.1609375
10 0.234375 0.859375 0.0296875 0.05625
2 0.240625 0.81953125 0.015625 0.021875
11 0.23046875 0.9 0.05625 0.1859375
2 525.25634765625 35.6812744140625 609.0084228515625 197.68722534179688
2 331.60882568359375 51.94535827636719 377.83282470703125 134.0019989013672
2 414.95855712890625 73.96073913574219 462.6683349609375 165.19595336914062
4 334.36627197265625 94.21543884277344 373.31634521484375 112.45863342285156
4 417.48370361328125 119.93863677978516 459.32635498046875 138.94656372070312
5 147.60952758789062 522.082275390625 158.32858276367188 534.31982421875
1 543.2828979492188 105.08110046386719 583.4268188476562 171.0040740966797
1 529.9169311523438 104.12598419189453 583.5510864257812 182.59130859375