11 0.6171875 0.0296875 0.053125 0.059375
11 0.3042995970965749 0.63203125 0.10592378883482798 0.2125
11 0.16669051278761948 0.65078125 0.12475560206654457 0.2265625
10 0.3092598078689634 0.58515625 0.034647710772388506 0.046875
10 0.14583311212368955 0.61015625 0.0441136143631848 0.0625
9 0.29846320843469754 0.5609375 0.0063136325135573655 0.0109375
9 0.1468007144848217 0.578125 0.006295451795397966 0.0078125
2 0.13910184397331687 0.55859375 0.025163626463433175 0.028125
2 0.2993489975641131 0.54296875 0.023610216822512697 0.0296875
2 80.45048522949219 349.56787109375 97.37910461425781 370.5706787109375
2 183.9213409423828 339.08538818359375 200.07350158691406 359.52850341796875
3 163.93612670898438 350.14605712890625 174.02667236328125 362.13214111328125
0 112.8446273803711 359.88983154296875 124.88443756103516 374.59747314453125
7 445.00103759765625 142.6483154296875 556.4081420898438 222.27163696289062