8 0.80234375 0.5828125 0.2453125 0.28125
5 0.79453125 0.3046875 0.2296875 0.140625
10 0.83984375 0.74296875 0.3203125 0.1921875
11 0.83984375 0.51875 0.3203125 0.640625
8 0.8622944251590144 0.8803313528521116 0.030023843285945873 0.057985216822512696
2 0.86640625 0.85390625 0.0515625 0.0296875
13 0.96640625 0.8609375 0.0671875 0.04375
13 0.79375 0.91953125 0.115625 0.1609375
13 0.75703125 0.9046875 0.1046875 0.13125
13 0.70078125 0.89140625 0.0421875 0.1046875
11 0.753125 0.91953125 0.13125 0.1609375
11 0.7984375 0.91953125 0.190625 0.1609375
11 0.93671875 0.8609375 0.0609375 0.04375
11 0.9546875 0.86484375 0.090625 0.0515625