11 0.22105410327818437 0.394737598623502 0.027089758672817866 0.04562158267027261
2 0.553125 0.05 0.16875 0.1
2 0.8720540766231839 0.16239562392586704 0.12314769334818117 0.11079314401654469
10 0.79765625 0.3953125 0.2296875 0.309375
10 0.47265625 0.3359375 0.2078125 0.428125
11 0.765625 0.31796875 0.35625 0.4640625
11 0.5296875 0.275 0.321875 0.55
9 0.5645870219605473 0.13628984663431964 0.07260225334181776 0.06333634134309048
9 0.8477893259468662 0.23376209392904873 0.07403748400699968 0.05241702267663584
2 298.86273193359375 0.18619537353515625 396.85430908203125 110.53592681884766
2 516.9774169921875 78.10572814941406 592.0775146484375 171.8422393798828
4 521.3756103515625 112.49121856689453 578.7437744140625 144.3802490234375
4 327.2613525390625 45.539283752441406 393.58685302734375 77.97138977050781