8 0.85859375 0.45234375 0.2828125 0.2734375
5 0.81484375 0.23046875 0.3703125 0.2734375
11 0.81484375 0.32890625 0.3703125 0.5203125
10 0.31613145570422296 0.6871944312091386 0.05663179508134393 0.06595225292686617
5 0.31878882309246975 0.6332745456705192 0.028243174668035033 0.020476126463433175
9 0.3218047387835144 0.65200636495236 0.021974993949875808 0.01731476502711473
11 0.3214183985226306 0.71841261495236 0.09335106596219109 0.20053633118569758
10 0.81484375 0.79453125 0.3703125 0.4109375
11 0.81484375 0.79453125 0.3703125 0.4109375
7 151.78695678710938 198.8574676513672 33.323272705078125 46.25274658203125
7 92.52578735351562 610.01025390625 27.886764526367188 29.824951171875