10 0.1921875 0.06228391490547765 0.0140625 0.023519313231716587
5 0.18828125 0.04116743900777866 0.0109375 0.012563632513557365
11 0.19453125 0.054485050444097106 0.0296875 0.0454852168225127
13 0.64765625 0.234375 0.5421875 0.46875
11 0.64921875 0.234375 0.5453125 0.46875
8 0.521875 0.5409805657657993 0.125 0.1319772287263694
9 0.6984375 0.5631015263417962 0.08125 0.08172269867214013
10 0.784375 0.775 0.3375 0.45
10 0.87734375 0.734375 0.2453125 0.53125
10 0.55859375 0.7875 0.2953125 0.425
11 0.41875 0.734375 0.1375 0.53125
11 0.54453125 0.734375 0.3890625 0.53125
11 0.72578125 0.734375 0.5046875 0.53125
11 0.86015625 0.734375 0.2796875 0.53125
3 262.746826171875 481.90740966796875 81.0501708984375 87.5748291015625
3 386.4447326660156 496.67767333984375 49.7503662109375 61.83154296875
3 562.18798828125 370.111572265625 49.13232421875 55.498779296875
2 395.3492431640625 301.09368896484375 109.9537353515625 85.125244140625
3 153.86373901367188 103.13015747070312 36.01275634765625 80.25839233398438
3 562.9024658203125 369.91046142578125 46.428466796875 36.1046142578125
4 398.2474365234375 305.2091064453125 93.4573974609375 32.227294921875