11 0.37610216004931585 0.17890625 0.057668144016544784 0.121875
10 0.37671977804740686 0.16484375 0.028688621339908772 0.0484375
2 0.3747209260423162 0.12734375 0.011064769334818082 0.0109375
13 0.73984375 0.27578125 0.3609375 0.2078125
11 0.73984375 0.18984375 0.3609375 0.3796875
12 0.04728791140195136 0.50703125 0.036664753341817756 0.0625
12 0.3684100280871778 0.64375 0.11493629869508944 0.209375
12 0.41490322008272357 0.6109375 0.09749426002545362 0.1875
12 0.4456350520766783 0.56640625 0.08933631468809011 0.1578125
12 0.43960268073676934 0.51796875 0.08294086401972649 0.1453125
12 0.4057902073917701 0.43203125 0.03986247867599957 0.06875
12 0.4378305480585428 0.4328125 0.03988066000954475 0.0703125
12 0.47611179805854287 0.4328125 0.027271572008272217 0.0609375
12 0.48714984273549683 0.50859375 0.06546246268299924 0.1203125
12 0.49691519406426965 0.475 0.04654883068109043 0.10625
12 0.5153924740610881 0.4515625 0.05116360534690863 0.1