13 0.46484375 0.28372868549173713 0.021875 0.028252265027114733
5 0.46015625 0.2571389144144984 0.0109375 0.009438632513557366
5 0.3921875 0.4231497337945349 0.0125 0.011010222872636888
5 0.31796875 0.4000616917382532 0.0140625 0.01570681323171641
9 0.321875 0.41336566763595217 0.009375 0.0063045421544778435
9 0.3953125 0.44035541451269433 0.009375 0.009429542154477843
11 0.4546875 0.2875758481577197 0.04375 0.07212953005422928
11 0.4078125 0.446875 0.0625 0.065625
13 0.32734375 0.44464748389273084 0.03125 0.05955680718159222
13 0.40859375 0.45625 0.0359375 0.046875
13 0.53046875 0.4578125 0.0359375 0.04375
2 0.53515625 0.42866900165032007 0.0125 0.014135222872636887
11 0.53125 0.44921875 0.05 0.0609375
11 0.32578125 0.434375 0.0515625 0.090625
11 0.37890625 0.5453125 0.3046875 0.13125