12 0.37931219087350004 0.266317287184508 0.01740566861791084 0.03759999394987581
11 0.98203125 0.0578125 0.0359375 0.1
10 0.2 0.38671875 0.14375 0.0734375
10 0.21068244906492356 0.5034991246167214 0.20633285499341075 0.28400333703942987
2 0.08359375 0.4296875 0.1109375 0.159375
9 0.10904722619228657 0.5165899979568966 0.028334078258831143 0.03610112646343318
11 0.346875 0.678125 0.10625 0.64375
11 0.21015625 0.4015625 0.2140625 0.103125
11 0.15546875 0.675 0.3109375 0.65
10 0.5773063468019873 0.3700342022863774 0.01895907825883114 0.03604658430895542
11 0.58515625 0.378125 0.0453125 0.05625
2 21.15253448486328 224.49969482421875 97.48371124267578 342.3973388671875
0 48.15913009643555 480.03326416015625 80.63694763183594 535.2151489257812
7 46.44719696044922 590.8240966796875 99.1310806274414 634.7232666015625
0 28.95702362060547 366.438720703125 63.0643310546875 422.3902587890625
4 42.68360900878906 280.236083984375 84.70492553710938 326.01922607421875