2 0.49140625 0.3921875 0.0671875 0.0515625
5 0.465625 0.26484375 0.059375 0.0328125
5 0.2203125 0.01015625 0.1 0.0203125
10 0.5015625 0.33515625 0.084375 0.0984375
10 0.234375 0.06953125 0.1625 0.1390625
9 0.2234375 0.0375 0.0671875 0.028125
9 0.46015625 0.2828125 0.03125 0.01875
11 0.4875 0.371875 0.203125 0.253125
11 0.23203125 0.1578125 0.2734375 0.315625
11 0.79453125 0.2796875 0.4109375 0.559375
10 0.7359375 0.30703125 0.29375 0.5046875
8 0.77109375 0.0375 0.2296875 0.075
12 0.38828125 0.6 0.0671875 0.08125
11 0.93046875 0.625 0.1390625 0.13125
11 0.65234375 0.7796875 0.1265625 0.440625
3 180.3256072998047 107.88165283203125 209.07676696777344 136.07083129882812
3 82.87785339355469 102.05450439453125 109.34687805175781 135.75997924804688
3 319.053955078125 230.37008666992188 333.2432861328125 243.79629516601562
2 40.01018524169922 453.8160400390625 83.53784942626953 494.9984130859375
2 9.60335922241211 516.5670776367188 23.685482025146484 536.2476196289062
2 138.24703979492188 511.49310302734375 150.13525390625 525.0670776367188
5 112.34550476074219 0.0 171.2169647216797 33.739166259765625
2 57.181087493896484 529.205322265625 80.38058471679688 559.552978515625