13 0.5453125 0.265625 0.0125 0.0625
9 0.540625 0.23203125 0.003125 0.0140625
2 0.54375 0.20859375 0.009375 0.0296875
12 0.5206450232734119 0.754121903445222 0.015988626670909056 0.03143181333545435
12 0.3913756939449571 0.7166753527609503 0.016079533338636053 0.03924431333545435
12 0.26024387261300247 0.7049918707431329 0.01931362133990877 0.04865567600254526
12 0.10289444927595719 0.7305083967218156 0.036773841343090474 0.07229317067154532
12 0.5375 0.73125 0.003125 0.021875
12 0.49233875728041154 0.7022230487746314 0.009593176002545434 0.018859088001272718
12 0.462115455283275 0.6807747627704952 0.008012494668999892 0.017278406667727175
13 0.6578268499363665 0.8566794507081343 0.007994313335454528 0.015715906667727354
2 0.6579813912715029 0.8433982007081344 0.006322725334181811 0.006322725334181811
11 0.6570728719366847 0.8543266100413618 0.012881808004454242 0.03295795066836362
2 571.2294921875 620.897705078125 605.637451171875 640.0