10 0.1015625 0.03515625 0.203125 0.0703125
11 0.18125 0.18359375 0.3625 0.3671875
8 0.73984375 0.35 0.4015625 0.2375
5 0.753125 0.125 0.428125 0.25
10 0.76953125 0.4140625 0.4609375 0.109375
11 0.76953125 0.234375 0.4609375 0.46875
2 0.30625 0.496875 0.075 0.05625
10 0.2923168485505032 0.6478611707510871 0.12464651775758924 0.20924882535009015
11 0.26875 0.734375 0.23125 0.53125
11 0.76953125 0.734375 0.4609375 0.53125
10 0.76953125 0.9453125 0.4609375 0.109375
8 0.8328125 0.84765625 0.334375 0.3046875
5 0.853125 0.58125 0.29375 0.225
7 127.39904022216797 612.6305541992188 26.99750518798828 27.1689453125
2 175.18182373046875 300.103515625 38.24310302734375 54.8721923828125