13 0.3125 0.36640625 0.0125 0.0046875
11 0.3140625 0.36171875 0.01875 0.0140625
2 0.95859375 0.11796875 0.0828125 0.2359375
2 0.8333063619272977 0.17562425223949515 0.17140334308955413 0.1884908491396784
2 0.5254029583365016 0.1894584515008105 0.1476749515990063 0.13835449375348405
9 0.5261791422761146 0.3246237918598901 0.09422269867214013 0.08179542154477701
9 0.7953125 0.33046875 0.10625 0.0765625
11 0.5671875 0.24140625 0.275 0.2546875
11 0.76484375 0.21953125 0.3609375 0.2984375
11 0.92421875 0.184375 0.1515625 0.36875
8 0.34921875 0.5546875 0.1609375 0.346875
10 0.225 0.81328125 0.409375 0.3734375
11 0.21484375 0.684375 0.4296875 0.63125
2 291.27777099609375 85.24366760253906 85.86376953125 147.70550537109375
1 484.9696044921875 139.82518005371094 75.1749267578125 76.9169921875
4 300.4894104003906 147.13302612304688 67.5799560546875 38.773590087890625
2 484.28717041015625 62.272499084472656 93.0318603515625 161.88085174560547