12 0.47969450683569115 0.1515625 0.016097698672140125 0.08125
11 0.9609375 0.3 0.078125 0.6
12 0.01015625 0.909375 0.0203125 0.134375
12 0.1747802687395478 0.8375 0.04110678903121974 0.0828125
12 0.22116945540963542 0.78671875 0.022165891490547728 0.05
12 0.17451262402754622 0.74921875 0.015870439695149674 0.0421875
12 0.22447626259122772 0.75546875 0.01740566861791084 0.0375
12 0.67421875 0.8734375 0.0109375 0.096875
12 0.6069933259211402 0.80625 0.030087475799503237 0.06875
12 0.5368580879231927 0.77578125 0.02219316256778665 0.0546875
12 0.4908643318730685 0.75859375 0.017469301131468207 0.0484375
12 0.426883645104785 0.74453125 0.020576120413308984 0.0453125
12 0.3386478469001831 0.73671875 0.015843168617910842 0.0375
12 0.2550722776183424 0.73359375 0.01269998789975162 0.034375
12 0.17694273243880257 0.734375 0.014289758976990452 0.0390625
12 0.06434728366846658 0.75078125 0.017487481849627385 0.0515625
5 0.12448132865161465 0.6203125 0.009429542154477666 0.009375
9 0.12597565095851754 0.63203125 0.00474204215447771 0.009375
10 0.1258620214700223 0.6515625 0.01581589754067201 0.0328125
11 0.12338646126336786 0.67421875 0.027253367290050966 0.11875