2 0.82265625 0.125 0.2265625 0.25
9 0.9255615187395477 0.153125 0.11657039734428025 0.1625
11 0.85078125 0.2328125 0.2984375 0.465625
10 0.44765625 0.9453125 0.2046875 0.109375
10 0.1895841538853838 0.67109375 0.1819499576491305 0.1203125
9 0.2483369851692771 0.64375 0.05952953610435365 0.0265625
9 0.3508115036142373 0.88984375 0.026726126463433177 0.028125
2 0.3894018258229443 0.83671875 0.15193520472226432 0.0640625
5 0.2728693525575239 0.58984375 0.12070338544042354 0.0671875
11 0.18367452147002225 0.746875 0.336583957256347 0.3796875
11 0.37421875 0.8984375 0.3515625 0.203125
13 0.8015625 0.76953125 0.396875 0.4609375
11 0.80546875 0.76953125 0.3890625 0.4609375
2 213.64328002929688 516.291748046875 298.0431823730469 583.00439453125
0 88.83192443847656 502.60955810546875 126.89132690429688 545.2730102539062
2 458.8249206542969 1.3227996826171875 639.93505859375 159.24752807617188
3 88.73454284667969 503.51885986328125 126.90190124511719 544.8555297851562
3 164.863037109375 507.4947509765625 197.2291259765625 536.83740234375
5 462.1634521484375 1.06195068359375 640.0 156.73707580566406
0 135.92672729492188 609.3785400390625 183.41592407226562 639.81298828125