5 0.31875 0.009375 0.05 0.01875
5 0.0796875 0.01015625 0.04375 0.0203125
9 0.08005386338317955 0.034136189007778615 0.023655676002545433 0.018886355386194254
10 0.054990776058224534 0.09570494808296495 0.062155649347544896 0.10504202400410509
10 0.32109375 0.07578125 0.1046875 0.1515625
11 0.31640625 0.18671875 0.2546875 0.3734375
11 0.2734375 0.05234375 0.15 0.1046875
11 0.07890625 0.1640625 0.1578125 0.328125
11 0.85859375 0.19453125 0.2828125 0.3890625
5 0.8615663980346803 0.5611900892789251 0.02843408267027243 0.026726126463433177
9 0.8478038900381801 0.5868895260472085 0.015861357336090974 0.020403403590796287
10 0.8517743220480434 0.6595639567653678 0.06073860001590816 0.1175329336450254
11 0.8432260253819068 0.6634202097904299 0.10120106269890768 0.23807269262201594
7 150.12667846679688 170.99893188476562 178.58889770507812 234.61666870117188
3 67.71902465820312 56.293418884277344 86.69132995605469 80.1142807006836
3 20.4134521484375 106.13038635253906 43.96660614013672 143.19288635253906
7 22.678627014160156 173.63653564453125 54.76856994628906 206.79278564453125
3 164.93695068359375 78.28839111328125 182.76007080078125 104.61235046386719
5 537.7703857421875 355.6664733886719 559.4354248046875 388.0580749511719
3 525.6673583984375 380.42681884765625 560.5372314453125 437.89959716796875
2 193.31951904296875 0.06555652618408203 221.07611083984375 14.278076171875
3 534.135009765625 29.761154174804688 550.767822265625 55.121437072753906