10 0.56328125 0.02265625 0.1296875 0.0453125
10 0.54765625 0.12421875 0.1578125 0.2484375
10 0.96953125 0.07421875 0.0609375 0.1359375
2 0.66328125 0.0703125 0.0953125 0.140625
9 0.6302955122966402 0.14504306405154307 0.02519089754067192 0.03310340133672711
9 0.99140625 0.0203125 0.0171875 0.040625
11 0.559375 0.034375 0.18125 0.06875
11 0.59140625 0.2796875 0.2453125 0.559375
11 0.890625 0.2796875 0.21875 0.559375
10 0.07578125 0.8140625 0.1515625 0.371875
11 0.0859375 0.7796875 0.171875 0.440625
8 0.59609375 0.76484375 0.2546875 0.2703125
10 0.68203125 0.9171875 0.4265625 0.165625
11 0.734375 0.7796875 0.53125 0.440625
0 538.1368408203125 49.37015914916992 73.232666015625 76.07583999633789
2 383.23223876953125 0.7957687377929688 71.84246826171875 108.21876525878906
0 373.7226257324219 234.046142578125 25.2529296875 47.74554443359375
0 404.062744140625 131.89508056640625 28.24267578125 49.586669921875