12 0.5307531555357038 0.4127192103796051 0.006340903590796287 0.015661361436318445
12 0.5082196253832786 0.43368115017295067 0.004778403590796287 0.015652271077238922
2 0.9917770139469602 0.4302446163080923 0.004705680718159399 0.0031522710772389217
13 0.9926037157423583 0.43806166148763204 0.004742042154477844 0.009402271077238922
11 0.990625 0.43828125 0.00625 0.0234375
11 0.56875 0.43828125 0.009375 0.0234375
2 0.6306804326630668 0.40080099336070063 0.003143180718159222 0.003143180718159222
11 0.6315025892789251 0.4078367885402404 0.007921584308955332 0.018795451795397967
12 0.5394014476901814 0.422144207354543 0.0063227228726368875 0.012536361436318444
12 0.4956332669720222 0.4187646773003137 0.00321590359079611 0.015643180718159223
13 0.53919691461089 0.386987957354543 0.006295451795398144 0.007848861436318444
11 0.5384338453290493 0.39010841217500314 0.007930674668035032 0.020357951795397965
13 0.891045760921898 0.43825203814745695 0.007876132513557366 0.010982951795398144
11 0.8890625 0.43828125 0.0125 0.0234375
8 0.25390625 0.55859375 0.2515625 0.2171875
10 0.18984375 0.82421875 0.3796875 0.3515625
11 0.18984375 0.725 0.3796875 0.55
8 0.4734375 0.66875 0.1875 0.359375
10 0.68984375 0.8578125 0.6203125 0.284375
11 0.68984375 0.725 0.6203125 0.55