5 0.64921875 0.465625 0.0171875 0.00625
10 0.2171875 0.8392933839115495 0.0296875 0.05347044533736352
5 0.22890625 0.7891570239099587 0.0140625 0.015788632001908987
11 0.2171875 0.8228871339115494 0.04375 0.08957157733927232
2 0.8203125 0.6785013345799131 0.08125 0.05875792934436319
2 0.5734375 0.6430927352800934 0.0953125 0.06517156134627218
2 0.93515625 0.6841962565643229 0.0359375 0.025418170671545327
2 0.8703125 0.6841695319064589 0.0453125 0.027089758672817866
2 0.890625 0.670651924570368 0.028125 0.019077264003817974
8 0.9359375 0.7013746658975502 0.0171875 0.014262494668999893
9 0.86953125 0.7052723725732315 0.0140625 0.014226132001908986
9 0.796875 0.7162740545830948 0.0390625 0.027017033338636053
9 0.565625 0.6822461419478205 0.040625 0.025472714672181596
13 0.5390625 0.7622427246180932 0.146875 0.1798340453532717
13 0.8125 0.8145297412476402 0.171875 0.19731244668999892
13 0.9203125 0.7242127292330046 0.0515625 0.06466248400699967
10 0.88984375 0.7136297652371407 0.025 0.036228401336727244
10 0.86796875 0.741228053906777 0.06875 0.07579997867599957
11 0.92421875 0.757761025899141 0.1015625 0.1839942866804538
11 0.878125 0.7504848752387316 0.078125 0.18215906667727239
11 0.87109375 0.7122854412396861 0.0609375 0.0803965720082724
11 0.80625 0.82109375 0.25 0.3578125
11 0.52890625 0.8 0.1984375 0.4
2 498.53564453125 419.5922546386719 545.206298828125 465.8023986816406
2 339.87725830078125 394.71783447265625 389.249755859375 443.76177978515625
2 589.2946166992188 430.77923583984375 608.6594848632812 450.43377685546875
4 499.37158203125 439.4020080566406 534.7625732421875 454.4085998535156
2 546.8199462890625 426.6750183105469 568.7874755859375 455.8991394042969
4 349.72998046875 417.3399658203125 382.3018798828125 432.46185302734375
2 562.3866577148438 424.2550048828125 578.8778686523438 445.60986328125
6 563.9066162109375 518.7737426757812 587.3673095703125 540.7555541992188
4 499.60894775390625 437.69879150390625 529.9091186523438 451.44573974609375