8 0.71875 0.2991706938003663 0.43125 0.4259464391059744
5 0.7546875 0.0390625 0.41875 0.078125
10 0.7046875 0.428125 0.590625 0.24375
11 0.7046875 0.275 0.590625 0.55
13 0.6625 0.8004711360295987 0.01875 0.03135908430895533
2 0.65703125 0.7778467022863774 0.00625 0.009411361436318443
11 0.6640625 0.815305795670519 0.034375 0.08613748789975162
11 0.99609375 0.596875 0.0078125 0.025
13 0.99140625 0.6391826154433392 0.0109375 0.020376132513557365
11 0.9921875 0.646875 0.015625 0.053125
11 0.77734375 0.984375 0.0578125 0.03125