13 0.9515625 0.12421875 0.096875 0.2453125
11 0.9546875 0.209375 0.090625 0.41875
8 0.20078125 0.59609375 0.4015625 0.2515625
10 0.2546875 0.8375 0.509375 0.325
11 0.2546875 0.709375 0.509375 0.58125
13 0.96171875 0.7015625 0.0765625 0.265625
13 0.7513214307367695 0.7759834340388163 0.11237492003499838 0.25908519334818114
9 0.8198708887253154 0.6924175033815887 0.025781797342454026 0.06747840133672707
2 0.9890625 0.4953125 0.021875 0.075
2 0.8262294293841339 0.6346868193825432 0.06057496801399935 0.10381589067472685
11 0.78515625 0.7890625 0.1859375 0.421875
11 0.9328125 0.72734375 0.134375 0.5453125
2 509.7034912109375 374.98016357421875 41.037353515625 91.1649169921875
3 585.630615234375 107.90006256103516 27.904541015625 48.38573455810547
3 603.729736328125 0.0 30.218505859375 18.19076919555664