10 0.7303751066200022 0.12099115164588858 0.025654528007635947 0.056395445745273866
5 0.73647111262732 0.06705308538910995 0.01424431333545435 0.015706813231716587
11 0.7290035106222292 0.10459399200496819 0.037046561346272 0.09552157825883123
13 0.20559164059518514 0.7222410760193361 0.16987833736472596 0.23222266842151917
2 0.334407531269912 0.6621206665748074 0.07663632001909004 0.14106133723582168
9 0.300159253262276 0.7185661092950191 0.022274989337999783 0.03450226502711473
11 0.2265625 0.7921875 0.29375 0.415625
10 0.9390625 0.45703125 0.121875 0.3140625
2 0.8890625 0.3234375 0.096875 0.046875
11 0.85234375 0.65 0.2953125 0.7
3 277.67010498046875 0.0 302.46502685546875 21.49638557434082