11 0.634375 0.19296875 0.73125 0.3859375
10 0.95 0.6453125 0.1 0.209375
10 0.8000066287029284 0.63671875 0.12303856596219101 0.2
10 0.6101356076256895 0.63203125 0.10267152380771342 0.190625
10 0.44921875 0.61953125 0.1171875 0.2015625
9 0.60703125 0.5296875 0.0515625 0.021875
11 0.321875 0.69296875 0.10625 0.3484375
11 0.434375 0.740625 0.178125 0.44375
11 0.6453125 0.734375 0.29375 0.43125
11 0.83671875 0.759375 0.2390625 0.48125
11 0.93828125 0.7265625 0.1234375 0.415625
6 242.10479736328125 535.5533447265625 75.7901611328125 85.5184326171875
6 263.74261474609375 536.1529541015625 53.5760498046875 68.539306640625
6 318.3135986328125 530.389404296875 65.8701171875 74.697265625