10 0.13509105484390133 0.3921875 0.08495678298109555 0.1
5 0.15124784085005896 0.30078125 0.026671584308955422 0.01875
9 0.1447614915139889 0.34140625 0.023564765027114642 0.021875
11 0.1372848139190876 0.41796875 0.13278627068445542 0.2640625
13 0.55859375 0.0328125 0.1296875 0.065625
11 0.54609375 0.18046875 0.1640625 0.3609375
5 0.4007144922013599 0.8453125 0.01259090359079611 0.015625
9 0.3967264289696434 0.859375 0.009411361436318488 0.00625
13 0.39375 0.890625 0.028125 0.059375
11 0.3984375 0.9140625 0.0375 0.15625
0 79.92529296875 249.02084350585938 93.88961791992188 264.8208312988281
3 83.30474853515625 184.25051879882812 106.53457641601562 231.93832397460938
5 83.20770263671875 185.55966186523438 106.68869018554688 230.56155395507812