10 0.57109375 0.00625 0.0328125 0.0125
11 0.065625 0.584375 0.13125 0.83125
11 0.8949105834251926 0.6440844025106417 0.023628397540672096 0.032948855386194256
13 0.898830468963812 0.6464508784083407 0.012627265027114731 0.02194772287263689
2 0.31171875 0.38203125 0.0046875 0.0109375
10 0.3428430476154267 0.41978630093507635 0.022111349336070063 0.04075226502711469
5 0.33562090007475476 0.3869328943192182 0.011001132513557365 0.011001132513557365
11 0.33971350243588694 0.41898687021691716 0.03639201795398091 0.07833407825883118
13 0.3171875 0.40859375 0.015625 0.0359375
11 0.31875 0.40859375 0.01875 0.0734375
13 0.3367203126425414 0.4416249394987579 0.01259999394987581 0.01726022287263689
11 0.3343311108471433 0.43379880396013853 0.01738748789975162 0.03447499394987581