9 0.2414955909482548 0.08291353571157005 0.040770445745273956 0.025236349336070062
10 0.20665698263519428 0.16240104781181852 0.14453177088084707 0.1352113130353249
2 0.1971143318730685 0.05687321047780092 0.11905907220870696 0.053815867290050966
11 0.4609375 0.07890625 0.196875 0.1578125
11 0.3047354134515494 0.22469249043383438 0.36955099336070063 0.4083862343837101
2 0.996875 0.465625 0.00625 0.03125
13 0.99453125 0.4734375 0.0109375 0.05625
11 0.99453125 0.4875 0.0109375 0.084375
11 0.73046875 0.721875 0.1171875 0.125
2 0.9377353075743757 0.8701610891807292 0.0803238251355733 0.10983860831306061
9 0.942744994440855 0.9490991554375079 0.02520907825883114 0.03608294574527378
2 573.796142578125 525.9306640625 625.35107421875 620.497802734375
6 107.83990478515625 239.79507446289062 172.95968627929688 278.1661071777344
4 582.9002685546875 576.22119140625 618.0455322265625 603.927490234375
2 91.14898681640625 18.893348693847656 160.4239959716797 67.65258026123047
6 226.82781982421875 271.69964599609375 253.37139892578125 316.12384033203125
7 227.77752685546875 272.315185546875 251.3023681640625 315.00048828125
3 315.19305419921875 0.0 360.30120849609375 20.617347717285156