12 0.0890625 0.45859375 0.109375 0.1828125
12 0.3484375 0.478125 0.1375 0.14375
2 0.49140625 0.2140625 0.0171875 0.046875
5 0.16648455981387097 0.07701091013189973 0.029823855386194253 0.023610216822512697
13 0.15355328863843626 0.13724442818407648 0.07080337939029935 0.08478406615858276
13 0.46640625 0.3078125 0.0671875 0.146875
9 0.49453125 0.24453125 0.0109375 0.0265625
9 0.16509023145684393 0.10592625049097934 0.022002265027114644 0.02200226502711473
11 0.1550157946885605 0.12004783782499687 0.10224427693097127 0.11777837334017516
11 0.4515625 0.3671875 0.096875 0.365625
11 0.909375 0.0390625 0.046875 0.078125
9 0.9204367824901162 0.005315633790103557 0.004742042154477844 0.009402271077238922
10 0.9213134812604522 0.021717338610563706 0.012636355386194254 0.023510222872636887
9 0.5296875 0.6515625 0.059375 0.203125
8 0.75 0.68515625 0.5 0.2703125
11 0.61015625 0.75859375 0.2203125 0.4171875
10 0.75 0.8671875 0.5 0.265625
11 0.75 0.775 0.5 0.45
5 94.62838745117188 42.20824432373047 117.80966186523438 72.53715515136719
3 91.51995849609375 84.121337890625 110.43075561523438 103.050048828125
7 280.85675048828125 324.94677734375 314.236328125 352.067626953125
6 189.21116638183594 279.72601318359375 231.2628936767578 321.9691162109375
0 278.5567932128906 212.6018829345703 294.5153503417969 229.31944274902344