2 0.7807825445974123 0.18068330876031383 0.09451361600890876 0.06671588001272681
2 0.8898575525939124 0.20773725210849497 0.1421158693507266 0.12976132001909005
9 0.8076081265913672 0.2255327320973592 0.04280566534054522 0.05361589600572714
9 0.7613052912555945 0.24296513275776857 0.051980670671545326 0.036537484006999674
10 0.8234375 0.36015625 0.171875 0.1578125
10 0.81171875 0.415625 0.1890625 0.046875
11 0.73828125 0.253125 0.4390625 0.303125
11 0.6760399532543218 0.2513492500795419 0.2998021947008166 0.25501695337363445
11 0.340625 0.4734375 0.065625 0.06875
2 469.25262451171875 101.60698699951172 531.8278198242188 176.999755859375
2 516.1790771484375 101.95195007324219 606.2236328125 175.99940490722656
4 471.328857421875 133.32809448242188 508.0931396484375 151.42880249023438
4 471.4747314453125 130.56817626953125 518.9591674804688 151.33822631835938
4 472.36212158203125 126.20256042480469 527.8823852539062 150.8561553955078