11 0.9125 0.209375 0.175 0.41875
9 0.33984375 0.5386509721852659 0.0296875 0.0517352168225127
2 0.35078125 0.46293335469882324 0.0828125 0.08329428903121983
13 0.26953125 0.6804294060266831 0.20625 0.30276242739850956
11 0.29765625 0.6946555324901162 0.3109375 0.548683981456844
8 0.6578125 0.67734375 0.15625 0.3109375
5 0.640625 0.46796875 0.121875 0.0984375
10 0.703125 0.89765625 0.246875 0.2046875
11 0.78984375 0.709375 0.4203125 0.58125
4 199.63211059570312 302.8345947265625 34.785247802734375 31.142822265625
5 195.52627563476562 268.53106689453125 51.851318359375 88.8721923828125
2 195.54595947265625 268.21331787109375 51.508148193359375 88.5137939453125