11 0.83203125 0.01953125 0.0359375 0.0390625
2 0.6227365005891752 0.7203125 0.21632495764913068 0.1203125
2 0.88203125 0.5375 0.2359375 0.153125
9 0.8557853499252452 0.6796875 0.1506999576491304 0.1203125
9 0.5961462086310891 0.859375 0.1066136143631848 0.0625
10 0.66640625 0.94375 0.2515625 0.1125
10 0.86796875 0.88359375 0.2640625 0.2328125
11 0.86484375 0.72734375 0.2703125 0.5453125
11 0.6703125 0.8265625 0.3125 0.346875
2 332.7746276855469 423.152099609375 465.0290832519531 575.0339965820312
2 486.303955078125 285.4398193359375 640.0 471.7330322265625
4 333.0834655761719 494.0972900390625 437.3398132324219 527.801513671875