5 0.1743212056060271 0.35378588196213806 0.022020445745273953 0.025254538669636162
9 0.17574280504029302 0.3779864506285927 0.01572499394987581 0.01736931333545435
10 0.17395759124284238 0.41628588196213806 0.02688066256778665 0.05499658267027243
11 0.18481782319066564 0.42943986262732 0.06041130093507645 0.17881589067472703
2 0.87734375 0.01171875 0.0703125 0.0234375
8 0.872723385931403 0.06459282857259523 0.04717498184962743 0.05210794000636332
10 0.8702382144848217 0.22320475990614064 0.1032623971478884 0.2933692866804538
11 0.82578125 0.2796875 0.2265625 0.559375
3 466.68682861328125 150.6690673828125 26.475830078125 24.5457763671875
2 540.10595703125 0.0 45.495849609375 46.408084869384766
6 391.9813232421875 264.43310546875 74.37548828125 78.72216796875