9 0.8392159943426594 0.1671875 0.08640110831306061 0.0796875
10 0.7026745063447117 0.13671875 0.2119283491396783 0.1703125
11 0.75546875 0.2546875 0.4890625 0.509375
2 0.83203125 0.0546875 0.1703125 0.109375
11 0.04609375 0.92421875 0.0921875 0.1515625
10 0.023658130274062116 0.91640625 0.02386474687674216 0.0734375
11 0.6176439587292851 0.68046875 0.017451120413308985 0.0453125
10 0.567126329142594 0.63515625 0.004751132513557366 0.0109375
11 0.5663314436039746 0.6375 0.007948855386194253 0.0234375
2 480.11187744140625 0.989227294921875 104.3851318359375 135.30795288085938
3 566.2145385742188 209.306884765625 73.78546142578125 67.72665405273438
4 515.5664672851562 73.47309875488281 58.8646240234375 44.483154296875
5 480.4119567871094 1.2425079345703125 103.37600708007812 133.86627197265625