13 0.6453125 0.1390625 0.028125 0.034375
5 0.6432527500397709 0.10909921009704097 0.017387494668999894 0.017387494668999894
11 0.6328125 0.15078125 0.053125 0.1015625
2 0.2562549260820871 0.8351146280633153 0.14831132535009015 0.1251465453532717
9 0.28411739143058645 0.9471424607335879 0.07881589067472686 0.060284066677272465
13 0.26015625 0.9609375 0.2859375 0.078125
11 0.25390625 0.8828125 0.3703125 0.234375
13 0.78515625 0.4796875 0.1859375 0.259375
11 0.8046875 0.675 0.290625 0.65
2 126.14624786376953 505.22589111328125 210.963623046875 627.8143920898438
4 141.07864379882812 561.7472534179688 208.73281860351562 588.6564331054688