12 0.619496451206223 0.38123838677590405 0.05050906010845857 0.08808180267345414
12 0.5668845356133743 0.33453556210213165 0.028434072208706952 0.05345226400381797
12 0.6088220507386847 0.2920577081078587 0.022138620413308985 0.04556703866963625
12 0.5596760236113216 0.3039849961011772 0.02210225897699054 0.039317038669636165
12 0.10390625 0.4515625 0.0515625 0.05625
12 0.17977542105379776 0.39721409138286135 0.03791815651766246 0.07231135200509069
12 0.2467356620768073 0.35893338872531555 0.02845225292686617 0.056577264003817976
12 0.29034930669061304 0.33600496606458796 0.02372839149054773 0.050272720003181705
12 0.3535032916634984 0.31486631007317845 0.02528180113146803 0.04872840133672707
12 0.4408942073545429 0.2971344647517234 0.020539758976990542 0.0392988573360908
12 0.5259731893023663 0.2848440974299501 0.01739657825883114 0.03613749466899989
12 0.6040481923274283 0.27715941410722233 0.018995439695149587 0.04240567600254534
5 0.6431828943192182 0.1557480381126312 0.011001132513557365 0.011064769334818125
9 0.6432556171918552 0.16824803811263117 0.0063045421544778435 0.009447725334181766
10 0.6464942466803503 0.1878156507797221 0.02051248789975162 0.034611357336090796
11 0.6513135568870048 0.2105264447803584 0.04133404800821019 0.1223477146721816
8 0.77734375 0.365625 0.1359375 0.228125
11 0.8546875 0.23984375 0.290625 0.4796875
2 0.42459808342519256 0.9125685607494962 0.026726126463433177 0.02843408267027243
9 0.4293992129136878 0.9321543547501324 0.012572722872636888 0.012645450668363622
10 0.43497704722264324 0.9509679894175417 0.03303066861791084 0.037881808004454245
11 0.4317475080932276 0.9329628767504508 0.04261474687674216 0.07392839600572713
13 0.8546875 0.6921875 0.290625 0.425
11 0.8546875 0.7171875 0.290625 0.475
11 0.8546875 0.94453125 0.290625 0.1109375
2 267.0650634765625 581.3546142578125 13.5836181640625 21.3306884765625