11 0.6953125 0.07265625 0.090625 0.1453125
13 0.5475183319712643 0.7421875 0.12962490924813697 0.2578125
13 0.7785319826351943 0.7828125 0.12176695745273883 0.25
9 0.7023740036142373 0.71328125 0.02850679508134384 0.065625
9 0.49271772336361624 0.62734375 0.034647710772388506 0.046875
2 0.4884620154198981 0.553125 0.07544542759490121 0.0765625
2 0.6878393258229443 0.66015625 0.06465337334017515 0.1015625
11 0.7578125 0.79765625 0.2125 0.4046875
11 0.56328125 0.75078125 0.2609375 0.4984375
2 418.8966979980469 393.31329345703125 463.0893859863281 476.89642333984375
2 292.53094482421875 334.25970458984375 336.23809814453125 420.59832763671875
4 295.2508544921875 374.54461669921875 328.170166015625 392.65289306640625
4 435.27728271484375 421.981689453125 460.32501220703125 456.7781982421875