13 0.99375 0.403125 0.0125 0.04375
11 0.98828125 0.44453125 0.0234375 0.1890625
9 0.7626479074014252 0.58515625 0.06591589149054773 0.05
10 0.97265625 0.77578125 0.0546875 0.1953125
10 0.6796875 0.66875 0.284375 0.2375
11 0.93984375 0.834375 0.1203125 0.33125
11 0.93203125 0.7796875 0.1359375 0.440625
11 0.71953125 0.7734375 0.3796875 0.446875
2 157.3409423828125 530.070556640625 173.72225952148438 550.537109375
3 562.98974609375 571.10986328125 592.055908203125 601.204345703125
2 30.222339630126953 577.3148193359375 56.61033248901367 605.2967529296875
2 66.01801300048828 496.19482421875 80.33922576904297 513.5855712890625