2 0.51171875 0.13515625 0.0171875 0.01875
9 0.50859375 0.159375 0.0125 0.0171875
13 0.50078125 0.19453125 0.0359375 0.065625
11 0.5015625 0.1921875 0.053125 0.1375
9 0.41875 0.68828125 0.096875 0.0921875
5 0.46953125 0.63203125 0.0890625 0.1109375
10 0.384375 0.8546875 0.1625 0.290625
11 0.3609375 0.77890625 0.315625 0.4421875
11 0.80625 0.75390625 0.253125 0.4921875
5 236.6150360107422 373.73681640625 88.71302795410156 104.953125
4 246.84991455078125 399.359619140625 69.95257568359375 72.672607421875
3 150.95162963867188 483.04656982421875 72.00323486328125 65.7037353515625
3 151.41159057617188 485.35064697265625 68.38067626953125 47.4132080078125