10 0.4375 0.4265625 0.109375 0.115625
11 0.4328125 0.64296875 0.23125 0.5484375
2 0.7453114582383058 0.4634090359079618 0.09570338544042353 0.06774201190385672
10 0.97890625 0.853125 0.0421875 0.221875
9 0.7622716992613153 0.5025715298578376 0.02836134933607006 0.040788626463433175
10 0.70625 0.621875 0.134375 0.24375
11 0.7296875 0.71171875 0.18125 0.5765625
11 0.9609375 0.840625 0.078125 0.31875
11 0.71328125 0.7984375 0.1484375 0.15
2 444.7982177734375 278.3990783691406 60.2252197265625 57.87420654296875
6 283.37872314453125 513.582763671875 47.4378662109375 64.4599609375
7 282.960205078125 513.302978515625 48.86517333984375 64.7003173828125
3 490.51708984375 478.90863037109375 30.1014404296875 36.076904296875
7 234.70428466796875 520.2498779296875 43.059326171875 63.235595703125