10 0.528137072896078 0.18744351707021814 0.109430583916172 0.2787522347764936
11 0.48046875 0.31953125 0.2484375 0.6390625
8 0.519621111829102 0.03973272491574038 0.022156801131468028 0.04856476502711473
2 0.6661183410464506 0.4037800267345796 0.01572499394987581 0.01727840359079611
9 0.6659819856602563 0.4272175267345796 0.011028403590796109 0.015688632513557364
13 0.6689115429400446 0.46082945745273884 0.03159543364502539 0.0595568071815924
11 0.6681393832991243 0.4592624122731991 0.04605790944452863 0.12838862041330898
12 0.2453125 0.70703125 0.18125 0.1359375
9 0.06953125 0.9671875 0.0734375 0.065625
5 0.06423261241827713 0.8115612313586482 0.08810905405833439 0.10519656010845857
11 0.1703125 0.821875 0.340625 0.35625
8 0.796875 0.9109375 0.35625 0.178125
2 0.809375 0.70078125 0.38125 0.1234375
11 0.809375 0.81953125 0.38125 0.3609375