2 0.5984375 0.559375 0.021875 0.0625
2 0.4328125 0.5268554750139363 0.0765625 0.06294542759490121
2 0.55859375 0.6088372489198456 0.0421875 0.04555793969514958
2 0.284375 0.32109375 0.103125 0.0828125
9 0.259375 0.3633464451560987 0.059375 0.04409543364502548
9 0.4125 0.5634560503459012 0.03125 0.02674430718159222
9 0.56796875 0.6432667910743233 0.0265625 0.026717036104353654
10 0.5765625 0.6875 0.065625 0.065625
10 0.3953125 0.6328873063960254 0.115625 0.13817268657189175
10 0.1140625 0.40859375 0.228125 0.2578125
11 0.1796875 0.53203125 0.359375 0.5046875
11 0.5421875 0.67890625 0.134375 0.3390625
11 0.56953125 0.65703125 0.0796875 0.1484375
11 0.41953125 0.6853719569617595 0.2359375 0.39668514422102225
2 141.9525146484375 178.58961486816406 70.92572021484375 69.32977294921875
2 252.2305908203125 320.1337890625 46.015625 50.58526611328125
3 246.626220703125 423.613525390625 43.76324462890625 32.5693359375
2 344.22991943359375 374.97186279296875 30.083740234375 45.2174072265625
3 163.69793701171875 254.1065673828125 30.14691162109375 30.46124267578125
4 255.00189208984375 337.95135498046875 30.8389892578125 22.2257080078125
4 149.226318359375 197.88787841796875 43.86480712890625 31.76806640625
7 606.06982421875 55.49436950683594 33.93017578125 37.234466552734375
4 348.8932800292969 396.6331787109375 20.38885498046875 13.0753173828125