2 0.9568024283804683 0.2934343492202779 0.06590680113146803 0.04920111600890866
5 0.8973234101318998 0.17772808056177752 0.05953862646343318 0.02881589067472685
10 0.9516745668459539 0.234904233887687 0.08024201190385653 0.09623974801081774
10 0.61796875 0.06171875 0.1578125 0.1234375
9 0.5990000605012421 0.02730355593573024 0.06732385538619426 0.024219297342454114
9 0.8964285306434044 0.19726842122855032 0.029787493949875808 0.017532945337363513
11 0.925 0.271875 0.15 0.246875
11 0.63359375 0.14921875 0.2578125 0.2984375
5 0.6856076426688981 0.8917569546069573 0.02989657825883114 0.036282945337363516
5 0.9383917542034125 0.9474053285725953 0.04243293969514959 0.042678396005727134
10 0.69375 0.96171875 0.046875 0.0765625
11 0.6875 0.93359375 0.103125 0.1328125
11 0.9265625 0.93984375 0.146875 0.1203125
3 350.02362060546875 108.30126953125 26.6978759765625 32.8680419921875
3 446.0916442871094 81.24930572509766 26.74530029296875 30.798599243164062
3 611.7261962890625 161.3919677734375 15.804443359375 15.144775390625
6 595.2271728515625 221.24642944335938 44.2811279296875 33.16650390625