2 0.30698825986075323 0.04160869955590289 0.040852258976990366 0.039298849336070064
2 0.268761552015231 0.032456413353353496 0.028315897540672097 0.032976126463433175
2 0.234375 0.01171875 0.040625 0.0234375
2 0.1328649586310892 0.026216024593280273 0.026744307181592396 0.031404536104353474
2 0.06783940144949688 0.05784327449508435 0.031395445745273955 0.02518180718159222
9 0.22108257611753182 0.036639919305281855 0.011010222872636888 0.012563632513557365
9 0.27170929001317834 0.06290698263519427 0.01728749394987581 0.01728749394987581
9 0.29738145570422303 0.08150699171038056 0.01885908430895533 0.01885908430895533
13 0.3290718172387373 0.1399143893492484 0.067996541958086 0.1394533854404237
13 0.2729536274453917 0.11758539227611475 0.0459488251355733 0.10963862041330899
13 0.22771385031802877 0.10534901268942357 0.06476245764913066 0.12068520472226432
13 0.14461954918656056 0.15426830172064337 0.030123837235821682 0.0751727168225127
13 0.11444169067710833 0.10444556372269584 0.05863972267624522 0.14252384328594586
13 0.061098522059197524 0.1422546359314029 0.04138859016268785 0.13148634933607006
11 0.06167069380036629 0.17818759075186302 0.05470672247985346 0.27218407220870694
11 0.10390625 0.1828125 0.0953125 0.365625
11 0.13747012451852553 0.1746217083365016 0.06909647540671973 0.3285158854404237
11 0.221875 0.18359375 0.0875 0.3671875
11 0.27097751610726917 0.18868823263519427 0.05829533079291398 0.35188975292686636
11 0.3193150221573934 0.20559393150372623 0.09588623438371009 0.367732921544777
13 0.6390625 0.603125 0.31875 0.36875
11 0.73984375 0.709375 0.5203125 0.58125
3 83.37614440917969 100.24705505371094 17.956619262695312 22.783432006835938
2 33.30757522583008 29.167835235595703 20.676368713378906 20.650718688964844
7 35.239898681640625 210.388427734375 29.022140502929688 24.76275634765625
2 183.4222412109375 14.170263290405273 27.8060302734375 41.41142463684082
2 162.53610229492188 11.081366539001465 19.0625 23.719971656799316
2 63.940643310546875 0.0 21.726669311523438 20.23059844970703
2 136.48403930664062 0.28578758239746094 23.56756591796875 29.55752944946289
6 24.744182586669922 186.0384521484375 20.03978729248047 20.39910888671875
7 65.58576965332031 211.79171752929688 18.380447387695312 22.601806640625