9 0.22904506704234562 0.7034575232734118 0.09113406010845856 0.08855451734563573
9 0.41603198263519425 0.6551911039147311 0.11006586729005097 0.12002269334818116
5 0.39937172346181204 0.5647660985837311 0.10024543969514958 0.04335110534690845
5 0.24769559397331697 0.5860609379376391 0.10817611436318479 0.06375451201463563
10 0.40390625 0.8453125 0.3078125 0.309375
10 0.15546875 0.87109375 0.2703125 0.2578125
11 0.15390625 0.77578125 0.3078125 0.4484375
11 0.35859375 0.76796875 0.5828125 0.4640625
10 0.78046875 0.3765625 0.1859375 0.09375
10 0.709375 0.41484375 0.11875 0.1703125
11 0.72265625 0.65 0.1453125 0.640625
11 0.8 0.57265625 0.3 0.4859375
11 0.9015625 0.43046875 0.153125 0.2015625
11 0.96171875 0.5546875 0.0765625 0.45
5 221.12399291992188 342.1546630859375 86.83477783203125 124.5587158203125
5 111.55494689941406 351.88665771484375 82.52862548828125 129.9241943359375
3 237.89675903320312 507.51116943359375 81.87213134765625 68.888427734375
4 122.67884826660156 393.3793029785156 57.299713134765625 39.2156982421875
4 234.18145751953125 387.746826171875 64.74346923828125 48.5413818359375
4 227.7437744140625 363.9211730957031 70.06756591796875 52.64697265625
4 232.53399658203125 366.29412841796875 69.30157470703125 65.59368896484375