5 0.41953125 0.2335956907753042 0.0609375 0.040979524004105095
9 0.315625 0.00390625 0.021875 0.0078125
9 0.42109375 0.2851491004162246 0.0171875 0.02041249394987581
10 0.4671875 0.32316218482337583 0.078125 0.1113920179539809
10 0.33671875 0.06454622980652394 0.0515625 0.10342498184962742
10 0.07265625 0.04765625 0.0890625 0.0953125
11 0.08984375 0.15703125 0.1796875 0.3140625
11 0.328125 0.146875 0.16875 0.29375
11 0.4296875 0.33203125 0.2 0.2546875
13 0.61171875 0.19609375 0.1640625 0.3546875
9 0.5671875 0.060808672330343996 0.04375 0.056504530054229285
11 0.66875 0.2296875 0.278125 0.459375
12 0.28828125 0.5702326275435876 0.05625 0.06751475292686634
2 251.03721618652344 138.33685302734375 301.45751953125 188.36309814453125
7 187.19317626953125 153.24380493164062 216.98370361328125 183.29013061523438
5 338.01422119140625 529.16845703125 458.91339111328125 640.0
5 485.2117919921875 450.92584228515625 593.310546875 595.9761352539062
7 62.758338928222656 161.41183471679688 88.0662612915039 205.61123657226562
2 335.08013916015625 0.0 391.20782470703125 59.0059814453125
4 339.86517333984375 2.3704452514648438 378.73065185546875 38.272705078125