2 0.04375 0.76953125 0.0875 0.1453125
9 0.03206235339749706 0.8732369579885461 0.03174089600572701 0.0425511266709087
2 0.02890625 0.45859375 0.0578125 0.0578125
10 0.09609375 0.92578125 0.1921875 0.1484375
11 0.12265625 0.84453125 0.2453125 0.3109375
2 0.925 0.59453125 0.15 0.1890625
2 0.94765625 0.68828125 0.1046875 0.1390625
2 0.8983787914146781 0.8683905379137767 0.18205107336090762 0.20521585335772627
2 0.8859375 0.975 0.2125 0.05
10 0.7483851453691802 0.5349342426002758 0.14409654002227157 0.1657170013526354
11 0.7563521867043164 0.5481245859325485 0.23692038669636234 0.22147720003181667
11 0.9703125 0.50859375 0.059375 0.1578125
10 0.98515625 0.5046875 0.0296875 0.14375
9 0.98828125 0.97578125 0.0234375 0.0453125
10 0.68046875 0.9015625 0.1609375 0.196875
5 0.65234375 0.77109375 0.1046875 0.1015625
9 0.731454373408633 0.8257955999363666 0.04273294000636341 0.04736589600572714
11 0.90546875 0.65390625 0.1890625 0.3140625
10 0.8796816933879519 0.6717064419160039 0.08308631468809011 0.1587579293443632
11 0.7265625 0.8453125 0.253125 0.309375
11 0.8991509507479053 0.867600197247004 0.17898061736154425 0.2098669906906352
11 0.946875 0.784375 0.10625 0.35
2 551.53564453125 327.35791015625 87.520751953125 103.63134765625
2 526.6620483398438 510.7073974609375 103.69384765625 96.2750244140625
0 0.0 589.7041625976562 45.98073196411133 49.73486328125
2 552.6279296875 327.4541015625 87.25634765625 148.12176513671875
2 0.0 456.40826416015625 54.61756896972656 110.94036865234375
0 24.708419799804688 547.1226196289062 69.64820861816406 71.1932373046875
0 109.41586303710938 416.48712158203125 66.05267333984375 72.5203857421875
2 337.4244689941406 407.38336181640625 38.85296630859375 30.99920654296875