11 0.559375 0.24432865769601278 0.0203125 0.037618174668035034
13 0.55859375 0.24980195287555257 0.0171875 0.02353749394987581
2 0.0203125 0.22715233157848091 0.0078125 0.009420451795398143
13 0.0234375 0.2451029008603217 0.0140625 0.02508181323171659
11 0.02421875 0.25134835568078184 0.0234375 0.061073855386194253
2 0.61875 0.1515625 0.01875 0.053125
13 0.6359375 0.27890625 0.053125 0.1796875
13 0.63359375 0.35078125 0.0484375 0.3078125
11 0.65546875 0.35 0.0921875 0.7
11 0.65859375 0.3484375 0.0984375 0.584375
5 0.6234375 0.71640625 0.028125 0.0328125
11 0.653125 0.85 0.0875 0.3