2 0.9578125 0.303125 0.0421875 0.0375
2 0.83046875 0.35625 0.046875 0.05
5 0.4421875 0.33984375 0.0328125 0.0265625
13 0.453125 0.40546875 0.06875 0.0921875
13 0.97265625 0.409375 0.0546875 0.140625
13 0.83828125 0.459375 0.1046875 0.15625
9 0.83515625 0.38828125 0.021875 0.028125
9 0.96875 0.334375 0.028125 0.0265625
9 0.45 0.36875 0.0234375 0.0234375
11 0.46015625 0.38671875 0.0828125 0.1265625
11 0.85859375 0.471875 0.1671875 0.29375
11 0.9515625 0.44609375 0.096875 0.3453125
13 0.134375 0.64296875 0.103125 0.0484375
11 0.0390625 0.725 0.078125 0.2125
11 0.08515625 0.6703125 0.1015625 0.103125
11 0.175 0.7453125 0.203125 0.253125
11 0.19140625 0.675 0.1109375 0.1125
2 514.8165283203125 211.0355224609375 32.302490234375 49.65740966796875
2 601.2421875 180.44558715820312 30.299072265625 49.67889404296875