2 0.9128151800307881 0.14457232459423058 0.06592498184962743 0.052326116008908664
9 0.73046875 0.015625 0.0515625 0.03125
9 0.8981759631100795 0.17990129726291232 0.02668976502711473 0.02218408267027261
10 0.889977643730043 0.2479700445974123 0.09601245764913066 0.12142156134627217
10 0.6375 0.09453125 0.115625 0.1890625
11 0.69921875 0.2046875 0.2390625 0.409375
11 0.91328125 0.2921875 0.1734375 0.353125
2 0.36783395725634715 0.6523035559357303 0.20378859621281223 0.1164260733609078
2 0.11640625 0.5125 0.2328125 0.0875
9 0.14729874345889646 0.616585873965638 0.14285109621281214 0.1157170013526354
9 0.392816297419035 0.7832717452657758 0.10034543364502539 0.06053860534690845
10 0.32265625 0.90390625 0.2390625 0.1921875
10 0.128125 0.84921875 0.25625 0.3015625
11 0.13125 0.734375 0.2625 0.53125
11 0.32109375 0.79296875 0.2953125 0.4140625
5 0.6596805687908615 0.691496061982819 0.006277271077238744 0.0047602253341818114
5 0.6776493187908614 0.6912869766470464 0.006295451795398144 0.007885225334181812
5 0.8605436320225781 0.7032222606222293 0.011073855386194254 0.023564769334818082
5 0.8693600958200285 0.7414035132877294 0.01730567466803521 0.020512494668999893
9 0.8676248789975158 0.7117341946212747 0.011055674668035208 0.02043976933481808
9 0.8647316831540461 0.7516143072883656 0.007857951795398322 0.007903406667727176
10 0.6590220386384363 0.7125989026495917 0.012672716822512697 0.029832950668363622
10 0.6762049934588965 0.7116176579805918 0.012654536104353475 0.026707950668363623
10 0.8711089481811609 0.7734165819541838 0.023664758976990184 0.0393352200031817
10 0.892647604895215 0.7153495432845477 0.042532933645025396 0.05986589600572696
11 0.8874833819243821 0.7677569279519567 0.0697499394987581 0.17267497867599949
11 0.8688697373105765 0.7914126039545021 0.03665563836728971 0.12385567067154506
11 0.6769635175611974 0.707702317313819 0.017423849336070062 0.040824994668999894
11 0.6605663579202771 0.7094557213160463 0.015879530054229284 0.043931813335454525
2 172.9571533203125 383.1395263671875 127.1539306640625 137.961669921875
2 564.3474731445312 73.81632995605469 40.4014892578125 49.225433349609375
3 569.92724609375 171.07528686523438 42.408935546875 30.8858642578125
4 203.6407470703125 450.7831115722656 94.04718017578125 29.2490234375
3 469.67724609375 26.467945098876953 29.9417724609375 28.629470825195312
2 0.9305419921875 300.26177978515625 148.88491821289062 137.49078369140625
4 565.5032958984375 92.9094467163086 30.449951171875 18.181365966796875
7 562.7368774414062 531.625 19.4090576171875 14.895263671875
7 549.841552734375 533.3946533203125 15.078857421875 14.45263671875
2 437.08197021484375 0.0 63.0855712890625 21.662736892700195