11 0.125 0.384375 0.040625 0.05
13 0.78203125 0.29140625 0.0921875 0.2359375
9 0.7831544302271799 0.15547083352338847 0.02836134933607006 0.040788626463433175
2 0.778085135145836 0.08981856244614965 0.037809072208706954 0.053343168617910844
11 0.77109375 0.2046875 0.1140625 0.409375
8 0.32578125 0.884375 0.3359375 0.23125
5 0.27582371925839966 0.6637731711519936 0.30993860226293635 0.0986748910977644
11 0.309375 0.8015625 0.61875 0.396875
10 0.65703125 0.86796875 0.0765625 0.1296875
5 0.6521054598886258 0.7789719660369459 0.04387726502711473 0.022129530054229286
11 0.6734375 0.8828125 0.109375 0.234375
2 266.4911804199219 0.0 62.501220703125 44.65459060668945