12 0.32436727056814085 0.4091821207829037 0.08159654002227157 0.16498974801081764
12 0.1913729572326864 0.4232617074315409 0.1024362986950896 0.21053860534690844
5 0.215625 0.00703125 0.03125 0.0140625
11 0.3953125 0.24765625 0.009375 0.0671875
13 0.2134870512810479 0.06722079276731359 0.06974997334499947 0.08673747867599957
9 0.20998988128582036 0.03201908943344991 0.022129538669636163 0.022129538669636163
11 0.215625 0.05390625 0.103125 0.1078125
13 0.9821092346037756 0.07524237810308616 0.020494313335454352 0.015861357336090797
11 0.9822001412715029 0.06742987810308616 0.025436352005090868 0.037790901336727065
3 121.71047973632812 41.5606689453125 141.47784423828125 60.48390197753906
5 123.353515625 0.0 149.73178100585938 26.76285171508789