8 0.73515625 0.1609375 0.2515625 0.321875
10 0.8046875 0.3875 0.390625 0.2625
11 0.8046875 0.259375 0.390625 0.51875
2 0.615625 0.64609375 0.0125 0.0203125
2 0.6267700156162899 0.6455535692632305 0.01886817466803503 0.020530676002545434
2 0.6588603529503073 0.6350246019255488 0.03456589754067192 0.033212489337999786
2 0.7012342053114395 0.6025024559198219 0.026707945745273777 0.02530908267027261
2 0.7412552173134921 0.571570081914413 0.042451120413308986 0.04580339600572696
2 0.7346643288480064 0.6302365572485948 0.0739011083130606 0.08054202267663584
2 0.8032916090004315 0.6505303285725953 0.022029536104353563 0.02681703866963616
2 0.8252438770526084 0.6369945399029591 0.012563632513557365 0.011082950668363623
13 0.8243171813073344 0.6620036305697317 0.01580680718159222 0.03143181333545435
2 0.8408870577707676 0.6336877265675046 0.02827953610435365 0.026889764003817974
2 0.8832109131569619 0.6097593305617776 0.03299430718159222 0.03163180800445442
2 0.9480001210024842 0.6183798052196415 0.0251545361043533 0.02685340133672707
2 0.99140625 0.62109375 0.0171875 0.0265625
13 0.98359375 0.70546875 0.0328125 0.1015625
13 0.9568569705349459 0.707333217218369 0.04127041549465282 0.1114102146721816
13 0.8951518560735654 0.705707629893414 0.06788745764913032 0.12109429734245403
13 0.8521694705349458 0.7085513665659138 0.05528746369925486 0.10376134667409058
13 0.8146331090986274 0.7152377185710044 0.04269656010845857 0.08799089600572696
13 0.7015563921779189 0.6813996152530492 0.04268746974937905 0.08642839600572697
13 0.6341961753554062 0.7118689125955033 0.044204517953980726 0.0786340773392725
13 0.6178217416121847 0.7065910665977304 0.014398843285945873 0.057976132001908987
13 0.6724137928418488 0.7223609699236399 0.07877950585373253 0.1134090666772721
13 0.7733995759211402 0.6860320239099587 0.06019313231716552 0.14131589067472686
13 0.7436342869881163 0.8340246285805494 0.11558968032537571 0.2638272373488174
9 0.6149240005891752 0.6675649292648214 0.007876132513557366 0.011028406667727175
9 0.6289910457687149 0.6666200472629124 0.011001132513557365 0.011064769334818082
9 0.6610222957687151 0.6662473299252307 0.01884999394987581 0.017405676002545434
2 0.6493444523845733 0.6593524399268216 0.00791249394987581 0.017278406667727175
9 0.7026376240275463 0.6298280245862764 0.01414431323171641 0.014226132001908986
9 0.7148012807416004 0.6874950739179129 0.009547716822512698 0.029796588001272717
9 0.803945593973317 0.6723962379058225 0.009438632513557366 0.011046588001272718
9 0.8430671813073344 0.6617854545671864 0.014144313231716766 0.014226132001908986
9 0.8853728559753694 0.6409820585614594 0.020403403590796287 0.015861357336090797
8 0.9533279704367501 0.6425349205522325 0.009502265027114732 0.021984088001272717
9 0.99453125 0.646875 0.0109375 0.015625
11 0.9796875 0.7453125 0.040625 0.278125
11 0.96171875 0.74765625 0.0765625 0.2953125
11 0.8948836904807166 0.751801379893414 0.09406011397040111 0.32294769867918127
11 0.8259342234618121 0.6526104492361864 0.022129530054229463 0.04400453866963616
11 0.8511473260193361 0.7499667072326863 0.07652718032537571 0.2633727040101813
11 0.8160138019170351 0.7464695372374589 0.057559011707465045 0.22565452800763586
11 0.77421875 0.77265625 0.1140625 0.4546875
11 0.7000620698710159 0.6696990465865946 0.050945397344280254 0.16308180267345412
11 0.6767285881195845 0.7863689259230036 0.11138396935659553 0.34658519334818116
11 0.63671875 0.73828125 0.0546875 0.2109375
11 0.62734375 0.7296875 0.0359375 0.190625
11 0.62890625 0.80703125 0.0390625 0.3859375
11 0.7515625 0.7921875 0.15625 0.415625
2 556.81298828125 379.86865234375 576.0380859375 412.92462158203125
2 411.5538024902344 396.67645263671875 433.0674133300781 431.84088134765625
2 529.7744140625 396.41131591796875 547.8466796875 426.22406005859375
2 599.18310546875 386.6201477050781 614.4866943359375 415.0806579589844
7 573.9890747070312 559.702880859375 593.4922485351562 584.0457763671875
2 629.9365844726562 387.29071044921875 640.0 424.34564208984375
7 550.462890625 542.267578125 565.456787109375 560.611328125
7 532.864013671875 539.7579956054688 552.0146484375 556.9393920898438
3 525.5718994140625 466.64959716796875 541.1837158203125 482.26104736328125
6 626.5633544921875 536.7794799804688 640.0 557.9231567382812
2 461.4664306640625 352.87860107421875 487.2613525390625 383.3175048828125
2 389.36285400390625 405.9039001464844 408.49981689453125 433.1997985839844
6 427.58245849609375 581.119873046875 446.39263916015625 603.212158203125
2 441.7413330078125 377.9495849609375 457.7650146484375 399.46380615234375
6 441.0246887207031 584.3252563476562 457.9230041503906 609.6394653320312
7 493.10308837890625 606.0340576171875 519.8866577148438 639.8841552734375
6 604.740234375 541.4775390625 629.74658203125 570.456787109375