11 0.1493594887412238 0.46032233811958445 0.018968176002545432 0.01885908430895533
13 0.15019528274186023 0.4650052929400446 0.014189769334818081 0.011019313231716588
2 0.9123680187380423 0.09138598575845229 0.08192270934118148 0.058285198672140125
10 0.91796875 0.2234375 0.1640625 0.234375
11 0.89765625 0.2375 0.2046875 0.39375
9 0.23828125 0.55234375 0.1796875 0.1046875
10 0.27109375 0.66875 0.3640625 0.3375
11 0.3 0.75 0.6 0.5
10 0.82578125 0.75 0.2921875 0.5
2 0.94765625 0.75 0.1046875 0.5
2 0.80078125 0.75 0.3984375 0.5
3 545.6525268554688 205.09442138671875 28.6165771484375 40.4354248046875
5 244.5673828125 408.73358154296875 135.7779541015625 197.650390625