8 0.76015625 0.3515625 0.4796875 0.325
5 0.746875 0.08671875 0.50625 0.1734375
10 0.66484375 0.553125 0.6703125 0.13125
11 0.66484375 0.309375 0.6703125 0.61875
9 0.1453125 0.853125 0.290625 0.271875
10 0.16484375 0.94921875 0.3296875 0.1015625
11 0.16484375 0.809375 0.3296875 0.38125
8 0.68046875 0.65625 0.1578125 0.075
10 0.67265625 0.821875 0.3578125 0.35625
11 0.6625 0.809375 0.665625 0.38125
3 608.97021484375 306.50439453125 30.84326171875 46.13873291015625
5 0.0 395.02874755859375 191.95367431640625 244.97125244140625