8 0.690625 0.01875 0.08125 0.0375
8 0.689385932606639 0.1796875 0.07113066000954511 0.0703125
8 0.40761776460059396 0.22421875 0.06495338534372674 0.0765625
8 0.65546875 0.50234375 0.0671875 0.0328125
8 0.8445905059277761 0.26953125 0.05850339067472703 0.059375
8 0.89609375 0.03203125 0.0734375 0.0640625
8 0.9796875 0.04140625 0.040625 0.0828125
5 0.8511955892743664 0.171875 0.09647610534690827 0.1
5 0.6787825979074134 0.41953125 0.10268974267981754 0.096875
5 0.73984375 0.49296875 0.1171875 0.0515625
5 0.45020580128104787 0.12265625 0.10561474801081765 0.0796875
5 0.6959546532861386 0.08515625 0.08677384134309048 0.071875
10 0.49296875 0.03046875 0.1890625 0.0609375
10 0.93046875 0.2609375 0.1390625 0.378125
10 0.8472444332829567 0.10859375 0.11560791335136286 0.1328125
10 0.83203125 0.40703125 0.2171875 0.2234375
10 0.42578125 0.3875 0.1796875 0.2625
11 0.50234375 0.053125 0.2734375 0.10625
11 0.35625 0.278125 0.09375 0.48125
11 0.35546875 0.41875 0.0921875 0.2
11 0.4328125 0.14609375 0.246875 0.2921875
11 0.44140625 0.2921875 0.2640625 0.453125
11 0.73671875 0.4875 0.3328125 0.0625
11 0.63125 0.440625 0.209375 0.15625
11 0.646875 0.27734375 0.278125 0.4828125
11 0.6671875 0.19296875 0.309375 0.3859375
11 0.72421875 0.04765625 0.2484375 0.0953125
11 0.87890625 0.125 0.2203125 0.25
11 0.83671875 0.315625 0.3265625 0.40625
11 0.93671875 0.39765625 0.1265625 0.2421875
11 0.90546875 0.259375 0.1890625 0.51875
8 0.1546875 0.6203125 0.309375 0.203125
10 0.1546875 0.8125 0.309375 0.375
11 0.1546875 0.759375 0.309375 0.48125
2 0.7828125 0.9109375 0.165625 0.178125
11 0.76484375 0.90703125 0.3796875 0.1859375
2 452.36688232421875 532.39990234375 545.8302612304688 640.0
3 317.0467529296875 136.40347290039062 351.2342529296875 189.20645141601562
3 417.80517578125 0.02413177490234375 462.522705078125 44.07237243652344