10 0.625 0.075 0.03125 0.125
11 0.815625 0.11171875 0.36875 0.2234375
11 0.6390625 0.15234375 0.059375 0.3046875
2 0.3375 0.6795623184962738 0.096875 0.06618860226293624
2 0.51640625 0.67982191461089 0.11875 0.08194086729005097
2 0.1921875 0.7341856651018694 0.1125 0.07565450585373253
10 0.190625 0.8958953247427898 0.165625 0.18065107806243966
10 0.371875 0.8258560563960256 0.140625 0.15238063231716553
10 0.5359375 0.82109375 0.146875 0.1546875
2 0.31015625 0.4215907372123805 0.084375 0.06142837939029935
11 0.1546875 0.40584249648395854 0.084375 0.03330337939029935
11 0.48671875 0.40234375 0.1046875 0.0265625
9 0.5140625 0.7391832790722707 0.0578125 0.03627384328594587
9 0.33984375 0.7389509540348933 0.046875 0.03777271077238851
9 0.21796875 0.789804406026683 0.046875 0.034647710772388415
11 0.3078125 0.4140625 0.1 0.05
11 0.51796875 0.8140625 0.1828125 0.371875
11 0.54609375 0.75 0.1265625 0.5
11 0.3453125 0.81875 0.271875 0.3625
11 0.203125 0.84453125 0.234375 0.3109375
9 0.97890625 0.8578125 0.0421875 0.09375
9 0.81953125 0.8318191892041703 0.11875 0.12725336729005088
5 0.82734375 0.7412396409995685 0.103125 0.052162463699254855
5 0.9609375 0.74453125 0.078125 0.0734375
10 0.8421875 0.92578125 0.315625 0.1484375
11 0.8046875 0.840625 0.390625 0.31875
2 301.72283935546875 414.05657958984375 363.08123779296875 492.44500732421875
2 95.67924499511719 450.0306396484375 157.88143920898438 528.2606201171875
2 191.36277770996094 417.7393493652344 244.40940856933594 484.9854431152344
5 597.7716064453125 457.05999755859375 640.0 585.8701782226562
5 484.7818603515625 455.31005859375 568.2725830078125 576.02099609375
3 296.1811218261719 553.8212280273438 330.6495056152344 594.5686645507812
4 195.11587524414062 446.4625244140625 237.81454467773438 464.45361328125
4 303.81341552734375 448.3516845703125 353.23211669921875 467.12646484375
3 141.82925415039062 496.9355773925781 183.27542114257812 544.218994140625
4 109.72882843017578 484.66705322265625 154.40850830078125 504.32952880859375
4 495.20361328125 478.63861083984375 564.96875 528.010009765625
4 612.0543212890625 502.7056884765625 640.0 547.4295654296875
2 125.40875244140625 109.14275360107422 280.1007995605469 261.99151611328125
4 503.58868408203125 480.64764404296875 562.0065307617188 516.9017944335938
0 270.6072998046875 602.852294921875 319.9068603515625 640.0