5 0.26766240404199804 0.16875 0.012699994668999893 0.0171875
9 0.2646737640435889 0.18046875 0.009484088001272716 0.009375
10 0.2696885280474069 0.20859375 0.025509077339272324 0.04375
11 0.26491012137967973 0.20078125 0.03530224801081765 0.0796875
8 0.721024308720543 0.175 0.2252567280394528 0.290625
11 0.7796875 0.3046875 0.440625 0.609375
10 0.73984375 0.44609375 0.3609375 0.3265625
2 0.893653834062679 0.75546875 0.027107940006363407 0.046875
10 0.9002765514003606 0.7875 0.039698846674090404 0.0546875
11 0.9067810900699967 0.809375 0.07227608402290783 0.16875
2 410.17926025390625 503.20587158203125 16.2960205078125 18.8634033203125