2 0.996875 0.115625 0.00625 0.009375
13 0.996875 0.13359375 0.00625 0.0265625
13 0.99453125 0.1484375 0.0109375 0.078125
2 0.1125 0.7780239642884299 0.09375 0.1036704215447772
2 0.37421875 0.68515625 0.0296875 0.1046875
9 0.3828125 0.81484375 0.0125 0.0640625
9 0.13125 0.9201023799794745 0.059375 0.0628454336450254
10 0.1203125 0.96484375 0.125 0.0703125
11 0.31015625 0.815625 0.1578125 0.36875
11 0.1359375 0.85390625 0.246875 0.2921875
13 0.6625 0.93671875 0.25625 0.1265625
9 0.7015625 0.8671586662802199 0.05625 0.07376475292686635
2 0.67890625 0.7461967264868743 0.13125 0.13201359016268785
11 0.71015625 0.83671875 0.3921875 0.3265625
2 394.3707275390625 437.67095947265625 80.75775146484375 139.28076171875
2 43.78912353515625 463.5354309082031 61.34095764160156 146.98556518554688
4 416.6007080078125 502.20758056640625 57.01513671875 40.3677978515625
4 54.905662536621094 537.1401977539062 46.34828186035156 28.8974609375