2 0.11796875 0.6784260866884081 0.0875 0.07758065467854483
13 0.3296875 0.8933896573838158 0.0703125 0.14456816000954512
8 0.35703125 0.8163640807208612 0.021875 0.03775453866963616
8 0.09765625 0.7617834793523173 0.03125 0.04880112667090888
8 0.475 0.7153930214035422 0.0359375 0.03166817067154515
5 0.47421875 0.65625 0.0703125 0.05625
10 0.45859375 0.7847333674013152 0.0796875 0.13217724801081773
10 0.5 0.59140625 0.01875 0.0234375
11 0.49609375 0.6109375 0.0265625 0.0625
11 0.44609375 0.76640625 0.1265625 0.2828125
11 0.31953125 0.87265625 0.1015625 0.2546875
11 0.1234375 0.8125 0.196875 0.375
2 0.34921875 0.767054424053134 0.0421875 0.05361589600572696
13 0.1234375 0.8875 0.1375 0.225
2 47.634063720703125 408.2505798339844 56.958587646484375 91.09326171875
5 282.2071533203125 405.735107421875 43.9034423828125 60.681396484375