2 0.12384812880112417 0.8701705576725717 0.05340680113146812 0.04874657220870695
11 0.1171875 0.9203125 0.16875 0.159375
9 0.13497198116225634 0.9021381751590143 0.028261355386194252 0.023601126463433174
10 0.1046875 0.95390625 0.09375 0.0921875
2 0.7765625 0.540625 0.2125 0.18125
2 0.384375 0.61640625 0.109375 0.2109375
2 0.6745849687674204 0.8056025009819587 0.15714994554888229 0.1555965359079618
2 0.39296875 0.803125 0.1265625 0.225
2 0.36953125 0.94609375 0.0796875 0.1078125
2 0.6966458002477054 0.7031269407753042 0.16485336123992678 0.13689198770335978
10 0.7063248063960254 0.6210366034412866 0.11169199980360815 0.1303329154946528
10 0.567607740041051 0.6812206453993725 0.19514082493918145 0.24018970452587246
5 0.5925390414671067 0.5349769044745589 0.1100022347764936 0.1084488251355733
9 0.5115708425985748 0.5838871031466991 0.044031801131468026 0.048692030054229285
10 0.375 0.4765625 0.090625 0.053125
10 0.5819116554375079 0.856924627347196 0.13667381908544912 0.1273533612399266
10 0.56796875 0.96953125 0.1609375 0.0609375
11 0.5953125 0.9625 0.30625 0.075
11 0.623127007896836 0.8238712328315861 0.3215942406302261 0.22217602361132158
11 0.7475856106507516 0.5957957089256768 0.25632376463433104 0.28273172852997774
11 0.55546875 0.634375 0.3546875 0.36875
11 0.38359375 0.6140625 0.1078125 0.215625
5 317.04290771484375 314.2056884765625 409.01409912109375 409.4510498046875
2 60.742271423339844 543.7774658203125 97.20838165283203 586.7579345703125
2 212.44381713867188 347.44647216796875 274.7902526855469 442.15264892578125
2 445.41387939453125 304.3733215332031 549.869140625 393.1177673339844