2 0.5666709121750031 0.7545980163036609 0.026744307181592576 0.031404536104353474
2 0.48624306879086154 0.7620974197962612 0.02200226502711473 0.02200226502711473
2 0.4213811380727022 0.7593496696980654 0.011028403590796109 0.015688632513557364
2 0.43770102966144575 0.7444104709277293 0.02674430718159222 0.031404536104353474
2 0.43473965612487897 0.7725536516458886 0.045539758976990544 0.03932612041330898
2 0.3425067043294808 0.765277482831586 0.025145445745273776 0.025145445745273953
2 0.2902129513044188 0.7741757598607533 0.047129530054229284 0.04402271077238851
2 0.24262033381797607 0.7853905158126816 0.015734084308955332 0.01884090359079611
2 0.22934817417705577 0.7870302838648583 0.01729658430895533 0.01884999394987581
2 0.19649476756119738 0.7801899314055303 0.03299430718159222 0.03144089754067192
2 0.15181352663638367 0.7546677566392994 0.025145445745273776 0.025145445745273953
2 0.10948058089110986 0.7299131963344491 0.039307939695149674 0.04241475897699036
2 0.12231237899751593 0.7868717234618121 0.06918633723582168 0.07539997579950315
2 0.05841350546094901 0.8153694281840764 0.020448855386194252 0.02355567466803521
2 0.035693622947391736 0.8045637383907309 0.012554542154477665 0.009447722872636889
13 0.038959523513125746 0.8287643076725717 0.014235216822512697 0.029769313231716766
2 0.019282827767851885 0.8038779371610669 0.026717036104353477 0.026717036104353387
13 0.02109375 0.87734375 0.0421875 0.1015625
13 0.054884505362753175 0.8802359040817755 0.03799087939029935 0.08459316861791066
13 0.16085724941082483 0.8319615096643614 0.036428379390299345 0.08458407825883114
13 0.23051121925839962 0.8526507386853185 0.041061337235821685 0.07523634933607007
13 0.24609076746300157 0.8447473350945224 0.009711343285945872 0.05786704215447784
13 0.31953735782208115 0.8458825882177802 0.018886355386194254 0.023546584308955686
13 0.34686292710392197 0.8425985069338869 0.06306360226293624 0.09723861436318479
13 0.40854077048806364 0.8352081877502421 0.02241133118569749 0.09231476502711464
13 0.4412987283335859 0.8256422902095701 0.05978406615858276 0.0706579336450254
13 0.484290204231285 0.8292985553348806 0.04267837939029935 0.08462043969514958
13 0.4447600716195318 0.883436609491411 0.08056017447164336 0.1504636083130606
13 0.29171688485124836 0.8983899646812133 0.09002607806243948 0.16614315046753808
13 0.1946555324901162 0.8669223169441498 0.0709306444174139 0.10665906615858275
13 0.09218906264254141 0.8464239854638647 0.052353361239926774 0.13623748184962742
13 0.1375 0.92890625 0.1 0.1421875
9 0.5675794272021178 0.7764684711241211 0.00791249394987581 0.017232951795397966
13 0.5765625 0.8234375 0.046875 0.1
9 0.48640215007475474 0.7894411697962612 0.014144313231716587 0.014144313231716587
9 0.4294981651018694 0.8116479679026674 0.020421584308955333 0.018868174668034855
9 0.34345612597245373 0.7941791876520462 0.01414431323171641 0.014144313231716499
9 0.30297202653818783 0.8186342869881162 0.007930674668035032 0.020357951795398323
9 0.2435197584860111 0.8056984706331416 0.007876132513557366 0.010982951795398321
9 0.23024759884509072 0.8073382386853185 0.010992042154477666 0.009438632513557366
9 0.19901577956325003 0.8106450458669109 0.018840903590796286 0.015734084308955332
2 0.20991237294739165 0.8035501633533535 0.00634999394987581 0.017223861436318443
9 0.15431181274073724 0.78121662110068 0.014135222872636887 0.012581813231716588
9 0.14839815602668302 0.8390654825369985 0.007976126463433176 0.028170451795398323
9 0.06009872530852389 0.8364540878249969 0.009438632513557366 0.010992042154477844
9 0.02022770423128497 0.8319983919815271 0.014135222872636887 0.01258181323171641
11 0.035789071717727695 0.8209699883907309 0.018995439695149673 0.04229658430895533
11 0.0265625 0.89453125 0.053125 0.2109375
11 0.05703125 0.9 0.0453125 0.2
11 0.1015625 0.85390625 0.0875 0.2921875
11 0.1600078217177277 0.8202473048439014 0.04310562626704133 0.15805793969514959
11 0.19609375 0.88046875 0.0921875 0.2390625
11 0.23222825536275318 0.8792041483262389 0.04651242739850954 0.20651362041330898
11 0.24232087284919582 0.8682075609922213 0.032331752730474506 0.1861193071815923
11 0.29296875 0.875 0.1046875 0.25
11 0.35234375 0.87421875 0.0765625 0.2515625
11 0.410948153001621 0.8461320522116227 0.04486811416679295 0.1924420300542292
11 0.43490782776785186 0.8014599016458887 0.07746244554888211 0.15513292759490122
11 0.48828735782208116 0.8449008294371815 0.05424311416679295 0.19249657220870695
11 0.56796875 0.84921875 0.0640625 0.2265625
11 0.47421875 0.8734375 0.1796875 0.253125
11 0.1390625 0.87109375 0.11875 0.2578125
2 58.49077606201172 454.90863037109375 25.457000732421875 30.9639892578125
2 3.901630401611328 507.32562255859375 18.38177490234375 25.6767578125
2 89.51054382324219 475.93585205078125 17.506561279296875 27.4945068359375
2 355.18145751953125 472.4786376953125 21.0986328125 27.65283203125
2 115.28009033203125 490.229736328125 21.96844482421875 36.75982666015625
0 19.13039779663086 573.597900390625 14.645870208740234 15.395751953125
2 212.1271514892578 482.2894287109375 16.050994873046875 26.9400634765625
2 141.71530151367188 494.46844482421875 19.21942138671875 27.9102783203125
2 171.67758178710938 482.85784912109375 27.8096923828125 48.95062255859375
2 304.8875732421875 481.46868896484375 14.7109375 26.585205078125
3 207.89602661132812 622.12548828125 14.4449462890625 17.8056640625
0 323.3872985839844 500.92132568359375 17.4915771484375 16.870849609375
2 264.77105712890625 482.91278076171875 27.5545654296875 42.73382568359375
0 253.0513916015625 607.9765625 14.1595458984375 24.7540283203125
4 356.3936462402344 483.6175537109375 18.557861328125 9.760009765625