5 0.08664304459036458 0.26171875 0.03292158430895533 0.01875
11 0.10885438787631045 0.31953125 0.121121541958086 0.1390625
10 0.6953125 0.02890625 0.2125 0.0578125
10 0.64609375 0.25546875 0.1140625 0.1890625
2 0.640625 0.140625 0.103125 0.0625
5 0.86015625 0.0234375 0.0765625 0.046875
9 0.8118288760706497 0.034375 0.03925339754067183 0.0328125
11 0.7453125 0.09453125 0.3125 0.1890625
11 0.68125 0.284375 0.184375 0.36875
13 0.2865657765381878 0.5125 0.017369307181592398 0.03125
2 0.2879964663315334 0.48984375 0.006304542154477666 0.009375
11 0.28275043012898404 0.528125 0.03174996974937896 0.0859375
11 0.3254975080932277 0.75859375 0.05369769262201594 0.0984375
9 0.8714736043060398 0.78828125 0.00791249394987581 0.0171875
5 0.6844094206610143 0.72890625 0.012581813231716588 0.0140625
5 0.6578196495837754 0.72421875 0.011010222872636888 0.0125
5 0.8893196344584648 0.7671875 0.01574317466803521 0.0203125
5 0.8760974717924824 0.77734375 0.01259999394987581 0.0171875
9 0.6821338483541114 0.740625 0.007876132513557366 0.0109375
9 0.6555713483541113 0.740625 0.007857951795398143 0.0078125
10 0.8717644957965875 0.83828125 0.028579517953980726 0.078125
10 0.8826747247193488 0.83359375 0.020721566158582762 0.0703125
10 0.8912002970262515 0.821875 0.022338608313060605 0.0796875
5 0.8839281525106417 0.78046875 0.009465903590796288 0.015625
11 0.887403131335207 0.840625 0.05880334913967857 0.1703125
11 0.8773105138487644 0.8515625 0.06655221662612121 0.159375
11 0.8593644897464634 0.85546875 0.06819652985783761 0.1734375
11 0.6457559868195971 0.79921875 0.05099993949875792 0.171875
11 0.6661321193331544 0.81015625 0.05732266237139498 0.184375
3 464.60821533203125 79.897216796875 491.10736083984375 108.03318786621094