2 0.07574242690753023 0.80234375 0.05024543969514968 0.0421875
11 0.0890625 0.8890625 0.128125 0.221875
9 0.09154468890958278 0.8328125 0.02668067466803503 0.0203125
10 0.07086455024770535 0.90390625 0.08036018657189174 0.115625
2 0.9152998305965223 0.9625 0.09404089149054791 0.05
2 0.7129197191602038 0.95625 0.06905907220870695 0.053125
2 0.5415118308911099 0.76796875 0.09266928903121965 0.0828125
9 0.522262382022578 0.81640625 0.05490566861791084 0.0375
9 0.696875 0.99140625 0.028125 0.0171875
9 0.9171875 0.9890625 0.05 0.021875
2 306.74298095703125 465.80499267578125 374.05780029296875 538.3209838867188
2 435.78973388671875 594.379150390625 477.10968017578125 639.897216796875
2 31.30146026611328 501.573486328125 68.91209411621094 541.830810546875
2 562.5145263671875 600.451416015625 613.0108642578125 639.389404296875
3 337.77874755859375 543.0130615234375 366.756591796875 570.2891845703125
4 315.150146484375 491.2952880859375 360.9580078125 517.8778076171875
4 437.0932312011719 613.1515502929688 467.4123229980469 632.8186645507812
4 565.1077270507812 614.3260498046875 601.0241088867188 630.5804443359375