12 0.42849114922823206 0.6857253447644501 0.0064499946689998925 0.01726022533418181
12 0.4555985418921413 0.7063560181014953 0.0064499946689998925 0.01726022533418181
11 0.38828125 0.71796875 0.0140625 0.0234375
2 0.3167723992282321 0.6844253794159508 0.004723862667090906 0.0031795440006362695
11 0.31745365189373215 0.6930282200827234 0.011173857336090798 0.02043976933481808
12 0.4197519485598685 0.69812534742995 0.007976132001908987 0.014153406667727176
12 0.46751728656114117 0.6893048781030862 0.004887494668999892 0.01724204400063627
13 0.4163002318985047 0.6590173940960865 0.006359088001272539 0.009447725334181811
11 0.416254778564641 0.6629236440960865 0.011192038669636162 0.02200226933481808
10 0.8151228239576838 0.06684588605981542 0.2418067866804538 0.10436242536599849
10 0.7767030245862763 0.3469055560550429 0.22407494135899872 0.19164424936345323
2 0.7899126439370029 0.2189169160566337 0.12569089067472694 0.060829506683635515
5 0.97890625 0.03828125 0.0421875 0.0578125
9 0.9502699832909111 0.06919982141149639 0.03944430800445424 0.03326703333863605
11 0.8359375 0.12421875 0.328125 0.2421875
11 0.8129576032384135 0.4543731580601337 0.3266577854073603 0.5490396733768161
12 0.1296875 0.878125 0.20625 0.24375
5 0.76953125 0.8578125 0.4609375 0.1875
11 0.76953125 0.87265625 0.4609375 0.2546875
6 446.747802734375 409.8109436035156 103.7464599609375 60.74139404296875
3 569.7721557617188 116.65571594238281 23.1103515625 28.163818359375
5 592.3345947265625 9.028942108154297 47.4189453125 48.33551025390625
7 448.04913330078125 407.1539306640625 99.33251953125 65.5125732421875
6 513.08251953125 348.9559020996094 44.4365234375 51.227783203125