10 0.04296875 0.36875 0.0859375 0.340625
10 0.3528148860295987 0.31216726257164074 0.2674339814568441 0.3140283267027256
9 0.28419267193756054 0.15672633191441304 0.09402271077238851 0.04796588001272668
2 0.30727162363476274 0.08380645257800408 0.2100022347764936 0.1102487986950896
11 0.12421875 0.28515625 0.2484375 0.5078125
11 0.3328125 0.2765625 0.4125 0.525
11 0.9570251421779188 0.11925196188736882 0.041143150467538095 0.08953521467218159
2 134.49789428710938 20.402355194091797 266.4490051269531 118.5811767578125
3 0.0 137.03488159179688 29.636831283569336 180.48123168945312
3 101.09628295898438 202.79112243652344 137.817626953125 239.42738342285156
4 147.23690795898438 63.944705963134766 222.93350219726562 89.08804321289062
3 540.9632568359375 213.11932373046875 582.4725341796875 271.60089111328125
4 146.81765747070312 63.071556091308594 203.17410278320312 86.93192291259766