9 0.21914834731063743 0.0605896046988232 0.03829997867599957 0.06896816861791084
13 0.24490068328295686 0.26465948116225635 0.14753171737745258 0.3258363130353249
11 0.2078125 0.28984375 0.284375 0.5796875
9 0.603125 0.0609375 0.146875 0.121875
10 0.76484375 0.37421875 0.4703125 0.4109375
11 0.76484375 0.28984375 0.4703125 0.5796875
10 0.875 0.7046875 0.25 0.25
11 0.63515625 0.78984375 0.2109375 0.4203125
11 0.82890625 0.78984375 0.3421875 0.4203125
3 424.14569091796875 425.09332275390625 51.95654296875 44.1474609375
3 125.09696197509766 280.99151611328125 42.19408416748047 49.748779296875
4 119.70761108398438 5.9552459716796875 42.513397216796875 31.5101318359375
3 51.90081787109375 161.98110961914062 61.32368469238281 51.6572265625
2 116.83907318115234 0.0 56.47394561767578 67.70101928710938