11 0.209375 0.1546875 0.41875 0.309375
5 0.13125 0.115625 0.23125 0.23125
8 0.22734375 0.2203125 0.2078125 0.178125
2 0.62109375 0.23203125 0.2015625 0.1546875
2 0.45546875 0.08515625 0.0734375 0.1703125
11 0.50859375 0.1546875 0.1796875 0.309375
11 0.6453125 0.228125 0.3375 0.1625
8 0.24765625 0.76640625 0.3421875 0.3296875
5 0.2421875 0.48828125 0.353125 0.2015625
11 0.209375 0.6796875 0.41875 0.640625
5 561.6470947265625 423.9920654296875 639.8878173828125 582.5172119140625
1 568.987548828125 465.61834716796875 640.0 561.6350708007812