10 0.2140625 0.16796875 0.25 0.2265625
11 0.16953125 0.15 0.3390625 0.3
9 0.28671875 0.496875 0.1046875 0.10625
5 0.2875 0.325 0.103125 0.1125
11 0.1875 0.3984375 0.303125 0.303125
8 0.65703125 0.46875 0.3609375 0.1625
5 0.63828125 0.1421875 0.4171875 0.284375
11 0.66953125 0.275 0.6609375 0.55
13 0.2828125 0.98046875 0.028125 0.0390625
10 0.23046875 0.98984375 0.0109375 0.0203125
11 0.2109375 0.96875 0.065625 0.0625
13 0.8746802747896719 0.6084684257481896 0.00945681323171641 0.014117042154477667
2 0.8747529976623089 0.5959684257481895 0.006286361436318444 0.006286361436318444
11 0.8754751603282914 0.6061201305686497 0.012690897540672097 0.032885222872636885
11 0.37094972414918315 0.9840426810127468 0.014244307181592397 0.03133181323171641