9 0.4359375 0.065625 0.028125 0.028125
9 0.39728024860759364 0.019141784454033493 0.025254538669636162 0.022020445745273953
9 0.32615013594050274 0.022680395792156104 0.031540901336727246 0.025181807181592398
9 0.28515625 0.0109375 0.0265625 0.021875
9 0.22371547927277557 0.031088314311871024 0.026853401336727246 0.025154536104353652
9 0.17265625 0.00546875 0.0265625 0.0109375
9 0.121875 0.009375 0.025 0.01875
9 0.05390625 0.009375 0.0265625 0.01875
2 0.43515625 0.0171875 0.0296875 0.034375
13 0.046875 0.09296875 0.09375 0.1609375
13 0.01953125 0.0171875 0.0390625 0.034375
13 0.05703125 0.00625 0.0734375 0.0125
13 0.1171875 0.01875 0.090625 0.0375
13 0.11580243459582143 0.10749225390882486 0.09731244668999892 0.17242951190385672
13 0.17138027259709415 0.09779454616149845 0.07213063335454457 0.15665906615858277
13 0.20078125 0.01953125 0.0328125 0.0390625
13 0.21412175592777602 0.11707581128680893 0.10981244668999893 0.1725022347764938
13 0.28123707793604835 0.05575197102592524 0.061955654678545004 0.0878545240041051
13 0.31573879992841236 0.11179743794663377 0.1395544906906352 0.1773624515990065
13 0.3759314125955033 0.10832245912206862 0.10514312802354446 0.17403746369925485
13 0.4015625 0.1640625 0.096875 0.23125
11 0.02734375 0.1671875 0.0546875 0.334375
11 0.03828125 0.14765625 0.0765625 0.2953125
11 0.05546875 0.19609375 0.1109375 0.3921875
11 0.103125 0.1515625 0.146875 0.303125
11 0.1015625 0.1984375 0.140625 0.396875
11 0.14921875 0.184375 0.1234375 0.36875
11 0.18828125 0.171875 0.1171875 0.34375
11 0.196875 0.21171875 0.165625 0.4234375
11 0.25859375 0.1734375 0.1234375 0.346875
11 0.296875 0.228125 0.203125 0.45625
11 0.35859375 0.2140625 0.1609375 0.428125
11 0.37109375 0.26875 0.1578125 0.5375
8 0.8453125 0.44453125 0.309375 0.2703125
5 0.87734375 0.22265625 0.2453125 0.1703125
11 0.725 0.32265625 0.55 0.5140625
10 0.225 0.80390625 0.45 0.3921875
11 0.225 0.78984375 0.45 0.4203125
2 0.94609375 0.6671875 0.1078125 0.175
9 0.96953125 0.81796875 0.0609375 0.0734375
13 0.86171875 0.8734375 0.2765625 0.253125
11 0.83671875 0.78984375 0.3265625 0.4203125
6 35.779415130615234 213.39834594726562 58.21980667114258 251.31710815429688
7 197.58099365234375 267.09515380859375 237.98965454101562 309.74896240234375
7 234.05386352539062 289.76611328125 262.0602111816406 341.8800048828125
2 575.2819213867188 374.0823974609375 640.0 548.6029052734375
7 87.33488464355469 221.56655883789062 109.20756530761719 247.90866088867188
7 150.06463623046875 242.68084716796875 182.09552001953125 283.6483154296875
2 130.60137939453125 0.0 161.85543823242188 26.373802185058594
7 0.0 209.8218536376953 17.543560028076172 247.6691131591797
7 182.43898010253906 232.54251098632812 206.0925750732422 253.06143188476562
7 130.47525024414062 220.56130981445312 167.39697265625 255.13763427734375
7 109.75776672363281 224.85842895507812 129.05116271972656 270.95367431640625
2 269.61737060546875 0.4349212646484375 287.64068603515625 49.818931579589844
5 173.30380249023438 0.0 194.68038940429688 14.086671829223633
4 587.14208984375 448.07373046875 640.0 505.0186767578125
7 35.938507080078125 213.4573974609375 58.31016540527344 251.06741333007812
2 196.02151489257812 0.0 225.48306274414062 21.71603775024414
5 241.41522216796875 0.0 270.6158447265625 16.677509307861328
2 241.5572509765625 0.0 272.50341796875 16.56099510192871
4 269.86224365234375 19.642925262451172 287.88043212890625 31.753917694091797
5 196.71888732910156 0.0 225.69227600097656 21.402555465698242
4 133.4936981201172 0.8426370620727539 159.36607360839844 12.657686233520508
4 587.613037109375 447.42681884765625 640.0 535.1101684570312