11 0.30625 0.259375 0.165625 0.51875
12 0.69453125 0.259375 0.6109375 0.51875
8 0.23359375 0.94453125 0.3109375 0.1109375
5 0.23515625 0.78828125 0.3078125 0.1234375
11 0.19453125 0.8609375 0.3890625 0.278125
2 0.4171875 0.89609375 0.05625 0.0921875
2 0.4789842346037756 0.9354085992998197 0.053761346674090583 0.05530566534054522
2 0.6341808119430481 0.8898586472788207 0.07743520401018138 0.07589088534372693
2 0.7059194519414572 0.9007410559357302 0.05541475334181776 0.0631363466740904
2 0.8635955919398665 0.9106234912476403 0.053888616008908485 0.06624316534054522
2 0.9470802539385937 0.9190257899029589 0.047474984006999676 0.05210794000636341
9 0.413704132598685 0.9736631246419556 0.04115225867281787 0.04578521467218159
9 0.49453125 0.9875 0.0171875 0.025
9 0.6623870806015485 0.9496785426082299 0.014389764003817973 0.028288632001909165
9 0.7076541272676848 0.953057533935412 0.030014764003817973 0.028470445337363516
9 0.8638586739338212 0.9551456505808676 0.02843408267027243 0.026889764003817974
9 0.9473069732654575 0.9666729492361863 0.028415901336727244 0.025327264003817972
11 0.6328125 0.92265625 0.16875 0.1546875
11 0.72578125 0.93125 0.1578125 0.1375
11 0.865625 0.9359375 0.14375 0.128125
11 0.709375 0.53046875 0.040625 0.0234375
2 534.5279541015625 563.3226928710938 569.7989501953125 616.7647094726562
2 380.953369140625 547.1319580078125 429.7701416015625 617.4742431640625
2 588.59375 573.3612060546875 621.92626953125 622.5316162109375
2 433.84893798828125 560.4610595703125 469.53314208984375 615.7637939453125
2 248.88143920898438 547.1334228515625 283.2085876464844 634.9871826171875
2 288.02984619140625 586.4974975585938 324.44500732421875 638.4916381835938
4 538.10888671875 587.3759765625 566.281982421875 600.274658203125
4 435.8363037109375 586.1261596679688 466.0006103515625 598.6560668945312
4 591.26904296875 595.154296875 617.711181640625 606.3038330078125
4 249.41827392578125 591.6336059570312 277.97125244140625 610.5912475585938
4 296.1752624511719 613.45556640625 322.3446350097656 625.544189453125
4 398.02081298828125 574.7294921875 429.46124267578125 597.54541015625