11 0.30234375 0.26484375 0.5328125 0.5296875
2 0.6500933652469475 0.19554937021691715 0.06904998184962743 0.051962475799503235
5 0.6852455909482548 0.06215560811666876 0.0642443071815924 0.03162270472226432
10 0.6426308440715127 0.13534766842151907 0.08496587334017516 0.10205337939029935
9 0.6898149162802197 0.08249537919390768 0.03134999394987581 0.01736930718159222
11 0.66328125 0.17421875 0.1890625 0.2609375
11 0.90078125 0.06328125 0.1984375 0.1265625
5 0.8568296994577069 0.6382565833269969 0.01885908430895533 0.01885908430895533
9 0.8590234585328933 0.6640514688656162 0.007876132513557366 0.010982951795398144
10 0.8635518772490001 0.691422489942855 0.04561248184962743 0.05182612041330899
11 0.8517558591968232 0.7046355622497579 0.0946408551898024 0.153670421544777
11 0.72109375 0.55703125 0.0390625 0.0546875
0 395.30657958984375 108.75416564941406 433.77996826171875 138.3226776123047
5 432.55950927734375 33.657379150390625 458.6436767578125 58.04313659667969
3 559.3798217773438 445.313720703125 571.1156616210938 459.4825439453125
5 413.794921875 40.61142349243164 438.1654052734375 59.61666488647461
7 569.2060546875 6.324064254760742 601.3004150390625 29.66896629333496