11 0.16953125 0.36328125 0.1015625 0.215625
11 0.31953125 0.37734375 0.0984375 0.2265625
10 0.1640625 0.31640625 0.0328125 0.05
10 0.33671875 0.33515625 0.0375 0.0640625
2 0.17265625 0.271875 0.0234375 0.0265625
9 0.1734375 0.290625 0.00625 0.0078125
9 0.334375 0.30234375 0.0046875 0.0078125
2 0.3421875 0.28203125 0.021875 0.025
13 0.3578125 0.71171875 0.0296875 0.0390625
11 0.35703125 0.7109375 0.0359375 0.0484375
2 210.22320556640625 172.52162170410156 226.95281982421875 196.00779724121094
2 101.41796875 164.80126953125 118.48297119140625 188.15032958984375