13 0.4765625 0.175 0.159375 0.35
11 0.50859375 0.175 0.2421875 0.35
2 0.510021457256347 0.646875 0.03153180113146803 0.0484375
2 0.48334078258831215 0.6265625 0.050345433645025396 0.059375
2 0.3383277435570923 0.54375 0.09591246369925485 0.103125
2 0.2126373971478886 0.559375 0.0911431504675381 0.0890625
2 0.25928111387220537 0.65390625 0.0298783975406721 0.0328125
2 0.1630600988450907 0.63203125 0.03615566861791084 0.0375
2 0.10761861992232954 0.63671875 0.03617384933607006 0.040625
9 0.11015326746300165 0.66953125 0.01729658430895533 0.01875
9 0.4820464481811609 0.67265625 0.0251545361043533 0.0265625
9 0.5070918999765588 0.68046875 0.01414431323171641 0.0140625
9 0.33570271330647133 0.6296875 0.048710210772388504 0.046875
9 0.20767770725634715 0.646875 0.04402271077238851 0.046875
11 0.09286629439397291 0.78671875 0.07388396935659554 0.3453125
11 0.1382106106507516 0.7921875 0.0973941922292326 0.3578125
11 0.26008054459036456 0.65703125 0.033085210772388504 0.046875
11 0.518765719062008 0.80703125 0.09122600546094901 0.371875
11 0.46015625 0.79921875 0.1015625 0.4015625
11 0.36796875 0.74375 0.2359375 0.5125
11 0.19140625 0.75390625 0.2109375 0.4921875
13 0.0964498366466465 0.73125 0.05228972872636941 0.125
13 0.19140625 0.8203125 0.1984375 0.359375
13 0.1431430294650541 0.7 0.06455337939029934 0.084375
13 0.3733168636758137 0.78359375 0.21763396935659535 0.3453125
13 0.4621611950579029 0.74609375 0.07760789129415606 0.1796875
13 0.5175072252103281 0.725 0.06794199980360816 0.1296875
2 293.91339111328125 384.67877197265625 327.5634765625 435.27850341796875
2 56.28178405761719 395.2720947265625 81.8521728515625 433.9644775390625
3 193.49258422851562 544.4480590820312 225.12576293945312 584.2426147460938
2 187.5159149169922 316.8764953613281 245.18287658691406 413.8424987792969
4 196.3875732421875 364.03387451171875 239.20697021484375 383.82781982421875
4 116.35637664794922 381.0663146972656 155.16876220703125 396.9960021972656
3 73.39186096191406 544.291748046875 101.84745788574219 615.725830078125
2 112.03050231933594 331.620849609375 161.97035217285156 422.5435791015625
2 112.66239929199219 331.5895080566406 161.85694885253906 386.7584533691406
4 298.9189453125 410.26495361328125 319.940185546875 426.56121826171875
7 318.1424560546875 609.6179809570312 334.669677734375 637.5430297851562