9 0.225 0.03515625 0.028125 0.0328125
13 0.19609375 0.1546875 0.0859375 0.259375
11 0.1875 0.225 0.103125 0.45
11 0.8171875 0.225 0.246875 0.45
11 0.59453125 0.225 0.2671875 0.45
11 0.46875 0.1953125 0.234375 0.390625
11 0.33359375 0.15859375 0.1734375 0.3171875
11 0.94765625 0.225 0.1046875 0.45
8 0.11953125 0.778125 0.2390625 0.275
5 0.11953125 0.5171875 0.2390625 0.134375
10 0.11953125 0.90546875 0.2390625 0.1890625
11 0.11953125 0.725 0.2390625 0.55
2 615.3921508789062 514.70556640625 24.60784912109375 110.41796875
3 619.6322021484375 3.8029556274414062 20.3677978515625 48.00848388671875
3 314.36138916015625 0.0 37.217529296875 64.32513427734375
7 280.32427978515625 193.2490997314453 28.31396484375 51.672943115234375
3 429.0531311035156 0.0 28.40277099609375 32.884212493896484
7 299.6533508300781 182.97328186035156 31.564697265625 45.177642822265625