10 0.4203125 0.14296875 0.184375 0.2859375
11 0.38671875 0.28984375 0.3046875 0.5796875
13 0.37734375 0.921875 0.3234375 0.15625
9 0.36953125 0.709375 0.3390625 0.259375
11 0.3390625 0.78984375 0.4 0.4203125
9 0.6952362737095175 0.83046875 0.2430692648307229 0.1515625
5 0.675 0.6703125 0.271875 0.128125
10 0.76953125 0.94609375 0.4609375 0.1078125
11 0.76953125 0.78984375 0.4609375 0.4203125
4 363.8204345703125 461.50628662109375 169.5509033203125 51.83074951171875
2 343.176513671875 395.8739013671875 204.44415283203125 229.19598388671875
3 185.63101196289062 114.76004791259766 30.39794921875 51.36815643310547