13 0.19296875 0.0875 0.2140625 0.175
11 0.165625 0.2046875 0.26875 0.409375
2 0.8421875 0.2493855017485159 0.1765625 0.11508971057599685
2 0.48203125 0.28400892398066396 0.128125 0.11480790944452864
2 0.88359375 0.049626396264125724 0.153125 0.09307835518980254
11 0.51875 0.31640625 0.359375 0.1859375
11 0.80859375 0.29140625 0.3828125 0.2359375
9 0.80546875 0.3390156283101448 0.075 0.06606133723582168
9 0.48671875 0.36372369505790286 0.078125 0.0551420179539809
9 0.01875 0.44609375 0.0375 0.0734375
10 0.0546875 0.71796875 0.109375 0.5640625
11 0.11796875 0.7046875 0.2359375 0.590625
2 0.79375 0.7046875 0.4125 0.590625
11 0.58515625 0.7046875 0.5703125 0.590625
13 0.36796875 0.73046875 0.1359375 0.5390625
2 486.944580078125 128.84707641601562 107.56005859375 114.36737060546875
4 278.03741455078125 198.32400512695312 63.427978515625 26.373870849609375
2 269.38818359375 153.095458984375 77.2286376953125 106.02978515625
2 505.89483642578125 0.0 111.91162109375 55.748130798339844
4 486.55902099609375 172.31680297851562 87.257080078125 41.121795654296875
3 80.55180358886719 20.937816619873047 17.20416259765625 22.050033569335938
2 439.9415588378906 341.77606201171875 198.81051635742188 298.22393798828125