8 0.08125 0.2875 0.1625 0.265625
10 0.1359375 0.3953125 0.265625 0.228125
11 0.134375 0.2546875 0.26875 0.509375
9 0.7286180853755435 0.14232593890958273 0.03344884667409058 0.05487839754067192
13 0.8187254647119525 0.16550488455666076 0.19280676002545327 0.18860902380771344
2 0.7000294613701347 0.10231856244614965 0.06686133068109026 0.10663179508134393
11 0.8096146413908155 0.25528954722264324 0.2881941747294515 0.46414535499341075
8 0.134375 0.85625 0.26875 0.2875
5 0.134375 0.63203125 0.26875 0.2453125
11 0.134375 0.7546875 0.26875 0.490625
12 0.78046875 0.740625 0.4390625 0.4625
11 0.3390625 0.5375 0.0875 0.05625
3 378.2342224121094 49.05103302001953 21.234375 22.251556396484375
7 543.9808349609375 237.89266967773438 46.6114501953125 60.5987548828125
6 515.2984619140625 243.05792236328125 39.156005859375 52.3082275390625