11 0.14609375 0.26171875 0.2921875 0.3765625
5 0.03828125 0.09609375 0.0765625 0.0984375
8 0.04765625 0.2375 0.0953125 0.209375
13 0.21796875 0.5462416574014253 0.1640625 0.19157948770335978
2 0.09921875 0.50234375 0.0671875 0.1046875
9 0.1265625 0.5350546934075828 0.021875 0.05637726502711473
11 0.19609375 0.68359375 0.2671875 0.4671875
13 0.84921875 0.8235485250842596 0.025 0.03764544574527377
11 0.84765625 0.8219951154433393 0.03125 0.04549430718159249
3 396.82183837890625 91.65040588378906 34.521484375 38.2825927734375
0 396.70025634765625 93.44619750976562 34.8739013671875 35.86358642578125
2 43.950706481933594 288.55230712890625 47.39166259765625 64.525634765625
2 262.26934814453125 135.11358642578125 21.99365234375 22.1214599609375
2 306.1851806640625 165.98977661132812 10.877685546875 11.758026123046875