11 0.24453125 0.24453125 0.4890625 0.4890625
13 0.8030916211006799 0.29817686212368955 0.1769907886384363 0.34320562021691714
9 0.7726188468019873 0.16476491930528187 0.04251475292686617 0.056495439695149766
2 0.75390625 0.06953125 0.1046875 0.1390625
11 0.81953125 0.24453125 0.3578125 0.4890625
11 0.35625 0.74453125 0.265625 0.5109375
11 0.2328125 0.7328125 0.2375 0.4875
11 0.1015625 0.6984375 0.178125 0.41875
10 0.36171875 0.5171875 0.1453125 0.05625
8 0.68671875 0.93515625 0.3953125 0.1296875
5 0.67265625 0.709375 0.3671875 0.31875
11 0.74453125 0.75859375 0.5109375 0.4828125
2 456.33599853515625 0.0 515.7886352539062 125.1797866821289
7 135.4490966796875 572.728515625 166.1878662109375 618.988037109375
0 586.8099365234375 222.9052276611328 619.7078857421875 289.15228271484375
4 467.7880859375 61.85731506347656 509.46856689453125 99.82331848144531
7 157.1683349609375 561.97314453125 186.57763671875 598.93212890625
7 0.0 523.2718505859375 15.39779281616211 558.3397216796875
6 0.0 517.2567138671875 16.003528594970703 558.6434326171875
5 71.5594482421875 548.7109375 96.91036987304688 582.10009765625