2 0.38489645206076994 0.28046875 0.144314716024817 0.1828125
13 0.15703125 0.39453125 0.2671875 0.6296875
13 0.34609375 0.621875 0.2265625 0.175
9 0.3880230940881323 0.48203125 0.0775079293443632 0.08125
9 0.1583141286998621 0.07734375 0.08379429201145401 0.084375
11 0.08671875 0.39140625 0.1734375 0.6359375
11 0.1734375 0.3546875 0.346875 0.709375
11 0.35390625 0.45078125 0.2109375 0.5171875
11 0.9890625 0.1171875 0.021875 0.090625
2 0.978125 0.0453125 0.04375 0.090625
11 0.97890625 0.3046875 0.0421875 0.609375
11 0.146875 0.79609375 0.096875 0.1734375
11 0.0625 0.8546875 0.125 0.290625
13 0.81015625 0.82578125 0.1421875 0.2328125
11 0.86015625 0.8546875 0.2390625 0.290625
2 200.49130249023438 123.87582397460938 289.6828918457031 339.8503723144531
2 605.5382080078125 0.1086578369140625 639.9246826171875 110.38858032226562
1 219.13815307617188 234.09945678710938 285.65972900390625 288.5157165527344
3 78.29257202148438 174.223388671875 151.27090454101562 274.67388916015625
2 60.719905853271484 0.0 140.2125244140625 74.1737060546875
4 615.6140747070312 42.20829772949219 640.0 75.78972625732422
1 62.474884033203125 0.0 136.56639099121094 31.791852951049805