12 0.3859375 0.91015625 0.14375 0.1796875
2 0.0875 0.6421527793602715 0.0390625 0.03482953333863605
2 0.215625 0.6428623987109979 0.04375 0.0473840773392725
5 0.5390625 0.493500934754905 0.03125 0.02380112667090888
13 0.54921875 0.55078125 0.0609375 0.0859375
13 0.015625 0.753125 0.03125 0.16875
13 0.09765625 0.7446147080283169 0.084375 0.1306692920114539
13 0.2453125 0.7346140940483614 0.0984375 0.14489542401336308
9 0.2234375 0.6718595553787252 0.0203125 0.0252363573360908
9 0.08984375 0.6734300513605896 0.0265625 0.02530908267027261
9 0.5421875 0.5216622974219959 0.021875 0.022129538669636163
11 0.53984375 0.534375 0.0796875 0.11875
11 0.25078125 0.7948339787157706 0.1609375 0.36593517735518083
11 0.1125 0.7963499306969986 0.18125 0.3599215346912715
11 0.0625 0.78828125 0.125 0.4234375
8 0.8578125 0.7515625 0.284375 0.490625
11 0.78984375 0.684375 0.4203125 0.63125
2 125.31817626953125 398.84967041015625 154.93170166015625 438.5115966796875
7 160.6029052734375 595.8994750976562 193.47637939453125 623.7344360351562
7 52.6239128112793 575.8611450195312 85.36112976074219 620.2335815429688
2 45.64032745361328 402.4039306640625 69.96250915527344 438.660400390625
5 336.0897216796875 310.96270751953125 357.5689697265625 340.13922119140625
3 152.25961303710938 469.5234375 168.79782104492188 484.7568359375
3 66.96661376953125 508.13421630859375 90.8131103515625 528.7444458007812
4 46.94212341308594 418.348876953125 68.2175521850586 430.30108642578125
4 129.92495727539062 417.4276123046875 147.82675170898438 430.97015380859375
4 128.8559112548828 416.8391418457031 151.18296813964844 429.1421203613281
3 49.11780548095703 500.6383056640625 63.00621795654297 516.190673828125
3 71.99937438964844 460.54901123046875 85.27548217773438 474.39990234375
7 1.5265140533447266 623.9779052734375 27.54827117919922 639.8240966796875
3 122.68574523925781 461.221435546875 139.81385803222656 475.3951416015625