2 0.3609375 0.05300879654682369 0.0078125 0.009465906667727175
2 0.32890625 0.02213151388450534 0.009375 0.011046588001272718
10 0.3046875 0.06694457455445972 0.0140625 0.039226132001908984
5 0.3046875 0.032569574554459725 0.009375 0.011046588001272718
11 0.30859375 0.0653366212205961 0.0234375 0.0768352200031817
13 0.33203125 0.04865765121741443 0.01875 0.03459317600254534
13 0.3515625 0.06796163454809637 0.0140625 0.022038632001908986
11 0.35234375 0.06482754388132364 0.021875 0.02994203866963625
11 0.334375 0.049411629217096256 0.021875 0.07056703866963625
13 0.315625 0.08556730521964155 0.009375 0.017296588001272716
11 0.31640625 0.07852696455286887 0.0125 0.03452045066836353
11 0.13515625 0.98515625 0.0484375 0.0296875
13 0.10703125 0.7525864612905929 0.0140625 0.039226132001908984
2 0.115625 0.730611463956093 0.009375 0.011046588001272539
11 0.11015625 0.766612598623502 0.0234375 0.08621022000318171
11 0.61796875 0.69453125 0.4765625 0.6109375
10 0.5875 0.83125 0.396875 0.3375
8 0.578125 0.45859375 0.1875 0.1390625
5 103.13941955566406 285.2444763183594 16.439056396484375 16.807861328125
5 135.70346069335938 283.2984924316406 13.4869384765625 15.16949462890625