9 0.36875 0.03359375 0.140625 0.0671875
10 0.24140625 0.10390625 0.3953125 0.2078125
11 0.21953125 0.12109375 0.4390625 0.2421875
9 0.33984375 0.440625 0.1984375 0.178125
5 0.33125 0.23125 0.215625 0.14375
11 0.22421875 0.32109375 0.4296875 0.4171875
2 0.39296875 0.55546875 0.0796875 0.0515625
9 0.36796875 0.5660225141433519 0.0328125 0.07206589754067191
2 0.3125 0.5696060563960255 0.0390625 0.05803975897699036
13 0.33984375 0.7049213876799187 0.0875 0.19425906010845856
13 0.3796875 0.765625 0.11875 0.334375
11 0.359375 0.76484375 0.159375 0.4703125
11 0.3515625 0.76484375 0.175 0.4703125
5 0.59765625 0.715625 0.3171875 0.371875
11 0.71953125 0.76484375 0.5609375 0.4703125