10 0.06796875 0.328125 0.1359375 0.265625
11 0.16484375 0.23984375 0.3296875 0.4796875
13 0.6829526913987698 0.45234375 0.025454533338636055 0.0390625
13 0.9039640780553612 0.378125 0.025527258672817865 0.0453125
13 0.74921875 0.0140625 0.0234375 0.028125
10 0.7803254887014529 0.2265625 0.023910214672181594 0.040625
2 0.7760192493634531 0.1921875 0.01749658267027261 0.0265625
2 0.9042453413828614 0.33515625 0.015897720003181702 0.0234375
11 0.753125 0.04921875 0.046875 0.0984375
11 0.7812430987030438 0.23828125 0.05305336935072642 0.128125
11 0.90823395472627 0.409375 0.05354426535645338 0.1703125
11 0.6852055347310425 0.44453125 0.0382454346753633 0.0640625
2 0.02265625 0.75234375 0.0453125 0.1171875
2 0.284375 0.61328125 0.090625 0.0890625
10 0.284375 0.84140625 0.090625 0.2640625
11 0.0609375 0.84609375 0.121875 0.3078125
11 0.2625 0.78125 0.134375 0.4375
9 0.29921875 0.6984375 0.0609375 0.053125
2 0.08748245239257812 450.7579345703125 28.967445373535156 105.124267578125
1 167.946533203125 411.1907958984375 43.343963623046875 24.30712890625
5 156.26849365234375 370.044677734375 56.119140625 94.3486328125
4 0.0693206787109375 498.125 19.874393463134766 27.41607666015625