10 0.16015625 0.2484375 0.3203125 0.35
9 0.12734375 0.0437480592246958 0.10625 0.05374314441741399
11 0.16875 0.28984375 0.3375 0.5796875
11 0.896875 0.11484375 0.140625 0.2296875
11 0.21953125 0.85859375 0.4390625 0.2828125
3 11.397764205932617 50.54849624633789 54.34623908996582 50.931636810302734
7 536.936279296875 108.12753295898438 24.995361328125 39.215423583984375
2 96.98383331298828 0.0 85.95934295654297 36.686668395996094
7 565.197509765625 100.69807434082031 21.85498046875 32.808502197265625
2 27.360397338867188 0.3938713073730469 152.66168212890625 49.658329010009766
3 598.525146484375 0.2600078582763672 12.091064453125 13.65282154083252