2 0.5026351623713949 0.06227525588800516 0.025136355386194253 0.02372840133672711
2 0.38994426483072286 0.03077181190327718 0.018913626463433177 0.028343176002545344
13 0.5162709363754999 0.12305821455286887 0.03951701795398108 0.07857953333863614
13 0.419818117191855 0.06245761656591373 0.04883747579950324 0.06931362133990877
11 0.4160982195529872 0.09453431989977731 0.07284766842151917 0.16802384134309048
11 0.5016908067888088 0.16854343722155057 0.09203400565734085 0.24324201734563583
8 0.946875 0.296875 0.10625 0.175
9 0.94921875 0.03125 0.0765625 0.0625
10 0.92578125 0.31953125 0.1484375 0.5984375
11 0.88203125 0.309375 0.2359375 0.61875
2 315.229736328125 28.036392211914062 333.4884033203125 53.969764709472656
5 577.326171875 0.0 631.4482421875 63.54960250854492