2 0.58203125 0.04453125 0.1390625 0.0890625
9 0.559735489078102 0.140895627249 0.07376475292686635 0.056677246876741985
13 0.5857798386105638 0.22980359114464655 0.2668794695529872 0.2171703610435351
11 0.58984375 0.184375 0.3421875 0.36875
11 0.04695577147002226 0.568357031036188 0.029951120413308985 0.0454852168225127
2 0.6993580879231927 0.520420021666414 0.23296807786604773 0.2966578731437835
13 0.90390625 0.71875 0.1921875 0.43125
9 0.7848956121236895 0.588670051917035 0.12124880698520073 0.16163745764913068
11 0.7734375 0.65703125 0.453125 0.5765625
3 314.22222900390625 188.42828369140625 383.01776123046875 232.2716064453125
2 331.43316650390625 0.06180572509765625 411.0672607421875 105.86671447753906
2 386.23846435546875 252.4734649658203 548.1691284179688 424.59857177734375
4 333.47747802734375 46.99072265625 396.10931396484375 69.62127685546875