13 0.4015625 0.059375 0.203125 0.11875
11 0.40390625 0.1796875 0.3296875 0.359375
12 0.903125 0.13067030054229303 0.0515625 0.07061248184962743
12 0.996875 0.15234375 0.00625 0.0421875
5 0.4671875 0.3703125 0.046875 0.021875
5 0.24296875 0.3734375 0.0390625 0.028125
5 0.13125 0.6107027133064713 0.0578125 0.04252384328594587
9 0.24296875 0.399633923980664 0.021875 0.01887726502711464
9 0.1265625 0.6583316922292324 0.0171875 0.01884999394987581
10 0.08046875 0.6916572766363837 0.0796875 0.1082761083130606
10 0.2203125 0.4580958637740095 0.0546875 0.09875566256778665
10 0.4703125 0.43203125 0.09375 0.1453125
11 0.46015625 0.53671875 0.2171875 0.3546875
11 0.425 0.4109375 0.13125 0.103125
11 0.225 0.5171875 0.178125 0.315625
11 0.11328125 0.7238794241770558 0.2046875 0.28712833703942986
11 0.66953125 0.404040143730043 0.034375 0.07519998789975162
2 64.46452331542969 383.8611145019531 98.38652038574219 427.5892639160156
7 262.656005859375 415.96258544921875 289.2200927734375 458.74505615234375
6 62.36555099487305 505.7933349609375 114.66514587402344 565.1865234375
6 130.60296630859375 404.0443115234375 158.45172119140625 430.68206787109375
7 130.59033203125 402.1392822265625 158.98834228515625 431.1109619140625
4 70.66860961914062 402.050537109375 92.89340209960938 416.0806884765625
7 60.86050796508789 506.759765625 111.62112426757812 564.271240234375