10 0.1842992945903646 0.24926770521324365 0.367788505460949 0.37400214402463056
9 0.24250618344863373 0.04814102156821818 0.10972043364502548 0.06001132513557321
2 0.21640625 0.0125 0.2140625 0.025
11 0.2546875 0.234375 0.509375 0.46875
11 0.43203125 0.234375 0.1546875 0.46875
8 0.2546875 0.8078125 0.509375 0.36875
5 0.2546875 0.559375 0.509375 0.18125
11 0.2546875 0.734375 0.509375 0.53125
11 0.765625 0.55703125 0.25625 0.1765625
3 269.11199951171875 156.06031799316406 314.726318359375 198.50059509277344
2 78.52166748046875 0.6526298522949219 203.19049072265625 52.7953987121582
4 110.5106201171875 0.0 197.04208374023438 23.041282653808594
4 132.52520751953125 0.18410110473632812 197.4344482421875 21.64366912841797