13 0.4453125 0.399774824546398 0.109375 0.2943863251355733
13 0.5640625 0.3609375 0.03125 0.184375
2 0.4484375 0.1732305052645573 0.05625 0.08313975292686626
2 0.5609375 0.21294751111828977 0.0234375 0.045448855386194253
11 0.5609375 0.365625 0.0375 0.3875
11 0.4734375 0.2875 0.2125 0.54375
9 0.66171875 0.346875 0.1640625 0.259375
10 0.78984375 0.47890625 0.4203125 0.1609375
11 0.78984375 0.2796875 0.4203125 0.559375
9 0.434375 0.97109375 0.196875 0.0578125
2 0.4015625 0.703125 0.35625 0.2875
11 0.3109375 0.7796875 0.5375 0.440625
2 147.80152893066406 360.2738037109375 242.11412048339844 250.5982666015625
1 350.79827880859375 0.0 162.93365478515625 75.09547424316406