2 0.279423358705844 0.1016953519683487 0.03773634933607006 0.04084316861791084
2 0.3717057865953328 0.220204978333586 0.028370439695149675 0.04235112646343318
2 0.4098456151487516 0.37902598731057646 0.02520907825883114 0.03608294574527378
2 0.3311938952029809 0.33481692417705566 0.029932939695149673 0.042360216822512696
9 0.28629098224241084 0.129861258584207 0.01726931323171659 0.01416249394987581
13 0.4035183470965748 0.392270875874258 0.042532933645025396 0.05962043969514959
13 0.3350001512531051 0.35202715007475477 0.06455337939029934 0.08474770472226431
13 0.36609613602959873 0.2443919120768073 0.0551420179539809 0.07844316256778665
13 0.2884665605994379 0.1587811441228264 0.08345791549465283 0.11141928903121974
11 0.2906239582383058 0.19082602966144582 0.1200135599120669 0.21787836729005097
11 0.36668194330938697 0.2779902072563471 0.09000789734428025 0.16301815046753818
11 0.34579675068737104 0.376309532588312 0.10232609016268794 0.13184087334017516
11 0.40574392242853985 0.41259701141287736 0.07092155405833438 0.10509656615858276
12 0.5911547024827691 0.29773910499341083 0.06155564441741408 0.1066045240041051
12 0.8055899072050334 0.2349219841873184 0.033167024004105004 0.06112839754067192
12 0.922055244539051 0.22544296593874996 0.022129530054229463 0.04387726502711464
12 0.9713103559753694 0.2194793122497579 0.01582498789975162 0.03446590359079611
12 0.6957881812091385 0.17334361387220537 0.011092036104353475 0.026626132513557367
12 0.6262978378249968 0.16590784289316235 0.012654536104353475 0.026635222872636886
12 0.5693165847999347 0.15698229478675635 0.009520445745273953 0.025054542154477666
12 0.7372398830045366 0.16577200838781528 0.011073855386194254 0.023501132513557364
12 0.9984375 0.215625 0.003125 0.021875
11 0.08868823263519428 0.8753510205862595 0.04111587939029935 0.08461134933607006
12 0.83359375 0.96171875 0.1328125 0.0765625
11 0.8515625 0.56796875 0.296875 0.1359375
2 170.0391387939453 55.14077377319336 190.7366485595703 88.51785278320312
3 161.9735565185547 124.90240478515625 173.1380157470703 139.79345703125