10 0.2265625 0.52265625 0.453125 0.2921875
8 0.1125 0.20078125 0.225 0.3578125
11 0.25 0.334375 0.5 0.66875
11 0.7769291965706863 0.4364689232575035 0.23070784404836148 0.35888629336408934
10 0.27659667329727444 0.7975069679344575 0.2259817920114539 0.08699311203054397
2 0.2358978532781844 0.9385865012730937 0.11622498400699968 0.05290791868236298
5 0.4524506486314562 0.7892115679105951 0.07093066534054504 0.05394316000954511
9 0.40453076929504717 0.8124223485837311 0.036282945337363516 0.030105670671545327
11 0.3157404419557747 0.8571995939290489 0.3508737986950896 0.2134294373806341
3 213.84378051757812 584.01904296875 234.25057983398438 609.515380859375
5 243.4395751953125 487.8253173828125 309.7142333984375 529.8211059570312