11 0.0629695733870574 0.4417737080680878 0.06215560811666876 0.21008407200827223
13 0.05918149805509243 0.4214157547342242 0.03793633723582168 0.07543635200509069
9 0.05007011846840133 0.3759941667329515 0.011019313231716588 0.014189769334818081
2 0.04706783831597612 0.35486405406586063 0.020457945745273775 0.02523635733609062
11 0.56328125 0.2796875 0.0078125 0.090625
8 0.71015625 0.8984375 0.3015625 0.203125
5 0.74140625 0.7328125 0.3640625 0.10625
10 0.7796875 0.96640625 0.440625 0.0671875
11 0.7796875 0.83984375 0.440625 0.3203125
5 532.6424560546875 488.7098388671875 640.0 636.62744140625
1 507.22027587890625 185.40069580078125 592.5950317382812 264.5900573730469