10 0.17421875 0.13671875 0.3484375 0.2734375
11 0.2546875 0.34453125 0.509375 0.6890625
2 0.5140625 0.25 0.009375 0.025
2 0.5605682986955812 0.2565552512730937 0.04554884933607006 0.04115225867281787
2 0.6073933017206434 0.26460356126673035 0.015734084308955332 0.01893181333545444
2 0.6198933017206434 0.26445811059836677 0.01729658430895533 0.01894999466899989
2 0.6519700035160414 0.25627289326068514 0.0314227168225127 0.030051126670908878
2 0.6950978347999348 0.22842915658818544 0.023573855386194255 0.023710220003181702
2 0.7343148709042883 0.20141212324954932 0.03773634933607006 0.04106135200509069
2 0.7246126179774219 0.257771211250822 0.06604315651766246 0.07263861600890867
2 0.7893154674116879 0.28123543590868605 0.018886355386194254 0.023655676002545346
2 0.811258645104785 0.26926214723904984 0.010992042154477844 0.00950226933481808
13 0.8087785397185907 0.29272691923936794 0.012663626463433175 0.028270450668363534
2 0.8268972806434045 0.2667365839035954 0.025145445745273776 0.025290901336727067
2 0.8684171601318997 0.24672352856464105 0.029851126463433176 0.028470445337363426
2 0.9292728469001832 0.2600769565563687 0.022011355386194253 0.02369203866963625
2 0.974544440284325 0.2665809478835508 0.020448855386194252 0.023673857336090797
13 0.97265625 0.346875 0.0546875 0.09375
13 0.931902422330344 0.3451968438892778 0.03342155405833438 0.10506930800445442
13 0.8733450337666625 0.33962864389723196 0.058467005853732344 0.11317270934118148
13 0.8311620789462022 0.33933828990295895 0.04743860226293641 0.0974204400063634
13 0.7952018530485032 0.34366271057450426 0.03485678903121965 0.08321248933799978
13 0.6891882023845732 0.30427404125559454 0.034847698672140125 0.08164998933799979
13 0.6226455969983791 0.32848424793127584 0.03791815651766228 0.07231135200509069
13 0.6078382084346975 0.3224069705999576 0.00970225292686635 0.05635908800127272
13 0.5359313921779189 0.3287120619430481 0.017323855386194253 0.023637494668999892
13 0.5234375 0.3265625 0.028125 0.09375
13 0.5653325458669108 0.37758536660568465 0.08374880698520056 0.16190111067790855
13 0.658510374125742 0.34056607725973065 0.06778746369925485 0.10390679734245403
13 0.7578791150505557 0.3136303125795949 0.04764768052176756 0.1333579400063633
13 0.7203513230924699 0.45312007391791287 0.0936237767345796 0.24794769867918126
9 0.5125 0.27890625 0.00625 0.0140625
9 0.5501529734618121 0.3012046799411391 0.007930674668035032 0.020403406667727175
9 0.6072796722321481 0.2841348112667303 0.007876132513557366 0.011028406667727175
9 0.6213376270526083 0.2847524292648213 0.010992042154477844 0.00950226933481808
9 0.6517972866935287 0.2859603932606852 0.017278403590796288 0.015824994668999892
2 0.6409006933093869 0.2790564125955033 0.00634999394987581 0.01726022533418181
9 0.6933853438751211 0.25422858792173086 0.012572722872636888 0.012645450668363622
9 0.7024330909482548 0.3103694999204582 0.006413626463433175 0.02819772533418181
9 0.7876347927436529 0.3015661172422314 0.009438632513557366 0.011046588001272718
9 0.8267381993595112 0.29408033390359534 0.012572722872636888 0.012645450668363534
9 0.868244443309387 0.27641102856464106 0.01883181323171641 0.014280676002545345
8 0.9330427415139887 0.2834690032225051 0.00793067466803521 0.020403406667727175
9 0.9751756993595112 0.2923531072167781 0.01570681323171641 0.01424431333545444
11 0.9703125 0.38515625 0.059375 0.2640625
11 0.9449427778147342 0.3864485525541415 0.07506467427525151 0.28054202267663586
11 0.8691797085328933 0.3842053472310957 0.06896012002052529 0.30546929734245404
11 0.8111677415139888 0.2848871472390498 0.017432939695149585 0.042387494668999895
11 0.828586524789672 0.37920931190327717 0.056141957452738825 0.25063634667409057
11 0.7942478862259905 0.37335930124127703 0.04030787919390777 0.21451703333863606
11 0.7526461935057787 0.4074348565802312 0.07764529449216866 0.4555602040101814
11 0.6892563800776704 0.29255529125559454 0.039962445548882286 0.15514203333863605
11 0.6589325549420971 0.40227573659295796 0.08471238504764003 0.32752611067790854
11 0.6224910608940255 0.3550467479312759 0.04179765632127062 0.2020352146721816
11 0.612393898228043 0.3450086765993213 0.029188572012315284 0.18313976400381798
11 0.5672672297083281 0.44787059460536643 0.09467825838781536 0.4291976986791813
11 0.52421875 0.36796875 0.0296875 0.2671875
11 0.721875 0.45234375 0.103125 0.4734375
2 346.824462890625 151.41314697265625 373.9874267578125 191.883056640625
2 384.2925109863281 161.6548309326172 404.2553405761719 186.9691925048828
2 547.3180541992188 148.017333984375 565.4229125976562 178.96563720703125
2 407.8526611328125 154.71029663085938 429.427978515625 190.64987182617188
7 604.0101318359375 301.91546630859375 624.8760986328125 323.50567626953125
2 520.9373779296875 162.6904296875 538.2454833984375 188.421630859375
2 587.6900024414062 156.86639404296875 602.0703735351562 185.4478759765625
2 616.661865234375 162.52359008789062 631.90478515625 185.19256591796875
2 437.2901611328125 138.2174530029297 453.0565185546875 167.3117218017578
7 530.886474609375 306.15289306640625 545.4720458984375 322.00701904296875
2 458.227783203125 115.76586151123047 482.267822265625 146.39013671875
7 553.1467895507812 321.56072998046875 571.7942504882812 344.10809326171875
7 410.44073486328125 332.92132568359375 428.968994140625 353.19573974609375
7 542.744384765625 322.86968994140625 558.308349609375 337.1641845703125
7 515.013427734375 300.8528137207031 533.423095703125 316.0606994628906
7 544.0770263671875 321.745849609375 564.6483154296875 341.16064453125
7 547.211669921875 321.147705078125 570.5810546875 343.7476806640625
7 630.4473266601562 307.6336975097656 640.0 331.8739318847656