2 0.209375 0.7124058092775479 0.2171875 0.25721470536281676
9 0.26484375 0.8742603719366848 0.0421875 0.059865896005727136
2 0.03515625 0.53203125 0.0703125 0.2015625
10 0.23046875 0.9421875 0.2296875 0.115625
10 0.08671875 0.8265625 0.1734375 0.346875
11 0.10546875 0.70859375 0.2109375 0.5828125
11 0.23984375 0.78359375 0.3671875 0.4328125
2 0.92890625 0.3437717985757769 0.0390625 0.044204533338636144
2 0.8296875 0.47148881325591263 0.0296875 0.044095445337363516
2 0.7875 0.6415109592616396 0.028125 0.039389764003817974
2 0.871875 0.5936541672501857 0.03125 0.044113626670909054
9 0.921875 0.37354111457673145 0.0171875 0.015824994668999892
2 0.76875 0.8581353852641851 0.025 0.036228401336727244
2 0.7046875 0.8846620699395482 0.021875 0.03619203866963616
13 0.71171875 0.8908302539385937 0.046875 0.0630454400063634
13 0.79453125 0.6554916432606852 0.04375 0.06457157733927232
13 0.86796875 0.6116683705840492 0.0703125 0.09144316000954511
13 0.83515625 0.4964251785885036 0.0578125 0.08504770934118148
13 0.91875 0.4040462272438223 0.0890625 0.11978633601209036
11 0.91640625 0.43922974924414043 0.128125 0.23430336935072654
11 0.83515625 0.5331439285885036 0.09375 0.17609088001272663
11 0.85703125 0.6375768899188674 0.1078125 0.1418795120146356
11 0.79140625 0.677403005927776 0.075 0.11337270401018137
11 0.77421875 0.8760405005967759 0.0484375 0.0911886213399086
11 0.7140625 0.9056467319382755 0.0546875 0.09438634667409077
2 79.4713134765625 382.38214111328125 124.70037841796875 210.421142578125
2 0.0083465576171875 282.56793212890625 43.030662536621094 153.626953125
4 0.0 380.0511779785156 30.094228744506836 31.67034912109375