12 0.41640625 0.0734375 0.0765625 0.146875
13 0.02265625 0.68984375 0.0453125 0.2734375
11 0.03671875 0.728125 0.0734375 0.54375
2 0.939258984481906 0.5860696954169052 0.0958488311856975 0.09329656134627218
2 0.9694873608471433 0.6793838907542687 0.0314408975406721 0.03317612667090888
2 0.8841402133064713 0.645580508076042 0.03616475897699054 0.03948067067154515
2 0.8317828277678518 0.6426276834022696 0.03930793969514994 0.04264203333863605
2 0.7011868127407372 0.619234542051225 0.040861349336070066 0.041097714672181596
2 0.6770544211519935 0.6337964813812705 0.02521816861791084 0.037790901336727065
9 0.674038505460949 0.6525101187141796 0.011019313231716588 0.014189769334818081
9 0.7044663488450907 0.6458334047183157 0.011028403590796109 0.015752269334818082
9 0.8303930445903646 0.6722970020687241 0.01729658430895533 0.01894999466899989
9 0.9233208879745064 0.6663475414146781 0.04559430113146803 0.04896475867281787
9 0.6466811199223296 0.6498481953771343 0.012572722872636888 0.012645450668363622
11 0.6604350685944697 0.7312527367122706 0.059121511707465046 0.22567270934118158
11 0.6761918788011242 0.754090800047725 0.10025557181592362 0.3136454240133631
11 0.6276452944921688 0.7347771787078162 0.10314422247985337 0.2730567866804538
2 0.6559106741770557 0.624957283378407 0.03774543969514976 0.04262385200509069
2 0.3881641170936592 0.525754525342136 0.05344316256778665 0.05530566534054504
13 0.384375 0.6484375 0.090625 0.1625
11 0.3921875 0.71015625 0.10625 0.4296875
11 0.799752098648699 0.7766208753978152 0.1112476139704011 0.32314769334818116
11 0.8396594811622563 0.788021999403224 0.13476692720211786 0.3374829133513629
11 0.9695055415653024 0.6825088907542687 0.03621021077238851 0.04729317067154533
11 0.93515625 0.7640625 0.1296875 0.471875
11 0.86015625 0.76171875 0.2796875 0.4765625
13 0.6273680385402404 0.6871209287078163 0.05526019262201594 0.09907384667409058
13 0.6836907614128773 0.7002754567154523 0.06636131908544893 0.12732611600890867
13 0.809622002337691 0.7275203040658607 0.06319995764913067 0.12103975334181775
13 0.88515625 0.82265625 0.2265625 0.3546875
13 0.8571464421310366 0.7054185847389967 0.06924087939029917 0.08517497867599957
13 0.9671875 0.81328125 0.065625 0.3453125
2 577.0387573242188 351.658447265625 622.9166870117188 432.5467529296875
2 436.73333740234375 386.93115234375 459.90753173828125 417.16943359375
2 410.6022033691406 389.4133605957031 429.4327697753906 411.5855407714844
2 518.7599487304688 399.9039306640625 546.1160278320312 432.53057861328125
4 580.8472900390625 395.2554931640625 615.2816162109375 412.5001220703125
2 611.60986328125 424.1087341308594 629.5457763671875 447.5104675292969
2 577.6685791015625 351.7742919921875 622.685302734375 407.3865966796875