13 0.753147345918231 0.15370154340386036 0.1054522106938169 0.20119996801399936
13 0.94140625 0.16328125 0.1171875 0.2265625
5 0.3765625 0.034375 0.015625 0.059375
9 0.37578125 0.07109375 0.0140625 0.0328125
9 0.7505592426002757 0.04037484006999677 0.03789998933799978 0.03481135200509069
9 0.9366149212683211 0.032382168761904674 0.04414998933799978 0.034884077339272325
2 0.75078125 0.00625 0.0546875 0.0125
10 0.38515625 0.1859375 0.0328125 0.165625
11 0.42421875 0.184375 0.1109375 0.36875
11 0.75078125 0.184375 0.1421875 0.36875
11 0.92578125 0.184375 0.1484375 0.36875
9 0.7204701112349137 0.9010316240849505 0.17551017202418073 0.1801431280235441
10 0.85 0.94296875 0.3 0.1140625
5 0.4875 0.82578125 0.2375 0.3265625
11 0.684375 0.71953125 0.63125 0.5609375
2 461.7257385253906 0.0 32.257080078125 35.996273040771484
2 575.8526000976562 0.0 36.292236328125 35.03425598144531
4 463.02447509765625 8.9102783203125 25.8726806640625 13.509590148925781
4 335.36065673828125 519.1107177734375 174.4237060546875 72.5926513671875
5 299.13092041015625 459.066650390625 80.7122802734375 101.42529296875