8 0.40625 0.1546875 0.753125 0.309375
11 0.409375 0.1546875 0.81875 0.309375
10 0.5389465107017711 0.3460553050402931 0.012772720003181703 0.023510222872636887
5 0.5418533346992257 0.32728712432213375 0.007903406667727353 0.007857951795398143
11 0.5389101480346803 0.34293030504029304 0.022347714672181596 0.04075226502711464
10 0.85390625 0.40234375 0.0703125 0.1859375
10 0.8984375 0.39765625 0.109375 0.1765625
10 0.9609375 0.39921875 0.078125 0.1796875
13 0.8953125 0.6453125 0.153125 0.24375
11 0.93046875 0.77421875 0.1390625 0.4515625
11 0.8984375 0.76328125 0.159375 0.4734375