10 0.07402576893593951 0.9497944251590142 0.056631795081344014 0.06595225292686635
5 0.07982631704234558 0.8927313589022358 0.028243174668035033 0.020476126463433175
9 0.08205189237431054 0.9130302233636162 0.02353749394987581 0.017323855386194253
11 0.07734375 0.9390625 0.0890625 0.121875
2 0.665625 0.55078125 0.0875 0.1015625
2 0.9640625 0.5515625 0.071875 0.103125
2 0.8116358950065893 0.556070654474559 0.09120678298109546 0.10052724082661779
5 0.543503518543156 0.5857546510567134 0.08790906615858277 0.07082156010845857
5 0.9234375 0.5375 0.06875 0.075
9 0.5468370759211402 0.6841694251590142 0.04571247579950324 0.06901362041330898
9 0.6815029674116879 0.6333876542781672 0.04555793969514958 0.042451120413308986
9 0.8322160397185907 0.6442291846269841 0.04873748184962743 0.05184430113146821
9 0.9627075156162899 0.639563889643836 0.0519261143631848 0.06279998184962743
10 0.98359375 0.8265625 0.0328125 0.346875
10 0.8649780218628058 0.7870024919067722 0.1453862646343313 0.28208631303532483
10 0.6955058591968233 0.7778325458669109 0.15467945140261463 0.2680783551898025
10 0.5234375 0.84921875 0.159375 0.3015625
10 0.434375 0.81875 0.06875 0.3625
11 0.4609375 0.75 0.121875 0.5
11 0.57265625 0.76875 0.3046875 0.4625
11 0.70625 0.75 0.284375 0.5
11 0.8765625 0.75 0.246875 0.5
11 0.94296875 0.75 0.1140625 0.5
2 496.2648620605469 329.8480529785156 49.967559814453125 95.9451904296875
2 402.803466796875 327.24798583984375 50.90301513671875 87.16943359375
5 317.671142578125 354.6675109863281 55.16461181640625 101.622802734375
4 411.3114013671875 372.79461669921875 40.5001220703125 19.421142578125
3 551.280517578125 566.3590698242188 31.462646484375 53.42041015625
4 502.6855163574219 374.0724182128906 42.817413330078125 23.352783203125
3 509.83258056640625 562.6347045898438 26.2760009765625 29.4222412109375
3 486.83367919921875 555.7603759765625 25.8338623046875 29.4326171875