10 0.2171875 0.1703125 0.215625 0.21875
9 0.16397964500658926 0.0875 0.04563975292686635 0.05625
5 0.1484375 0.03203125 0.1375 0.0640625
11 0.1875 0.13984375 0.3625 0.2796875
2 0.31796875 0.3078125 0.1015625 0.05625
13 0.27734375 0.56640625 0.1828125 0.4171875
11 0.2625 0.63984375 0.2125 0.7203125
2 68.54750061035156 0.1900634765625 79.53506469726562 76.42959594726562
4 82.54002380371094 13.675453186035156 42.75386047363281 38.655181884765625
2 171.96640014648438 177.6346435546875 64.1934814453125 69.65185546875
4 200.88394165039062 192.056396484375 31.915771484375 34.736083984375