8 0.03984375 0.11015625 0.0796875 0.2203125
8 0.56328125 0.12421875 0.1328125 0.1890625
10 0.53046875 0.42109375 0.1984375 0.3359375
10 0.13203125 0.409375 0.2640625 0.359375
11 0.47265625 0.29453125 0.3140625 0.5890625
11 0.2265625 0.29453125 0.453125 0.5890625
8 0.9546875 0.159375 0.090625 0.10625
5 0.928125 0.03828125 0.14375 0.0765625
10 0.91796875 0.36640625 0.1640625 0.4109375
11 0.81484375 0.29453125 0.3703125 0.5890625
5 541.9873657226562 0.28627777099609375 639.8862915039062 98.2755355834961
3 3.724395751953125 0.1494293212890625 70.48649597167969 82.52122497558594
5 0.02690887451171875 0.1042633056640625 76.42817687988281 84.18013000488281