2 0.3843598018188391 0.7171553019175947 0.0817136083130606 0.0806329293443632
2 0.31089048556206056 0.7234785745942306 0.058194295081344015 0.06629770934118148
2 0.15228764520298094 0.7268864799490933 0.05821247579950324 0.06942270934118148
2 0.0678944644848217 0.7309932719605473 0.05188066256778665 0.055287484006999676
9 0.3504342537124332 0.7745774505888218 0.017360216822512698 0.02988749466899989
9 0.30511720853289337 0.7758859592616396 0.0314227168225127 0.030051126670909055
9 0.14812686514875165 0.7706819332829569 0.029851126463433176 0.028470445337363516
9 0.06371550371243315 0.7779137252944108 0.029842036104353476 0.026907945337363515
10 0.05 0.87421875 0.1 0.1609375
10 0.13487691052468315 0.8997336339513204 0.11209197560311139 0.19972837468172672
10 0.28515625 0.89921875 0.1234375 0.2015625
10 0.37578125 0.8984375 0.1265625 0.203125
11 0.34609375 0.834375 0.1859375 0.33125
11 0.2640625 0.840625 0.196875 0.31875
11 0.12578125 0.84296875 0.1828125 0.3140625
11 0.05625 0.8484375 0.1125 0.303125
10 0.8515625 0.809375 0.296875 0.38125
11 0.79765625 0.809375 0.4046875 0.38125
2 218.57492065429688 437.2109069824219 267.5937805175781 505.3085021972656
2 77.6859130859375 446.2376708984375 113.5977783203125 498.3251953125
2 181.87841796875 447.3724365234375 215.935302734375 501.86260986328125
2 27.37248420715332 454.2752685546875 58.14900207519531 502.98291015625
3 163.43099975585938 574.9405517578125 187.05722045898438 599.4046630859375
4 80.73870849609375 470.832275390625 109.33853149414062 483.42083740234375
4 220.01705932617188 466.0787353515625 255.29891967773438 485.04443359375
4 29.364891052246094 476.69549560546875 54.499671936035156 488.23577880859375
4 185.1558837890625 472.6136169433594 212.0838623046875 484.9273986816406
2 420.74169921875 26.014663696289062 509.042236328125 177.06536865234375