2 0.42734375 0.275 0.5046875 0.55
11 0.2265625 0.275 0.453125 0.55
8 0.8270732193666348 0.07958892594458127 0.1250920013526354 0.1429056383672898
10 0.83984375 0.3515625 0.3203125 0.396875
11 0.73671875 0.275 0.1140625 0.55
11 0.83984375 0.275 0.3203125 0.55
2 0.15464423603595287 0.7076018590986275 0.28741128270208927 0.2625919453524904
9 0.15458224339590618 0.9037092446372469 0.18270450668363553 0.12605448165323557
10 0.171875 0.9078125 0.34375 0.184375
11 0.25859375 0.77890625 0.5171875 0.4421875
2 10.3427734375 377.4122314453125 192.59603881835938 623.4912719726562
3 432.847900390625 213.0123291015625 465.954833984375 271.0299072265625
3 539.8549194335938 136.93695068359375 583.2396850585938 175.78570556640625
4 33.6572265625 520.6668090820312 177.63479614257812 569.3610229492188
4 0.443084716796875 61.11198425292969 65.63978576660156 125.35893249511719