9 0.00625 0.1203125 0.0125 0.025
9 0.045922595820028625 0.08009552439688856 0.02198408430895542 0.01887726502711464
9 0.11553111387220541 0.09297225341784557 0.028252265027114642 0.022038626463433086
9 0.1561197524358869 0.0864859040817755 0.02198408430895542 0.01887726502711464
9 0.21487712889932004 0.11427001561628983 0.022002265027114644 0.02200226502711473
9 0.2333544181269315 0.0672859313073344 0.01886817466803503 0.020421584308955333
9 0.26864702351312575 0.09051889822804302 0.02199317466803503 0.020439765027114642
9 0.3230163609453392 0.035513235660256416 0.02511817466803503 0.020457945745273865
9 0.3171708819243821 0.10508084709657486 0.02199317466803503 0.020439765027114642
9 0.3957271530998169 0.044465533963054193 0.02198408430895533 0.01887726502711464
9 0.3836180385402404 0.11172575683569112 0.02512726502711473 0.022020445745273953
9 0.4303157765381879 0.08098429606330257 0.02200226502711473 0.022002265027114644
9 0.5074322675611974 0.04147182328886152 0.023573855386194255 0.023573855386194255
9 0.5530129331540461 0.08730195287555258 0.028252265027114733 0.022038626463433176
9 0.46484985782208116 0.108128058163551 0.025145445745273776 0.025145445745273953
2 0.5551021530998168 0.04353831733693316 0.040852258976990366 0.039298849336070064
2 0.50546875 0.009375 0.0328125 0.01875
2 0.46533112597245385 0.05656101298401119 0.040861349336070066 0.040861349336070066
2 0.4300794272021179 0.040359296063302616 0.03460225897699054 0.03926248789975162
2 0.396875 0.0125 0.03125 0.025
2 0.3849169181269316 0.06640416647661151 0.037727258976990544 0.03928066861791084
2 0.321875 0.00625 0.034375 0.0125
2 0.31615328258831205 0.06446039227611466 0.03773634933607006 0.04084316861791084
2 0.2707635145361353 0.051442762689423605 0.03615566861791084 0.03770907825883123
2 0.22843511397040128 0.027469452384573278 0.03458407825883114 0.036137487899751616
2 0.20992600848601112 0.0689847866935287 0.03774543969514967 0.04240566861791084
2 0.15585613202257803 0.0411734040817755 0.03928066861791084 0.03772725897699045
2 0.11369590309981685 0.04610634377692517 0.0440136204133089 0.04556703005422928
2 0.04643568022717992 0.033997229217348754 0.04402271077238851 0.047129530054229284
2 0.01015625 0.06015625 0.0203125 0.0515625
13 0.58515625 0.20625 0.0296875 0.1875
13 0.54921875 0.1703125 0.1015625 0.15625
13 0.5115930476154267 0.08519909739116249 0.0597386143631848 0.0628454336450254
13 0.46769357757146013 0.19405192262493162 0.10099993949875792 0.17245678298109546
13 0.3802163034691592 0.1984672327333902 0.07743517447164336 0.1504454275949012
13 0.4265867885402404 0.1114757719610016 0.0441136143631848 0.06275453005422929
13 0.38425384279496655 0.08672121165615128 0.06437157220870696 0.05349770472226432
13 0.3241021379745064 0.08785244048071661 0.07707156010845857 0.0879454275949012
13 0.30914527936685826 0.2027870940715127 0.07282039734428025 0.16291815651766228
13 0.25670608059652233 0.1866853711006799 0.05087267447164336 0.15029089149054792
13 0.23826008674484234 0.10475866023009557 0.028343168617910842 0.03766362646343317
13 0.21225209864869896 0.20022569633444914 0.08686471662612102 0.15987496974937904
13 0.15482087284919582 0.13180749444085516 0.050463608313060425 0.07997839149054772
13 0.11292880951928339 0.18283418413600483 0.11656130698520055 0.16161018657189175
13 0.05426233664664646 0.17067507260149045 0.08062380698520064 0.16140110831306043
13 0.02734375 0.21796875 0.0546875 0.2140625
11 0.58125 0.2859375 0.0375 0.496875
11 0.54921875 0.24453125 0.1015625 0.4515625
11 0.509375 0.2015625 0.0625 0.403125
11 0.46892480034590117 0.2713911274453918 0.10588846916020386 0.47559996369925467
11 0.4280634510098311 0.23100247678146185 0.06182939695149692 0.4222204336450254
11 0.4 0.2 0.04375 0.4
11 0.3845361648072818 0.2695382568356911 0.09631348126045225 0.44117042154477704
11 0.3234375 0.19765625 0.0875 0.3953125
11 0.3134196889095827 0.2660456181738137 0.07601916197861147 0.444177246876742
11 0.2695424238824681 0.244425148228043 0.06182939695149674 0.4222204336450254
11 0.23500834259857478 0.21728138612779463 0.0539805355151783 0.41592498184962745
11 0.21737139070498085 0.2744171752572102 0.09950211377400953 0.45212610226293626
11 0.16391913777811462 0.21847624746591715 0.06482713192438219 0.4003636143631848
11 0.118125369627742 0.2703069130587659 0.13100664382823882 0.49605790944452866
11 0.05939526424154775 0.24721030152425164 0.090281649878363 0.47863406010845855
11 0.0375 0.30703125 0.075 0.5484375
10 0.8 0.41796875 0.4 0.3421875
11 0.8 0.29453125 0.4 0.5890625
2 0.4159032977136226 0.7029678594914108 0.03152271077238851 0.0470568071815924
2 0.24300615319801278 0.6625660941697087 0.05667724687674216 0.07376475292686635
13 0.4346810896717086 0.8419258203619953 0.06967721662612103 0.15977497579950323
13 0.25 0.8734375 0.109375 0.253125
9 0.4223896470496927 0.7435564980550924 0.025145445745273776 0.025145445745273953
11 0.259375 0.79453125 0.140625 0.4109375
11 0.44609375 0.8015625 0.1015625 0.396875
6 190.0454559326172 276.3643493652344 209.18699645996094 312.1475524902344
2 87.41032409667969 15.077823638916016 112.09147644042969 60.93313217163086
2 262.6236572265625 13.457221984863281 287.0704345703125 54.57172393798828
2 58.423274993896484 15.95506477355957 86.96469116210938 65.41616821289062
2 15.27402114868164 8.942028045654297 44.83021926879883 56.700801849365234
2 122.15469360351562 31.02947998046875 150.57113647460938 82.26545715332031
2 160.35308837890625 20.816858291625977 184.15301513671875 63.62865447998047
7 6.4100341796875 308.91436767578125 43.88899612426758 347.25933837890625
7 229.23919677734375 275.4033508300781 251.7467041015625 314.6170959472656
2 342.5635986328125 14.762086868286133 368.92547607421875 60.14659118652344
3 319.509521484375 167.79559326171875 333.78741455078125 195.91754150390625
2 234.26107788085938 29.0274658203125 258.7091369628906 78.11331176757812
2 194.52468872070312 0.09948158264160156 216.84829711914062 27.36553192138672
0 229.27903747558594 163.39874267578125 248.85972595214844 197.73687744140625
3 138.53826904296875 156.82467651367188 159.0877685546875 179.80715942382812
2 189.540771484375 29.238922119140625 215.7098388671875 75.35798645019531
2 134.40667724609375 6.032024383544922 157.87860107421875 49.95342254638672
7 65.14987182617188 291.3970642089844 93.57032775878906 331.5292663574219
2 243.79296875 0.0 264.5160217285156 32.00055694580078
2 0.0 24.69103240966797 13.539350509643555 88.01887512207031
4 59.51192092895508 39.14255905151367 85.75428771972656 50.07578659057617
2 284.94207763671875 21.923908233642578 310.26531982421875 51.78110122680664
7 43.574615478515625 273.36468505859375 65.60365295410156 295.49945068359375
4 89.98155212402344 35.65496063232422 110.30986022949219 46.329566955566406
4 17.438819885253906 30.877138137817383 41.876060485839844 42.04057312011719
7 86.32469940185547 271.39794921875 114.26782989501953 302.99169921875
2 313.6917724609375 0.14943695068359375 335.2467041015625 33.462684631347656
7 322.23095703125 270.13397216796875 344.7158203125 298.05303955078125
4 265.0267333984375 33.69061279296875 286.22491455078125 43.3115234375
7 289.1961669921875 281.9554748535156 323.3897705078125 327.0746154785156
4 344.0987548828125 36.14569854736328 366.7879638671875 47.000282287597656
4 124.095458984375 55.00929260253906 148.55429077148438 67.01324462890625
7 140.1564483642578 275.8707580566406 160.6660614013672 304.4911804199219
4 192.57225036621094 49.133209228515625 213.58213806152344 59.98924255371094
7 116.57005310058594 289.8315734863281 134.43812561035156 320.9803161621094
7 190.3458709716797 276.46630859375 209.43382263183594 312.086669921875
3 30.243288040161133 193.28558349609375 47.67420959472656 219.46722412109375
4 265.8406982421875 34.48761749267578 285.8675537109375 45.79283905029297
1 237.48458862304688 52.62327575683594 255.65023803710938 64.79701232910156
3 225.738525390625 160.1722412109375 249.0631103515625 197.489990234375