11 0.490625 0.3515625 0.028125 0.05625
13 0.49375 0.3640625 0.0125 0.03125
10 0.4609375 0.6244662732185382 0.078125 0.17857951795398092
2 0.40703125 0.5468089058302914 0.0578125 0.12377384328594587
11 0.478125 0.6734375 0.221875 0.378125
8 0.8140625 0.71640625 0.371875 0.2828125
5 0.8953125 0.496875 0.209375 0.1625
10 0.79453125 0.90546875 0.4109375 0.1890625
11 0.79453125 0.6953125 0.4109375 0.609375
0 238.60952758789062 480.5272216796875 263.69720458984375 533.9901733398438
3 238.13131713867188 480.27301025390625 263.6429138183594 533.9545288085938