13 0.5376333728491958 0.11962357348525324 0.045903373340175156 0.10182612041330899
13 0.5730168818261863 0.15848154040596185 0.0773533612399266 0.1363829275949012
13 0.49479188787631045 0.14174855835994277 0.06634313836728971 0.12381929508134384
13 0.4494339360809123 0.13419967877325165 0.045894282981095456 0.1002636204133088
13 0.4153271016737611 0.18049341667300317 0.08382152985783761 0.17391928903121964
13 0.3804430415653025 0.0931934045727548 0.050554511903856535 0.09560339149054772
13 0.3386964239806639 0.16922009426790457 0.07729881908544911 0.1270079275949012
13 0.3134055324901162 0.11936554001317834 0.033267017953980904 0.0783158975406721
13 0.25589301433974365 0.17126438329912422 0.11206470452587247 0.19439541549465283
13 0.2117430385402404 0.1027689133533535 0.04592155405833438 0.10495112041330898
13 0.1751560987468949 0.12563878679172458 0.08981699980360833 0.1302056504675381
13 0.08517599336070063 0.10272398243880261 0.0647715480082102 0.12224770472226432
13 0.04140625 0.12578125 0.0828125 0.1453125
13 0.01015625 0.08828125 0.0203125 0.1140625
2 0.05546875 0.01875 0.0453125 0.0375
2 0.08984375 0.0109375 0.0359375 0.021875
2 0.1925157946885605 0.02084674766230892 0.03458407825883114 0.036137487899751616
2 0.2109375 0.01484375 0.028125 0.0296875
2 0.2621106772021179 0.03137972668326592 0.050290891490547905 0.05029089149054773
2 0.32867146330647135 0.057555886422382185 0.02046703610435365 0.02668067466803503
2 0.35051464704969265 0.05195987139526759 0.03773634933607006 0.04084316861791084
2 0.3629101079202771 0.03391839852263061 0.021974993949875808 0.017314765027114643
2 0.39093511397040126 0.016567272059197523 0.026717036104353477 0.026717036104353477
2 0.42308908381797605 0.037474669698065365 0.04715680113146821 0.048710210772388504
2 0.44742146330647137 0.05686501913233126 0.01887726502711473 0.02198408430895542
2 0.512982830792914 0.045545724050987335 0.03614657825883114 0.03614657825883114
2 0.5739021500747548 0.04206620004688224 0.01729658430895533 0.01884999394987581
2 0.5833271470496927 0.05060540789240453 0.03768180718159222 0.03146816861791084
9 0.5702413397699043 0.08427642594458126 0.015734084308955686 0.0188409035907962
9 0.511611228333586 0.07836731441006695 0.01726931323171659 0.01416249394987581
9 0.4397498638722054 0.08112922092772931 0.012581813231716588 0.014135222872636887
9 0.4124015686926656 0.08050705221162265 0.020430674668035033 0.020430674668035033
9 0.38486692115199367 0.04785363349551597 0.015715903590796287 0.0157159035907962
9 0.3334271409995685 0.06924736534514335 0.0063045421544778435 0.009411361436318443
9 0.3405674753085238 0.0879564587292851 0.01414431323171641 0.014144313231716587
9 0.2522498638722054 0.08222006401728348 0.018895445745273777 0.02510908430895542
9 0.18333623740877228 0.054495039816786675 0.01884999394987581 0.01729658430895542
9 0.08012487899751593 0.04025125351604144 0.015706813231716587 0.01415340359079611
9 0.0466402133064713 0.05919669623625321 0.01730567466803503 0.02041249394987581
11 0.59296875 0.2046875 0.0734375 0.409375
11 0.5364163064942213 0.17900766384433284 0.09238852966144577 0.3036522408266178
11 0.5631697040348932 0.21166562773997938 0.12554646330647118 0.3632181383672897
11 0.4864890293668583 0.19179855533488066 0.1316601079202771 0.33981699980360813
11 0.4441015414671067 0.15766899503003035 0.06848742134838534 0.22382838544042355
11 0.39609375 0.21015625 0.1453125 0.3984375
11 0.3713998396717086 0.15027919672723256 0.08297716822512732 0.2973476986721401
11 0.36217430971567505 0.041735443702170416 0.02208407825883114 0.03606476502711464
11 0.3127560926967707 0.14202633519271818 0.054297656321270794 0.20187157220870694
11 0.333300396853301 0.18175191052468315 0.10801352966144577 0.30374314441741407
11 0.2336589451560987 0.10967289832623894 0.030178379390299347 0.08454771682251269
11 0.24453125 0.20625 0.1515625 0.40625
11 0.20078125 0.14140625 0.0828125 0.2828125
11 0.16171875 0.1765625 0.1234375 0.353125
11 0.08125 0.125 0.0875 0.25
11 0.04453125 0.20078125 0.0890625 0.4015625
11 0.01328125 0.1328125 0.0265625 0.265625
11 0.6625 0.296875 0.065625 0.225
2 153.38568115234375 5.689208984375 183.88409423828125 52.320518493652344
2 315.90618896484375 19.268033981323242 338.62884521484375 52.88102722167969
2 356.40655517578125 20.323654174804688 385.38214111328125 58.7530517578125
6 303.844970703125 207.31805419921875 319.57427978515625 227.4708251953125
2 125.49530029296875 0.13588714599609375 143.29476928710938 33.730125427246094
6 279.0458984375 195.40606689453125 299.134033203125 219.42608642578125
4 358.80120849609375 36.06245040893555 380.80792236328125 47.84685134887695
7 322.4720458984375 214.53439331054688 349.7623291015625 238.26492309570312
2 44.58544158935547 0.0 67.56951141357422 31.840036392211914
2 255.9791717529297 18.028797149658203 287.18035888671875 57.79270553588867
7 303.42828369140625 206.07656860351562 320.57635498046875 226.38583374023438
7 278.97314453125 195.17642211914062 300.00146484375 219.18270874023438
7 335.667236328125 219.8148193359375 363.9488525390625 249.15420532226562
1 133.56631469726562 520.843505859375 209.59097290039062 588.24658203125
2 253.06625366210938 0.026281356811523438 276.5334777832031 12.270824432373047
4 156.20135498046875 28.504653930664062 180.07058715820312 41.07459259033203
4 316.96484375 33.796295166015625 335.771484375 43.82164001464844
2 22.174678802490234 1.2912559509277344 49.18367385864258 42.316566467285156