9 0.1625 0.2790324732654204 0.028125 0.03610112646343309
9 0.38359375 0.63359375 0.0109375 0.0328125
2 0.3546875 0.5828125 0.06875 0.153125
13 0.09453125 0.42421875 0.1640625 0.3296875
11 0.10546875 0.5390625 0.2109375 0.559375
11 0.33359375 0.6921875 0.1109375 0.428125
8 0.74375 0.6234375 0.5125 0.36875
5 0.76640625 0.37421875 0.4671875 0.2296875
10 0.69453125 0.8375 0.6109375 0.325
11 0.69453125 0.6296875 0.6109375 0.740625
3 213.85342407226562 454.34521484375 27.06182861328125 42.059326171875
3 34.882423400878906 364.49920654296875 23.123886108398438 44.4710693359375