8 0.20390625 0.2421875 0.4078125 0.153125
2 0.1984375 0.13203125 0.396875 0.1140625
11 0.234375 0.1859375 0.46875 0.265625
10 0.42541815651766246 0.36015022923300466 0.036310204722264317 0.06448067067154524
9 0.4453125 0.321875 0.01875 0.00625
11 0.43046875 0.3578125 0.0546875 0.078125
2 0.7459038942210222 0.5062921692791388 0.14673059601642038 0.24544086401972645
10 0.89296875 0.7328125 0.2140625 0.534375
9 0.8180925116092691 0.5593620779360484 0.0663522287263695 0.12576361600890867
11 0.815625 0.68828125 0.36875 0.6234375
5 419.2291259765625 256.180908203125 570.881103515625 405.4874267578125