11 0.21484375 0.24453125 0.4296875 0.4890625
11 0.6390625 0.24453125 0.371875 0.4890625
2 0.6039856015755652 0.5866049500715876 0.16455337939029935 0.08628404002227175
9 0.5777912611182898 0.649577117401315 0.03144998789975162 0.03473862667090906
10 0.859375 0.5046875 0.06875 0.03125
10 0.7046875 0.54921875 0.215625 0.1203125
10 0.6557531555357038 0.7567270934118145 0.23721924063022612 0.22305788136536223
11 0.84765625 0.51171875 0.0859375 0.0453125
11 0.6796875 0.6015625 0.253125 0.225
11 0.61171875 0.77265625 0.3640625 0.4484375
2 352.41754150390625 354.52752685546875 87.91455078125 83.2623291015625
3 382.24566650390625 21.03974151611328 26.4376220703125 39.129974365234375
3 291.7037353515625 456.0441589355469 46.42919921875 28.31585693359375
4 358.7220153808594 392.07684326171875 56.8961181640625 23.4722900390625