11 0.39609375 0.81875 0.3078125 0.3625
11 0.23046875 0.7953125 0.3546875 0.409375
11 0.10703125 0.74921875 0.2140625 0.5015625
9 0.0109375 0.67421875 0.021875 0.0484375
9 0.1498853287498106 0.6704382023845733 0.04257838544042354 0.06743293969514959
9 0.28774387705260834 0.7422899556060271 0.05970225292686635 0.056595433645025395
9 0.45481320238457335 0.761629787184508 0.05813975292686635 0.056586343285945875
5 0.4740540817748727 0.6771457028755525 0.06908634328594587 0.05821247579950324
5 0.3094012293155446 0.6452922357584523 0.08636474687674198 0.07393746974937905
5 0.138821084603543 0.5580063800776704 0.09898292154477702 0.09432269262201594
5 0.0234375 0.584375 0.046875 0.075
10 0.075 0.83515625 0.15 0.3296875
10 0.246875 0.8734375 0.225 0.253125
10 0.42421875 0.88828125 0.1796875 0.2234375
5 274.4844970703125 419.9774475097656 44.3204345703125 79.62799072265625
5 0.0 353.69384765625 27.162878036499023 94.8377685546875
5 165.10781860351562 396.80010986328125 54.335540771484375 96.3118896484375
5 57.25126266479492 333.96917724609375 61.803409576416016 113.1661376953125
4 276.2392578125 449.10235595703125 38.9019775390625 20.3397216796875
4 0.07747077941894531 391.941650390625 24.4223690032959 21.72265625
4 168.53260803222656 430.3985290527344 45.4498291015625 29.18548583984375