8 0.53671875 0.3875 0.0953125 0.171875
9 0.563866015518094 0.10711514675510507 0.0723386083130606 0.08010565651766247
10 0.58203125 0.3421875 0.1859375 0.453125
11 0.63359375 0.284375 0.2890625 0.56875
2 0.3 0.784375 0.378125 0.43125
11 0.15078125 0.784375 0.3015625 0.43125
9 0.73203125 0.61875 0.0921875 0.1
9 0.81640625 0.64765625 0.0515625 0.1578125
10 0.85390625 0.88046875 0.2921875 0.2390625
10 0.721875 0.84140625 0.19375 0.3171875
10 0.528125 0.784375 0.078125 0.43125
11 0.553125 0.784375 0.128125 0.43125
11 0.709375 0.784375 0.246875 0.43125
11 0.85703125 0.784375 0.2859375 0.43125
2 0.0 397.69647216796875 169.41510009765625 241.90869140625
5 437.5596923828125 364.1036071777344 75.560791015625 75.28204345703125