8 0.2890625 0.12828654294004466 0.1578125 0.2415431262670414
10 0.36484375 0.40234375 0.3921875 0.2953125
11 0.340625 0.275 0.5375 0.55
10 0.8046875 0.4125 0.390625 0.275
8 0.934375 0.1578125 0.13125 0.315625
11 0.8046875 0.275 0.390625 0.55
12 0.3265625 0.88046875 0.28125 0.2390625
9 0.39921875 0.9380746333973201 0.059375 0.06909543364502539
5 0.41015625 0.7700422508837628 0.0984375 0.08651019262201594
11 0.36328125 0.85546875 0.3703125 0.2890625
11 0.6953125 0.775 0.171875 0.45
5 0.665625 0.625 0.1125 0.15
5 228.98489379882812 468.50921630859375 299.4412536621094 624.0010375976562