9 0.40472878874917806 0.12575099638576273 0.009520450668363623 0.012554542154477665
2 0.40684527207986 0.10623338192438218 0.023855670671545325 0.03607385538619425
11 0.4001872867599957 0.20540668012898405 0.07460220003181668 0.23479315651766228
10 0.5546106100811327 0.116467420857406 0.033521572008272396 0.06112839754067192
2 0.5619140327418602 0.07276287265280405 0.017460220003181703 0.02353749394987581
11 0.549650937420405 0.16018560460062742 0.07111357336090798 0.20352497579950324
11 0.66796875 0.24140625 0.1578125 0.3765625
8 0.25703125 0.71875 0.5140625 0.353125
5 0.28515625 0.48828125 0.5703125 0.1171875
10 0.29453125 0.87109375 0.5890625 0.2578125
11 0.29453125 0.71484375 0.5890625 0.5703125