2 0.4108482353596351 0.12348952144331311 0.025272720003181703 0.023728401336727156
2 0.29952892735518083 0.08938614676158654 0.019077264003817974 0.028343176002545344
13 0.42265625 0.1828125 0.0328125 0.078125
13 0.3303703946928624 0.12177193276572273 0.04923747867599957 0.06931362133990877
11 0.32605561203054406 0.15374863876508638 0.0722397213558171 0.166443160009545
11 0.4015625 0.20859375 0.075 0.2015625
10 0.9281908240372255 0.16277655140036057 0.014317038669636161 0.022038632001908986
5 0.9248203760343621 0.1416464387332697 0.011064769334818082 0.011064769334818082
11 0.9304436673694984 0.15499132340067873 0.028634077339272323 0.04407726400381797
2 0.38359375 0.45546875 0.1109375 0.1890625
2 0.153125 0.4 0.178125 0.18125
9 0.15931464938731574 0.5737129567154523 0.10485222668681722 0.14963746801399935
9 0.4046875 0.65703125 0.06875 0.1171875
10 0.3875 0.859375 0.103125 0.28125
10 0.15703125 0.80234375 0.3046875 0.3953125
11 0.17578125 0.6546875 0.3515625 0.690625
11 0.35078125 0.67734375 0.1765625 0.6453125
2 49.47048568725586 199.5761260986328 144.47714233398438 419.30206298828125
1 57.430973052978516 283.50103759765625 128.3341064453125 340.44744873046875