13 0.65546875 0.221875 0.0484375 0.075
13 0.6140625 0.228125 0.0375 0.0625
13 0.58828125 0.23515625 0.0671875 0.0484375
13 0.540625 0.215625 0.040625 0.0875
13 0.4828125 0.23828125 0.025 0.0421875
13 0.43671875 0.24140625 0.0953125 0.0359375
13 0.3828125 0.2328125 0.0375 0.053125
13 0.35 0.24140625 0.078125 0.0359375
13 0.26171875 0.240625 0.0546875 0.0375
13 0.16484375 0.2453125 0.0609375 0.028125
2 0.14957909261618413 0.2078125 0.03163180800445433 0.0328125
2 0.22075465861713867 0.20078125 0.041134077339272504 0.04375
2 0.24986999395291126 0.1828125 0.03166817067154524 0.0359375
2 0.351441584619684 0.18203125 0.03163180800445424 0.0328125
2 0.36794783195418396 0.1734375 0.025327264003817972 0.028125
2 0.4194376066200022 0.1796875 0.044277258672817864 0.0453125
2 0.48647965595163856 0.1921875 0.017478401336727244 0.025
2 0.5069012439529113 0.1828125 0.03324885200509069 0.0375
2 0.5157222606222293 0.16328125 0.01893181333545435 0.015625
2 0.54017736795832 0.14296875 0.023728401336727246 0.025
2 0.5728262359564111 0.15703125 0.0426965773392725 0.04375
2 0.5992251039545021 0.17109375 0.0174238573360908 0.0203125
2 0.6604171426241383 0.14921875 0.031613626670908876 0.03125
9 0.6647501066200021 0.1796875 0.014207950668363622 0.0125
9 0.5965995432845477 0.1953125 0.011082950668363623 0.0125
9 0.5707728399506842 0.19921875 0.01894999466899989 0.0171875
9 0.538260331954184 0.1734375 0.014207950668363622 0.0125
9 0.4926114772835932 0.20234375 0.006340906667727353 0.0078125
9 0.5033489826145934 0.21953125 0.012645450668363622 0.0125
9 0.41884671327977524 0.23046875 0.017460220003181703 0.0234375
9 0.3479256859484569 0.215625 0.015806813335454528 0.015625
9 0.24708989194782055 0.2203125 0.014189769334818081 0.0109375
9 0.2179109219446389 0.24375 0.015824994668999892 0.0171875
9 0.1515955786123661 0.2359375 0.014207950668363622 0.0125
11 0.64296875 0.19453125 0.0734375 0.1296875
11 0.6140625 0.209375 0.05 0.1
11 0.58125 0.196875 0.10625 0.125
11 0.54375 0.19453125 0.059375 0.1296875
11 0.5156313539545021 0.17109375 0.019131808004454243 0.0328125
11 0.48515625 0.21875 0.0359375 0.08125
11 0.5109375 0.2125 0.084375 0.09375
11 0.4046875 0.2390625 0.021875 0.040625
11 0.434375 0.20625 0.115625 0.10625
11 0.38046875 0.2078125 0.0578125 0.103125
11 0.34921875 0.21328125 0.0953125 0.0921875
11 0.2625 0.21171875 0.065625 0.0953125
11 0.19375 0.21796875 0.14375 0.0828125
11 0.16484375 0.22421875 0.0734375 0.0703125
2 254.74603271484375 101.224609375 28.4881591796875 44.4937744140625
2 86.10313415527344 122.93806457519531 19.064315795898438 32.2716064453125
2 412.4517822265625 86.62980651855469 19.6854248046875 32.567626953125
5 353.4102478027344 93.99032592773438 35.07330322265625 42.40789794921875
2 129.10235595703125 116.47657775878906 23.5770263671875 39.38360595703125
4 413.18133544921875 100.25205993652344 18.1136474609375 9.873519897460938
2 230.36163330078125 115.17001342773438 13.25384521484375 15.382781982421875
2 338.67138671875 92.64149475097656 14.3717041015625 17.917388916015625
4 356.76812744140625 110.33196258544922 28.2694091796875 14.0028076171875