5 0.2817067227084526 0.023091024593280274 0.03637385200509069 0.03770907825883123
5 0.29624248472308834 0.13082625654110352 0.10737724267981755 0.0974931444174139
5 0.19921875 0.01328125 0.0328125 0.0265625
5 0.0171875 0.140625 0.034375 0.040625
5 0.03903851205440658 0.11747787060970065 0.0413522533418178 0.06273634933607006
8 0.00390625 0.16953125 0.0078125 0.0234375
8 0.20557148404677056 0.06025520218818157 0.031722714672181594 0.040806807181592394
8 0.16164930872054298 0.11285802742195065 0.12549199069063527 0.1772806383672898
8 0.2923447780474069 0.06443818725926276 0.025327264003817972 0.028270445745273865
8 0.3051095020687241 0.22140580474570548 0.07136701734563573 0.09103406615858275
10 0.190625 0.20390625 0.38125 0.1515625
10 0.23369703138922474 0.12728362090428824 0.04772952267663584 0.07371021077238851
11 0.353125 0.65625 0.1125 0.6875
11 0.24375 0.7 0.309375 0.6
11 0.11796875 0.71171875 0.2359375 0.5765625
9 0.02421875 0.57109375 0.0484375 0.0546875
9 0.18399592870781625 0.5276547629840111 0.056886346674090406 0.05501475292686635
9 0.3435067413669531 0.47125425117835035 0.05059998400699968 0.051853391490547726
5 0.35859375 0.37109375 0.1015625 0.0921875
5 0.16816129602958957 0.4425848713952676 0.06784202800763595 0.05664088544042354
5 0.02265625 0.47421875 0.0453125 0.0734375
10 0.08515625 0.7734375 0.1703125 0.390625
10 0.22189701273072435 0.69619568472518 0.17075104137490715 0.3072226684215192
10 0.3703125 0.671875 0.078125 0.39375
13 0.9625 0.3890625 0.075 0.21875
11 0.9359375 0.465625 0.128125 0.371875
5 0.0 287.58465576171875 35.18850326538086 383.97674560546875
3 140.14794921875 498.42779541015625 172.85516357421875 542.6880493164062
5 89.03349304199219 269.86767578125 138.39044189453125 356.070068359375
5 197.86227416992188 214.09112548828125 263.3349609375 326.88397216796875
4 0.05919075012207031 325.53717041015625 31.384967803955078 349.851806640625
4 201.09075927734375 267.2214660644531 242.90814208984375 291.9677429199219
4 93.95695495605469 297.4211120605469 131.9408721923828 320.9297180175781
3 94.16874694824219 72.41401672363281 150.9824981689453 157.24212646484375
0 0.0 54.0894775390625 33.6140251159668 118.7467041015625