9 0.075 0.22265625 0.15 0.2734375
2 0.25078125 0.1421875 0.2828125 0.284375
13 0.0921875 0.340625 0.184375 0.678125
11 0.24609375 0.33984375 0.4921875 0.6796875
10 0.78203125 0.4921875 0.140625 0.146875
5 0.74921875 0.409375 0.0453125 0.028125
11 0.78203125 0.53046875 0.2171875 0.2984375
11 0.66015625 0.0578125 0.1609375 0.115625
9 0.48203125 0.94921875 0.0546875 0.1015625
2 0.46875 0.83515625 0.1 0.1359375
11 0.84765625 0.7359375 0.2265625 0.1125
2 279.884765625 495.2480773925781 52.7247314453125 135.61520385742188
7 552.875244140625 385.71240234375 38.16943359375 45.5703125
6 532.3974609375 454.4617919921875 57.7366943359375 46.0235595703125
7 532.5983276367188 452.8658752441406 57.8416748046875 47.23431396484375