9 0.267844089377121 0.41991953103618795 0.06963176483072289 0.15196247579950323
13 0.109375 0.4609375 0.21875 0.196875
2 0.29609375 0.1953125 0.2296875 0.390625
11 0.2078125 0.2796875 0.415625 0.559375
9 0.575955008584207 0.22843653386485832 0.07688975292686635 0.056695427594901295
5 0.5792158430895541 0.11747630796715929 0.14762949980360834 0.13054199375348405
10 0.58515625 0.38359375 0.1703125 0.2546875
11 0.64765625 0.30234375 0.2953125 0.5140625
8 0.79765625 0.79140625 0.4046875 0.2578125
11 0.75 0.7796875 0.5 0.440625
3 366.5760498046875 146.33705139160156 398.684326171875 198.57435607910156
3 434.07672119140625 248.1241912841797 466.41265869140625 303.42437744140625
2 322.21856689453125 31.878616333007812 421.77935791015625 166.46299743652344
2 52.534332275390625 3.055908203125 262.3300476074219 323.0223388671875