11 0.3046875 0.290625 0.609375 0.25625
5 0.23515625 0.23515625 0.4703125 0.1671875
11 0.80078125 0.05 0.1484375 0.1
11 0.24296875 0.52890625 0.3328125 0.2203125
11 0.115625 0.5328125 0.23125 0.228125
11 0.14609375 0.8140625 0.2859375 0.371875
11 0.26875 0.80546875 0.3625 0.3890625
13 0.24838452048806364 0.809375 0.2719851260706497 0.2875
13 0.0960362253085238 0.80859375 0.13427604781181834 0.2515625
13 0.08125 0.49921875 0.11875 0.1609375
13 0.23203125 0.49921875 0.2484375 0.1609375
2 0.32910221360105896 0.58359375 0.1301238372358217 0.075
2 0.16585277985783753 0.5890625 0.12861587939029934 0.084375
2 0.1741152526322786 0.66640625 0.13335792154477702 0.09375
2 0.3295612767345796 0.6625 0.138045421544777 0.09375
2 171.30947875976562 394.62890625 82.50140380859375 62.1790771484375
3 56.42529296875 600.4931640625 31.589614868164062 35.7620849609375
0 473.21429443359375 440.8318176269531 19.38714599609375 27.12579345703125
3 16.547122955322266 567.3793334960938 41.004364013671875 46.554931640625
5 0.0 270.388671875 99.91693115234375 109.510986328125
2 68.15676879882812 355.22821044921875 88.47528076171875 91.983642578125