13 0.325 0.234375 0.109375 0.209375
13 0.11875 0.26484375 0.090625 0.1484375
9 0.31640625 0.1168814103282914 0.0359375 0.04708407825883114
9 0.090625 0.17131996721529621 0.0109375 0.026626132513557367
2 0.1 0.1329841750608185 0.0578125 0.07377384328594587
2 0.29921875 0.049012654278167235 0.05 0.06435339149054778
11 0.290625 0.16953125 0.178125 0.3390625
11 0.140625 0.1828125 0.184375 0.3125
8 0.54296875 0.546875 0.3265625 0.303125
5 0.60625 0.41015625 0.453125 0.1421875
10 0.68984375 0.81171875 0.6203125 0.3765625
11 0.68984375 0.66953125 0.6203125 0.6609375