13 0.026736779465054105 0.5959794027291334 0.03321247579950324 0.06913180800445425
2 0.03651577956324994 0.5312538313971789 0.02209316861791084 0.03775453866963616
11 0.025 0.6375 0.05 0.26875
2 0.9265625 0.5140625 0.146875 0.15
2 0.5875 0.48671875 0.1375 0.0953125
2 0.6359375 0.46015625 0.05 0.0421875
5 0.7875 0.4734375 0.1 0.06875
9 0.6093805869412341 0.5350300753500902 0.029932939695149586 0.042532945337363515
9 0.54453125 0.61875 0.0515625 0.121875
9 0.7893589784317818 0.5871209287078163 0.042532933645025396 0.05986589600572696
10 0.8671875 0.85703125 0.265625 0.2859375
10 0.7845765505422929 0.7050260440404073 0.03347609621281204 0.11444430800445442
10 0.68359375 0.78125 0.1640625 0.4375
10 0.6546890626425415 0.6691419933561353 0.06205561416679295 0.1928965720082724
10 0.58046875 0.734375 0.1234375 0.36875
10 0.540625 0.84296875 0.04375 0.3140625
2 0.66875 0.47109375 0.053125 0.0640625
9 0.6625237676593934 0.5387732406906353 0.03616475897699054 0.03948067067154515
2 0.7343487706844554 0.5310158320337257 0.02054884933607006 0.040861357336090795
11 0.7584225958200286 0.6406635520369074 0.10625104176169434 0.2699681493475449
11 0.6625 0.53515625 0.075 0.1921875
11 0.60390625 0.71953125 0.1703125 0.5609375
11 0.578125 0.71953125 0.11875 0.5609375
11 0.7046875 0.71953125 0.253125 0.5609375
2 0.84296875 0.71953125 0.3140625 0.5609375
5 392.10382080078125 281.3852844238281 447.73748779296875 357.3305969238281
5 470.98529052734375 283.07476806640625 538.1227416992188 384.33001708984375
1 405.0084228515625 308.95172119140625 446.5120849609375 331.63580322265625
2 392.1168212890625 281.384033203125 448.5701904296875 357.65667724609375
4 493.1043701171875 323.57086181640625 528.9937744140625 359.04974365234375