2 0.19115554272754265 0.1957819306174568 0.02067612667090888 0.0314863573360908
11 0.19284531206236077 0.20670124928391137 0.04306020401018138 0.07549089600572696
10 0.1856231580601336 0.19037681528486594 0.022329533338636055 0.039317038669636165
10 0.51875 0.765625 0.1 0.453125
10 0.45703125 0.70546875 0.0765625 0.3328125
10 0.3109375 0.65625 0.13125 0.234375
10 0.14453125 0.64453125 0.1421875 0.2109375
10 0.021875 0.70703125 0.04375 0.3359375
11 0.07578125 0.76953125 0.1515625 0.4609375
11 0.15390625 0.76953125 0.2453125 0.4609375
11 0.3296875 0.76953125 0.225 0.4609375
11 0.44296875 0.76953125 0.1953125 0.4609375
11 0.48125 0.76953125 0.175 0.4609375
9 0.6936345580442252 0.5523848245942306 0.011101132001908987 0.014189769334818081
11 0.68671875 0.584375 0.0453125 0.090625
10 0.6947703440483615 0.5828444839274579 0.017696577339272324 0.04394999466899989
3 308.5491027832031 502.0252380371094 43.05615234375 51.871124267578125