2 0.27421875 0.19627309552544103 0.084375 0.12236587939029935
9 0.2515625 0.24145378531878658 0.0375 0.07365566861791084
2 0.19609375 0.24738107757146016 0.0421875 0.05962043969514967
13 0.23046875 0.38351856547121177 0.096875 0.19743860226293625
13 0.296875 0.3796875 0.184375 0.21875
11 0.28515625 0.2578125 0.2671875 0.4625
11 0.24921875 0.3140625 0.2140625 0.35
12 0.14375 0.6281351321207739 0.0328125 0.0548783975406721
12 0.4015625 0.6140625 0.034375 0.075
13 0.71640625 0.7411487374087723 0.034375 0.06269998789975162
11 0.7109375 0.7661169211519936 0.0828125 0.18485678903121983