9 0.0859375 0.12890625 0.171875 0.2203125
2 0.06015625 0.128125 0.1203125 0.25625
13 0.1625 0.3546875 0.325 0.128125
11 0.25234375 0.209375 0.5046875 0.41875
2 0.2776828413828614 0.7820878756778662 0.18632040268936265 0.168260162371395
9 0.21352089139081548 0.8403043757760621 0.08833634134309029 0.07238406010845858
10 0.22265625 0.90546875 0.2921875 0.1890625
11 0.26171875 0.78515625 0.4921875 0.4296875
5 0.771875 0.4375 0.09375 0.0375
11 0.83125 0.63515625 0.3375 0.4328125
11 0.73984375 0.8765625 0.1609375 0.246875
10 0.79609375 0.50078125 0.2078125 0.1640625
2 116.83163452148438 453.72222900390625 114.9151611328125 134.4261474609375
3 57.679439544677734 587.4931640625 77.07458877563477 52.5068359375
4 120.33247375488281 498.4364929199219 79.77227783203125 50.809356689453125