2 0.19030333401436775 0.09315494207508745 0.0693681444174139 0.10704997867599957
2 0.0890625 0.0265625 0.075 0.053125
9 0.08404424365528822 0.0903561113939972 0.02519998789975162 0.03466590133672716
9 0.19227035499341075 0.16270437340863292 0.018940897540672096 0.03303067600254535
13 0.20934474638576273 0.2777390274108601 0.15327148750696812 0.29551358935390815
13 0.04453125 0.21953125 0.0890625 0.3140625
11 0.06640625 0.25 0.1328125 0.5
11 0.1890625 0.265625 0.25 0.46875
13 0.1171875 0.80390625 0.234375 0.3921875
13 0.35078125 0.85234375 0.2453125 0.2953125
13 0.4671875 0.83984375 0.125 0.3203125
2 0.41868740924813697 0.5910282733927245 0.1021897347764936 0.10899428668045381
2 0.16640625 0.5140625 0.1203125 0.028125
9 0.1453362676593933 0.6026902900222717 0.07537270472226432 0.06493520401018138
9 0.406024303665551 0.6971237320575883 0.056595433645025395 0.060029528007635946
11 0.45703125 0.75 0.1453125 0.5
11 0.3296875 0.75546875 0.346875 0.4890625
11 0.15234375 0.75 0.3046875 0.5
2 98.50114440917969 29.053924560546875 46.112213134765625 84.81687927246094
2 234.61367797851562 345.6342468261719 58.8592529296875 118.67718505859375
2 237.86619567871094 347.66607666015625 54.63258361816406 64.19775390625
5 503.7647399902344 52.92988586425781 135.67459106445312 193.22271728515625
2 23.686973571777344 0.0 56.216331481933594 73.67045593261719
4 237.87255859375 405.060302734375 47.588623046875 25.157470703125
1 238.052978515625 404.08990478515625 49.24066162109375 26.066650390625
4 108.07785034179688 75.4541015625 31.889007568359375 25.662109375
3 247.9183349609375 596.6412963867188 25.32049560546875 34.6290283203125