2 0.5620336392823205 0.05897204166349841 0.01918635200509069 0.037609084308955334
2 0.8642859352721391 0.13573557132494418 0.023892033338636053 0.039198855386194255
2 0.7295836712683211 0.16307880044409712 0.01911362667090888 0.03135908430895533
10 0.7167382259309577 0.19269357757146022 0.01931362133990877 0.04854658430895533
10 0.8668109512651394 0.18731625204310348 0.041479522676635835 0.07367384933607006
10 0.9859375 0.03984375 0.028125 0.0796875
10 0.6568916059436845 0.09858905356735512 0.07225790268936265 0.16759656615858276
10 0.5520768366088663 0.10891749950902066 0.014517033338636054 0.03914431323171659
11 0.7223524265993213 0.18022539382823882 0.03515679734245403 0.06738748789975162
11 0.8636586792648213 0.18964182132494417 0.06891472668681722 0.1488283854404237
11 0.97890625 0.10859375 0.0421875 0.2171875
9 0.8646581052673668 0.17089636650448403 0.01111931333545435 0.015688632513557364
9 0.6703125 0.01328125 0.021875 0.0265625
9 0.5109256726209567 0.01960955981387098 0.03323067067154515 0.03612839754067192
11 0.66875 0.2046875 0.125 0.409375
11 0.5584904686107752 0.09489136094533919 0.030960193348181165 0.1095477168225127
11 0.5046875 0.2046875 0.15 0.409375
13 0.49631718527213914 0.13359479176169425 0.12000560669954403 0.24286927693097127
12 0.45540183127786615 0.49329249950902077 0.01606135200509069 0.03759090359079629
12 0.5813285319462297 0.4815242734149299 0.019295440006363407 0.04698408430895533
12 0.731837061943048 0.505838993066113 0.03675566000954511 0.07052157825883114
12 0.9568546959341393 0.5727775499531178 0.03855451734563573 0.09084316861791084
12 0.3609375 0.47734375 0.003125 0.0171875
12 0.3878421612826387 0.45774081888905727 0.00799431333545444 0.015670451795397965
2 542.5221557617188 78.10159301757812 563.1693725585938 102.63265991210938
3 435.0107421875 108.19633483886719 458.3626708984375 137.27296447753906
2 313.0682373046875 0.0 344.1439208984375 22.17691993713379
2 415.6546325683594 0.0 442.8022766113281 16.838634490966797