2 0.1669501089022357 0.06991356596219109 0.02674430718159231 0.031404536104353474
2 0.24267681674775798 0.07972944837755254 0.02199317466803503 0.020439765027114642
2 0.3051813619272978 0.07931181274073724 0.0110284035907962 0.015688632513557364
2 0.29041942515901437 0.0651629543294809 0.026744307181592396 0.031404536104353474
2 0.29260409387512104 0.09252033986810027 0.04553975897699045 0.03932612041330898
2 0.3793546601318997 0.08755610479701907 0.025145445745273776 0.025145445745273866
2 0.42265625 0.09765625 0.0328125 0.0421875
13 0.3999984373574586 0.16502257464459386 0.018886355386194254 0.023546584308955332
13 0.3742353680756179 0.16174758371978024 0.06304542154477702 0.09411361436318462
13 0.3141382054096354 0.1512413548952149 0.02395565046753818 0.08919885538619425
13 0.2837239975641131 0.14168909289316237 0.05821247579950315 0.06908634328594587
13 0.24308081684595387 0.14457774355709235 0.042669289031219734 0.08305793969514967
13 0.27949049463724684 0.1979163669954634 0.08209540339440444 0.14578519867214013
13 0.409375 0.21640625 0.059375 0.1609375
9 0.16448363905466085 0.09099368042357163 0.00791249394987581 0.017232951795398143
13 0.14937626864135192 0.13621982201231528 0.05681360226293632 0.09720225292686617
9 0.24174557582294431 0.10550615319801268 0.014144313231716587 0.014144313231716587
9 0.2955200156162898 0.12847602058625954 0.02042158430895542 0.01886817466803503
9 0.3784143288480064 0.11489530961747926 0.014144313231716587 0.014144313231716587
9 0.41655013310273253 0.1401180234149299 0.007930674668035032 0.020357951795398142
11 0.4 0.25546875 0.078125 0.3671875
11 0.3669677687395478 0.20233167710392194 0.0812146803253758 0.2629636083130604
11 0.31172627771653827 0.16294646935659554 0.0495101623713949 0.18465680113146804
11 0.2908825125912277 0.11985499950902065 0.07899767447164327 0.1504545179539809
11 0.23831150361423728 0.15861297247985345 0.05889425273047451 0.18627384328594587
11 0.15782457289607804 0.16126981898725318 0.07627265027114652 0.21918633723582168
11 0.246875 0.2515625 0.1875 0.375
12 0.4625 0.29140625 0.046875 0.1109375
12 0.5918405037124332 0.2638327793668583 0.04112496974937905 0.08617384933607006
12 0.721650723560008 0.24349352917046652 0.028497704722264317 0.06422612646343318
12 0.8171177596643615 0.21748554107432322 0.017442030054229108 0.04384999394987581
12 0.8367535487937772 0.1996304205628184 0.017405668617910663 0.03759999394987581
12 0.8625984313073344 0.18884291148763213 0.012690897540672097 0.032885222872636885
12 0.8853001331027326 0.18116222169428653 0.011073855386194254 0.023501132513557364
12 0.8720688800776705 0.1724912036421098 0.011073855386194254 0.023501132513557364
12 0.4453125 0.171875 0.0125 0.034375
12 0.44375 0.15703125 0.009375 0.0328125
12 0.5433717083365016 0.1346401830558503 0.00634999394987581 0.017223861436318443
12 0.4988677294137405 0.12969360782208117 0.006340903590796287 0.015661361436318445
12 0.6159825065411034 0.14287538475305253 0.007921584308955332 0.018795451795398144
12 0.6995217143866258 0.15273671896381202 0.011064765027114731 0.021938632513557366
12 0.7658870577707676 0.1601543092246958 0.00791249394987581 0.017232951795398143
12 0.779558672330344 0.2274236224564124 0.019049981849627428 0.05167158430895533
12 0.8150830818730684 0.16434690553570377 0.009502265027114732 0.021929542154477667
12 0.9533416059753694 0.1690576523142499 0.011064765027114731 0.021938632513557366
12 0.8854273981298473 0.15928722169428652 0.011055674668035208 0.020376132513557365
12 0.8299631933093871 0.1581832639469601 0.009493174668035209 0.020367042154477665
12 0.7347052354638647 0.14825375204310348 0.007930674668035032 0.020357951795398142
12 0.6581790969001832 0.1415583244482022 0.007921584308955332 0.018795451795398144
12 0.6019518227978822 0.13732482152133593 0.00791249394987581 0.017232951795398143
12 0.53715806977282 0.12835382161953182 0.007903403590796287 0.015670451795398055
12 0.48717625049097935 0.12493793012898405 0.006359084308955332 0.018786361436318445
12 0.7694796903825207 0.21408328512239488 0.027035198672140125 0.08140453610435347
12 0.7850956000234411 0.21573668871319107 0.023901108313060603 0.07982385538619426
8 0.09296875 0.734375 0.1859375 0.346875
10 0.16484375 0.92265625 0.3296875 0.1546875
11 0.19765625 0.71953125 0.3953125 0.5609375
13 0.8566251663784156 0.5157810987468949 0.039280668617910665 0.037727258976990544
11 0.8574018711988758 0.5165668939264346 0.05039997579950324 0.0690408914905479
6 174.4903564453125 252.0543212890625 205.64080810546875 282.352783203125
7 211.24806213378906 195.78988647460938 226.94349670410156 213.1209716796875
7 227.49163818359375 195.75473022460938 242.46453857421875 213.69003295898438
2 234.79962158203125 48.84619903564453 251.48089599609375 77.1518325805664
3 196.08883666992188 173.5316162109375 207.7703857421875 191.9234619140625
0 94.59906768798828 34.67927551269531 114.41649627685547 63.03895568847656