2 0.33315630331000107 0.6769588720957683 0.11695223734881743 0.11540791868236297
10 0.02265625 0.8234375 0.0453125 0.278125
10 0.33359375 0.89765625 0.1546875 0.2046875
9 0.01171875 0.68828125 0.0234375 0.0421875
9 0.3131427006285927 0.785334446093223 0.053688621339908774 0.04905566534054504
11 0.30234375 0.80625 0.3171875 0.3875
11 0.08515625 0.79453125 0.1703125 0.4109375
2 180.08700561523438 398.9000244140625 252.30770874023438 524.4718627929688
4 182.11102294921875 466.35418701171875 235.26004028320312 494.2276611328125
2 183.02459716796875 399.75347900390625 252.619873046875 470.79296875
3 142.951904296875 606.584228515625 187.0008544921875 640.0
2 0.0 353.431640625 27.949323654174805 459.009033203125
3 173.83392333984375 616.1851806640625 208.07464599609375 640.0
3 144.219482421875 608.7899169921875 206.30874633789062 640.0
0 146.28994750976562 609.31787109375 207.65982055664062 640.0