10 0.1109375 0.14140625 0.146875 0.2828125
11 0.17734375 0.29453125 0.3546875 0.5890625
8 0.78515625 0.26875 0.4296875 0.33125
5 0.771875 0.05703125 0.45625 0.1140625
10 0.7296875 0.4640625 0.540625 0.25
11 0.7296875 0.29453125 0.540625 0.5890625
8 0.13984375 0.86953125 0.2796875 0.2609375
5 0.103125 0.66953125 0.20625 0.1609375
11 0.2296875 0.79453125 0.459375 0.4109375
2 0.46796875 0.70234375 0.0171875 0.0578125
2 0.6847317253739528 0.66484375 0.0960579346753633 0.0640625
9 0.46953125 0.73984375 0.0203125 0.0265625
9 0.6929987587125888 0.70390625 0.04091590133672707 0.025
13 0.7212697567234064 0.78359375 0.14894767202418074 0.178125
13 0.496875 0.83828125 0.075 0.1953125
11 0.51953125 0.834375 0.1203125 0.33125
11 0.74375 0.8109375 0.23125 0.378125
2 418.0889892578125 409.0230407714844 50.16436767578125 49.582275390625
3 131.64495849609375 82.56326293945312 33.51397705078125 26.227996826171875
3 106.05140686035156 129.72628784179688 36.003021240234375 34.786865234375
4 426.89764404296875 431.2450256347656 29.18310546875 16.0574951171875