9 0.24453125 0.99140625 0.0828125 0.0171875
2 0.02265625 0.82578125 0.0453125 0.0984375
2 0.2511010653644076 0.9149003756778662 0.16826019867918127 0.09316016842151917
2 0.5484375 0.96875 0.15 0.0625
11 0.23359375 0.925 0.4421875 0.15
2 114.61823272705078 560.677490234375 206.38739013671875 640.0
4 123.38386535644531 611.176513671875 199.84629821777344 634.898193359375
2 310.54669189453125 608.1593627929688 394.9281005859375 640.0
2 0.0658721923828125 513.6949462890625 23.79458999633789 597.7850341796875
2 569.9132080078125 295.0303955078125 630.1158447265625 353.39599609375
4 124.47767639160156 610.4219970703125 193.65589904785156 629.1593017578125