10 0.2390625 0.134375 0.38125 0.26875
11 0.284375 0.134375 0.56875 0.26875
2 0.62578125 0.23671875 0.1140625 0.0640625
2 0.633678545768715 0.06456895570422297 0.11613406010845857 0.08817268657189166
2 0.8397785548439014 0.08915027830571347 0.0642352168225127 0.030060204722264318
9 0.6257115096643615 0.09117690749962107 0.042360216822512696 0.029932939695149586
10 0.8526734645830174 0.15547926025353664 0.06446247579950323 0.06912270472226431
10 0.70625 0.175 0.196875 0.1875
11 0.8433893681738137 0.1399088024080144 0.08042381908544911 0.12702610831306044
11 0.6828125 0.14140625 0.228125 0.2546875
8 0.67421875 0.6203125 0.2109375 0.271875
5 0.68828125 0.3640625 0.2390625 0.153125
10 0.778125 0.8796875 0.41875 0.240625
11 0.784375 0.6359375 0.43125 0.728125