8 0.29609375 0.1546875 0.2265625 0.309375
10 0.2046875 0.2578125 0.409375 0.103125
11 0.2046875 0.1546875 0.409375 0.309375
2 0.5396150711285526 0.9662300297596417 0.004705680718159222 0.0031522710772389217
13 0.5388792729239505 0.9740379845801019 0.004742042154477666 0.009402271077238922
11 0.5396832488216496 0.9779487797596417 0.006413626463433175 0.028161361436318443
11 0.9708014386149951 0.9578014688656161 0.009520445745273776 0.025054542154477843
2 0.905748610356164 0.9214867189638121 0.004705680718159399 0.0031522710772389217
11 0.9057895169720223 0.928517968963812 0.009484084308955332 0.018804542154477844
12 0.99765625 0.9390625 0.0046875 0.0125
13 0.99765625 0.90234375 0.0046875 0.0078125
11 0.996875 0.90703125 0.00625 0.0203125
13 0.6427582518467118 0.9699549934588966 0.007876132513557366 0.010982951795398321
11 0.6428037036421098 0.9777674934588966 0.011155668617910841 0.03756363251355736
13 0.7053582457965876 0.9875061078220811 0.0063227228726368875 0.012536361436318444
11 0.70546875 0.9890625 0.0109375 0.021875
13 0.7780190409761273 0.9887100595192834 0.004742042154477844 0.009402271077238922
11 0.778809381335207 0.9902771046988231 0.006359084308955332 0.018786361436318445
2 515.6103515625 623.904541015625 21.6041259765625 16.095458984375