9 0.2353083244482022 0.0943791755517978 0.20719539734428025 0.16369992739850953
10 0.225 0.284375 0.45 0.26875
11 0.225 0.209375 0.45 0.41875
9 0.5616748608471432 0.3039148194782325 0.03609203610435348 0.02677157825883123
9 0.6138004422292325 0.2661102924490653 0.023555674668035032 0.020448855386194252
9 0.6834407765381878 0.2844557714700223 0.029832945745273953 0.025172716822512698
9 0.7256055506404888 0.28030408177487265 0.02512726502711473 0.022020445745273863
9 0.7828276981811608 0.31278478366846657 0.025136355386194253 0.023582945745273955
9 0.8052203277678519 0.2673404734618121 0.01887726502711473 0.02198408430895542
9 0.8397453186926656 0.2929217355620605 0.023564765027114732 0.022011355386194253
9 0.8988157916634985 0.24023255191703505 0.02668976502711473 0.022029536104353476
9 0.8875061078220812 0.31061322961013216 0.023564765027114732 0.022011355386194253
9 0.9723396500747548 0.254649055040293 0.021993174668035208 0.020439765027114642
9 0.9547617855151783 0.3219410941697086 0.025145445745273776 0.025145445745273953
9 0.9953125 0.29296875 0.009375 0.0234375
2 0.99375 0.25234375 0.0125 0.0421875
2 0.9760413669954634 0.219470079142594 0.03458407825883114 0.036137487899751616
2 0.9599623699223295 0.27581552791292996 0.040870439695149585 0.04242384933607006
2 0.9001555778660478 0.20194221155795544 0.03614657825883114 0.03614657825883123
2 0.8888277133064714 0.2691978892510526 0.040879530054229105 0.04398634933607006
2 0.8442010145361353 0.2530507144848217 0.039298849336070064 0.040852258976990366
2 0.8034123880727023 0.22516206382089177 0.037727258976990544 0.03928066861791084
2 0.7817737374087723 0.2659143288480064 0.042451120413308806 0.04555793969514967
2 0.72924818022718 0.2349688558771736 0.04242384933607006 0.040870439695149675
2 0.6862839754067197 0.23600009075186307 0.04871930113146803 0.04871930113146812
2 0.6182197766363837 0.21998927137182642 0.04872839149054773 0.050281801131468205
2 0.5644453368430382 0.24295913876007327 0.05813975292686635 0.056586343285945875
13 0.94453125 0.37421875 0.0890625 0.0890625
13 0.9859375 0.32421875 0.028125 0.0671875
13 0.9569600897699043 0.29692745863108916 0.06909543364502539 0.059774975799503235
13 0.8960044090517453 0.2941569826351943 0.08335792154477702 0.09423178903121973
13 0.87265625 0.37109375 0.0859375 0.0953125
13 0.8203125 0.36484375 0.0625 0.1078125
13 0.8070009963857627 0.3048313831027325 0.03147725897699054 0.03924430718159231
13 0.7734375 0.3671875 0.1 0.103125
13 0.7211816710537977 0.3256438528521115 0.05830337939029935 0.08471134328594587
13 0.67421875 0.353125 0.1296875 0.13125
13 0.61484375 0.34609375 0.0921875 0.1453125
13 0.54296875 0.35390625 0.1546875 0.1296875
11 0.971875 0.32421875 0.05625 0.1890625
11 0.9640625 0.309375 0.071875 0.21875
11 0.9390625 0.33671875 0.121875 0.1640625
11 0.88828125 0.3 0.1171875 0.2375
11 0.87109375 0.33125 0.1078125 0.175
11 0.82890625 0.325 0.0921875 0.1875
11 0.79609375 0.31171875 0.0828125 0.2140625
11 0.7734375 0.3296875 0.13125 0.178125
11 0.7234375 0.3140625 0.09375 0.209375
11 0.67265625 0.3125 0.1671875 0.2125
11 0.615625 0.3046875 0.125 0.228125
11 0.5484375 0.3140625 0.196875 0.209375
2 453.49542236328125 139.03457641601562 478.75042724609375 185.96871948242188
2 423.88372802734375 138.8042755126953 453.05706787109375 187.8618927001953
2 381.5727844238281 128.52346801757812 409.8984680175781 175.76193237304688
2 556.1368408203125 160.8193359375 582.3416748046875 205.70062255859375
2 527.333984375 150.28892517089844 551.614990234375 195.60887145996094
2 344.5351867675781 141.50119018554688 377.5964050292969 197.68002319335938
2 612.9556884765625 129.94769287109375 636.6751708984375 167.3016357421875
2 486.9710693359375 157.70529174804688 514.6126708984375 204.77938842773438
2 565.4896240234375 117.25363159179688 587.1317138671875 160.7188720703125
2 502.0816650390625 132.83737182617188 525.68359375 175.18685913085938
2 81.10183715820312 0.0 236.9300537109375 115.22994232177734
4 558.6202392578125 180.40960693359375 580.2672119140625 192.76141357421875
4 454.9879150390625 161.3024139404297 476.098876953125 170.7362823486328
4 425.015625 162.21298217773438 452.10693359375 172.46145629882812
4 383.03497314453125 149.32273864746094 407.08758544921875 161.06504821777344
4 346.7032165527344 169.427001953125 374.3731994628906 183.31512451171875
4 530.3755493164062 172.90322875976562 549.9147338867188 181.97598266601562
4 454.8590393066406 162.4674072265625 477.0827331542969 173.2269287109375
4 613.4859619140625 145.87503051757812 633.742919921875 154.93203735351562