13 0.1359375 0.1890625 0.271875 0.378125
11 0.1734375 0.1921875 0.346875 0.384375
9 0.54140625 0.0140625 0.0640625 0.028125
9 0.83828125 0.0265625 0.0671875 0.053125
13 0.8021680506404888 0.24997116628021976 0.2794350534691592 0.4953589935570923
10 0.521875 0.24375 0.20625 0.4875
11 0.590625 0.26484375 0.34375 0.5296875
11 0.7890625 0.26484375 0.421875 0.5296875
11 0.93359375 0.26484375 0.1328125 0.5296875
2 0.38125 0.64296875 0.075 0.1046875
2 0.30947655659241724 0.6784354921031641 0.06130111436318479 0.0628545240041051
2 0.14740328258831212 0.6184388442679045 0.08800906010845858 0.08800906010845858
2 0.06931009884509072 0.6243621122218854 0.06290906615858276 0.07067611436318462
9 0.37536972218526576 0.7241474470218201 0.04717498184962743 0.05183521077238851
9 0.28714301433974365 0.7340360523098186 0.022038626463433176 0.028252265027114733
9 0.11103905659241722 0.6795899677062754 0.01893180718159222 0.03135908430895533
9 0.06182030659241722 0.6798763140172834 0.034565897540672096 0.03301248789975162
10 0.05390625 0.82265625 0.1078125 0.2421875
10 0.14092252019347606 0.8473905460633026 0.1453862646343312 0.28208631303532494
10 0.280080468963812 0.8629877541052167 0.11527151775758923 0.20847609621281213
10 0.353125 0.87109375 0.13125 0.2578125
11 0.3359375 0.79375 0.165625 0.4125
11 0.27109375 0.81875 0.2046875 0.3625
11 0.11796875 0.78359375 0.2359375 0.4328125
11 0.0640625 0.7890625 0.128125 0.421875
2 66.32078552246094 372.7122802734375 119.58149719238281 450.9427490234375
2 24.49675750732422 382.69927978515625 61.24052429199219 442.64361572265625
2 223.77545166015625 382.5770263671875 268.8707580566406 475.53515625
3 4.932762145996094 518.75537109375 32.23604202270508 548.85546875
2 176.168701171875 421.7634582519531 213.9393310546875 480.5680236816406
3 400.06829833984375 148.0672607421875 462.26409912109375 225.04379272460938
4 67.2435302734375 403.2720031738281 104.292724609375 422.9257507324219
0 284.8684387207031 126.51434326171875 347.6100769042969 210.87960815429688
4 26.835214614868164 409.5263977050781 57.386070251464844 424.2077331542969
4 177.38650512695312 448.56988525390625 205.26638793945312 462.59185791015625
4 226.61834716796875 428.69140625 265.65850830078125 450.689208984375
3 284.29937744140625 132.44583129882812 347.9403076171875 211.82730102539062
1 226.46719360351562 429.2484130859375 266.5738220214844 451.8455810546875
2 317.44842529296875 0.026702880859375 379.14532470703125 19.603822708129883