11 0.165625 0.228125 0.33125 0.45625
9 0.89375 0.46640625 0.19375 0.2046875
13 0.75078125 0.384375 0.3828125 0.36875
2 0.95546875 0.284375 0.0890625 0.56875
11 0.7796875 0.284375 0.440625 0.56875
10 0.3359375 0.8265625 0.3875 0.346875
9 0.3431131539835796 0.640625 0.11289088544042372 0.0671875
9 0.01796875 0.59140625 0.0359375 0.0453125
2 0.39140625 0.60234375 0.2171875 0.0671875
11 0.2796875 0.784375 0.559375 0.43125
11 0.078125 0.784375 0.15625 0.43125
8 0.865625 0.890625 0.26875 0.21875
5 0.88984375 0.7109375 0.2203125 0.203125
10 0.7859375 0.95390625 0.428125 0.0921875
11 0.7796875 0.784375 0.440625 0.43125
3 22.770994186401367 487.849853515625 62.62724304199219 524.2205200195312
3 122.6109619140625 123.52690887451172 174.222412109375 187.90972900390625