13 0.153125 0.1203125 0.125 0.240625
13 0.36328125 0.11328125 0.1296875 0.2265625
9 0.175 0.00625 0.03125 0.0125
11 0.365625 0.3015625 0.196875 0.603125
11 0.16796875 0.3078125 0.1953125 0.615625
13 0.88359375 0.440625 0.2328125 0.478125
11 0.8359375 0.33984375 0.328125 0.6796875
2 0.884375 0.0578125 0.184375 0.115625
9 0.8919112858097659 0.18621405140036057 0.09145222267624505 0.14324201734563582
11 0.0890625 0.8015625 0.178125 0.24375
11 0.1328125 0.75390625 0.096875 0.1484375
11 0.1859375 0.7890625 0.16875 0.21875
11 0.25546875 0.7546875 0.1390625 0.15
11 0.3375 0.7703125 0.140625 0.18125
11 0.3734375 0.73515625 0.09375 0.1109375
11 0.41875 0.75703125 0.128125 0.1546875
11 0.4703125 0.753125 0.078125 0.146875
10 0.75 0.90390625 0.48125 0.1921875
11 0.7546875 0.83984375 0.490625 0.3203125
2 518.4547119140625 0.0 104.4140625 159.54901123046875
7 40.61682891845703 543.6444091796875 28.879989624023438 45.6083984375
6 209.14541625976562 507.3655700683594 33.81256103515625 44.596954345703125
7 119.1861572265625 539.9378662109375 27.4764404296875 32.384033203125
6 185.19900512695312 498.5592041015625 23.490692138671875 28.5576171875
7 144.63235473632812 529.7685546875 18.52716064453125 23.73583984375
7 274.031005859375 495.4670104980469 23.3973388671875 39.449005126953125
6 272.64410400390625 493.8891296386719 25.336669921875 40.971466064453125
4 533.5137939453125 42.15735626220703 69.9439697265625 61.84272766113281
7 159.59617614746094 509.10455322265625 18.3038330078125 23.9512939453125
0 74.48054504394531 99.4630126953125 23.506378173828125 35.639190673828125