13 0.3609375 0.38515625 0.215625 0.3484375
9 0.40546875 0.171875 0.1265625 0.078125
2 0.38515625 0.0453125 0.1671875 0.090625
11 0.234375 0.2796875 0.46875 0.559375
8 0.70078125 0.40390625 0.4640625 0.3109375
5 0.6953125 0.07578125 0.453125 0.1515625
11 0.734375 0.2796875 0.53125 0.559375
10 0.01875 0.8640625 0.0375 0.271875
11 0.3921875 0.7796875 0.153125 0.440625
11 0.08046875 0.7796875 0.1609375 0.440625
2 200.70077514648438 0.0 99.91607666015625 144.52464294433594
1 207.07241821289062 46.13788604736328 91.57257080078125 48.515777587890625
5 140.24176025390625 426.111083984375 72.11508178710938 67.1611328125