13 0.265625 0.33399528844204457 0.1125 0.24596700585373252
9 0.2796875 0.19657710167376113 0.03125 0.042369307181592396
2 0.290625 0.13414073418731842 0.0421875 0.054932939695149674
11 0.26953125 0.234375 0.1953125 0.46875
9 0.1796875 0.4890625 0.14375 0.040625
13 0.18984375 0.734375 0.3796875 0.53125
11 0.21484375 0.734375 0.4296875 0.53125
9 0.92890625 0.5247889809658647 0.040625 0.039298849336070064
5 0.66171875 0.58417202956325 0.06875 0.06289997579950324
5 0.9359375 0.48125 0.046875 0.025
10 0.896875 0.6464776286047325 0.1296875 0.22575449980360834
11 0.71640625 0.6993339421310365 0.2265625 0.2950681020665445
11 0.91015625 0.66328125 0.1796875 0.3890625
3 542.9183349609375 470.640380859375 565.6343994140625 505.10693359375
5 579.3104858398438 300.6435241699219 613.8109741210938 346.1772766113281
2 0.0 352.33831787109375 30.700489044189453 485.4674072265625