12 0.3 0.93359375 0.021875 0.1328125
12 0.3953125 0.9390625 0.090625 0.121875
12 0.65546875 0.946875 0.1140625 0.10625
2 0.9140625 0.6697246765595504 0.0359375 0.03166817067154533
2 0.7859375 0.6884030459102768 0.040625 0.0426602146721816
13 0.43125 0.65078125 0.0625 0.0640625
13 0.91796875 0.7728042232256869 0.0703125 0.1258181600095451
13 0.76796875 0.7839246312460495 0.0828125 0.14002611067790854
9 0.78203125 0.7181359992441404 0.0171875 0.023637494668999892
9 0.915625 0.700956495226005 0.0234375 0.022147720003181704
11 0.43125 0.65078125 0.09375 0.0640625
11 0.77109375 0.83125 0.1140625 0.3375
11 0.9109375 0.825 0.1375 0.35
11 0.9671875 0.809375 0.065625 0.38125
2 489.33380126953125 425.5341796875 26.95306396484375 38.679931640625
3 565.5281372070312 477.13250732421875 15.9981689453125 15.2867431640625
2 573.0826416015625 416.6763916015625 24.572509765625 37.889404296875
3 592.1258544921875 514.7153930664062 13.322509765625 14.1103515625
3 482.0909729003906 501.1868896484375 18.86041259765625 17.4305419921875
7 583.4931030273438 602.1416015625 24.2265625 36.23681640625
3 509.0428466796875 484.62890625 19.94482421875 18.2479248046875
4 574.736083984375 432.24365234375 20.410888671875 11.7933349609375