11 0.1609375 0.2 0.25625 0.4
2 0.15703125 0.4198179867520415 0.0296875 0.03315794533736351
2 0.06796875 0.4046875 0.0359375 0.009375
2 0.01640625 0.40625 0.0328125 0.0125
9 0.015625 0.4220788260661788 0.0171875 0.01894999466899989
9 0.23046875 0.4125 0.0484375 0.025
9 0.109375 0.41640625 0.04375 0.0328125
11 0.01796875 0.54765625 0.0359375 0.2953125
11 0.04453125 0.55625 0.0890625 0.3125
11 0.1578125 0.4229520774188143 0.034375 0.04571248933799978
11 0.196875 0.7 0.184375 0.6
11 0.09921875 0.7 0.1984375 0.6
13 0.0125 0.4796875 0.025 0.121875
13 0.0921875 0.5796875 0.184375 0.359375
13 0.04453125 0.45522768073676956 0.065625 0.08357611600890866
13 0.215625 0.5609375 0.146875 0.321875
9 0.503125 0.43984375 0.15625 0.0796875
13 0.4109375 0.7 0.24375 0.6
11 0.56875 0.7 0.559375 0.6