8 0.20703125 0.1578125 0.4140625 0.315625
10 0.25 0.30234375 0.5 0.3140625
11 0.25 0.2296875 0.5 0.459375
10 0.209375 0.5296875 0.41875 0.140625
8 0.303125 0.51171875 0.39375 0.1046875
11 0.25 0.7296875 0.5 0.540625
10 0.6046875 0.49375 0.209375 0.06875
10 0.54921875 0.73359375 0.0984375 0.2015625
2 0.5453125 0.61328125 0.090625 0.0671875
5 0.76953125 0.48828125 0.0796875 0.0578125
9 0.7184307956705192 0.5046875 0.04083407825883114 0.0359375
11 0.65703125 0.5640625 0.3140625 0.209375
11 0.58671875 0.784375 0.1734375 0.43125
3 402.27044677734375 383.8983154296875 23.7298583984375 30.353271484375
3 380.4498291015625 460.48968505859375 36.1689453125 30.51904296875
5 442.86773681640625 295.15447998046875 72.9786376953125 41.52001953125
2 320.358642578125 375.2974853515625 49.864013671875 58.94866943359375