10 0.0390625 0.89140625 0.078125 0.2171875
10 0.08828125 0.896875 0.0953125 0.20625
10 0.14506407776785188 0.8698529159856321 0.11034766842151908 0.1678238251355733
10 0.2553157765381878 0.885618295670519 0.14023515632127062 0.202371541958086
10 0.42421875 0.8390625 0.1296875 0.321875
11 0.24453125 0.85859375 0.1671875 0.2828125
11 0.38828125 0.775 0.2015625 0.45
8 0.48046875 0.69765625 0.0171875 0.0828125
8 0.0203125 0.78046875 0.040625 0.0546875
8 0.054007285711570055 0.79616140681225 0.029978391490547728 0.050172716822512696
8 0.09228853571157006 0.7959386930147994 0.039298849336070064 0.040852258976990366
8 0.13908626765939328 0.7823847322424109 0.04241475897699045 0.039307939695149764
8 0.24380558391617196 0.7872444281840765 0.04400453005422929 0.04400453005422929
5 0.24896071652792512 0.7333063619272978 0.0439318071815924 0.031504530054229284
5 0.12939310509160667 0.7277517743968885 0.050172716822512745 0.029978391490547728
5 0.07946582796424362 0.7405426658874363 0.04861930718159235 0.03153180113146821
5 0.015625 0.71171875 0.03125 0.0421875
12 0.80234375 0.63828125 0.2296875 0.1765625
5 0.98125 0.72265625 0.0375 0.1109375
11 0.8625 0.77578125 0.275 0.4484375
2 262.4931335449219 351.985595703125 313.0003356933594 455.060302734375
5 39.218849182128906 465.95733642578125 68.86719512939453 505.26226806640625
3 453.15032958984375 115.94316101074219 496.1861572265625 234.4732208251953
2 79.93669128417969 494.0797119140625 98.66949462890625 513.239501953125
4 275.2333068847656 402.95318603515625 312.8189392089844 426.1099853515625