10 0.1859375 0.228125 0.371875 0.24375
8 0.3171875 0.25078125 0.384375 0.1984375
5 0.29375 0.06484375 0.43125 0.1296875
11 0.2546875 0.175 0.509375 0.35
2 0.52421875 0.084375 0.0296875 0.06875
10 0.634375 0.18515625 0.25 0.1953125
11 0.7546875 0.18671875 0.490625 0.3265625
2 0.1375 0.58515625 0.075 0.0953125
2 0.45234375 0.565625 0.1140625 0.19375
2 0.2734375 0.6046875 0.0796875 0.0890625
5 0.02890625 0.609375 0.0578125 0.059375
5 0.38125 0.59296875 0.0578125 0.075
9 0.01640625 0.7015625 0.0328125 0.0625
9 0.1453125 0.66640625 0.040625 0.0375
9 0.2859375 0.68984375 0.0421875 0.0453125
9 0.409375 0.69765625 0.04375 0.0546875
9 0.47578125 0.6859375 0.0546875 0.0578125
10 0.4421875 0.85703125 0.05625 0.2859375
10 0.30625 0.82734375 0.1140625 0.2578125
10 0.146875 0.803125 0.125 0.2421875
10 0.01953125 0.85859375 0.0390625 0.2828125
11 0.06640625 0.7859375 0.1328125 0.428125
11 0.1515625 0.765625 0.203125 0.46875
11 0.32109375 0.77578125 0.1859375 0.4484375
11 0.43046875 0.77421875 0.1546875 0.4515625
11 0.45625 0.73046875 0.10625 0.5390625
5 0.0 372.2933349609375 35.45341873168945 92.98590087890625
2 66.703125 346.8082275390625 45.810546875 88.8834228515625
2 153.31942749023438 361.58746337890625 46.48919677734375 91.92120361328125
3 190.79345703125 588.4240112304688 26.96484375 47.7777099609375
2 255.28453063964844 301.7040100097656 71.72279357910156 149.54071044921875
4 72.53318786621094 396.28277587890625 37.226715087890625 16.9835205078125
4 158.1552734375 406.2083740234375 39.90521240234375 21.8453369140625
3 129.34207153320312 571.093505859375 23.17730712890625 28.765380859375
4 0.035892486572265625 401.4756774902344 30.563520431518555 30.0968017578125
1 267.5494689941406 366.1456298828125 54.36419677734375 75.31829833984375
3 0.0 543.5132446289062 13.597095489501953 45.0093994140625
1 284.37322998046875 363.3020935058594 38.2039794921875 70.83148193359375
3 151.62583923339844 583.589111328125 22.38702392578125 27.741455078125