11 0.0484375 0.065625 0.096875 0.13125
11 0.32578125 0.33046875 0.0671875 0.1421875
9 0.3314741967695408 0.31531734768575 0.012699994668999893 0.01726022287263689
2 0.3421875 0.28515625 0.034375 0.0453125
10 0.10078125 0.765625 0.2015625 0.46875
11 0.1796875 0.709375 0.359375 0.58125
8 0.6203125 0.6453125 0.521875 0.39375
5 0.68984375 0.47578125 0.5953125 0.1140625
10 0.6796875 0.8421875 0.640625 0.315625
11 0.6796875 0.709375 0.640625 0.58125
2 211.56689453125 168.73291015625 232.08584594726562 198.27224731445312