5 0.21781804006204258 0.24505303524827662 0.08056020401018138 0.07592724801081766
10 0.0171875 0.23125 0.034375 0.25625
11 0.13046875 0.34765625 0.2609375 0.3421875
11 0.02734375 0.2359375 0.0546875 0.453125
2 0.3765625 0.79296875 0.084375 0.0921875
13 0.1125 0.93828125 0.096875 0.1234375
8 0.10642600672340645 0.8703075739179129 0.028615896005727136 0.04251476400381797
8 0.3863044107256336 0.8834593652132782 0.04127952800763594 0.056722714672181596
8 0.01640625 0.7328125 0.0328125 0.0375
5 0.022357352681408392 0.5618689125955033 0.02205681333545435 0.01587953866963616
5 0.034375 0.67265625 0.06875 0.0703125
10 0.03203125 0.809375 0.0640625 0.15
10 0.016489160685862814 0.5947541379296851 0.03166817067154533 0.03630112667090888
11 0.02265625 0.603125 0.0453125 0.103125
11 0.05859375 0.79140625 0.1171875 0.3140625
11 0.115625 0.8984375 0.165625 0.203125
11 0.3046875 0.859375 0.228125 0.28125
2 0.1277373853834977 0.8216155352482766 0.05383407200827239 0.06155566534054495
13 0.31953125 0.9390625 0.1890625 0.121875
8 0.8140625 0.62421875 0.371875 0.2109375
5 0.61640625 0.56015625 0.2078125 0.0828125
10 0.709375 0.846875 0.58125 0.30625
11 0.709375 0.759375 0.58125 0.48125
2 352.60028076171875 379.61370849609375 97.15374755859375 121.03192138671875
3 111.80003356933594 192.16983032226562 16.9947509765625 18.564697265625
2 217.43023681640625 478.1988830566406 51.073516845703125 80.12277221679688
1 373.05706787109375 396.74755859375 74.36846923828125 105.4874267578125