11 0.24375 0.221875 0.18125 0.44375
11 0.382120212815492 0.23943828723745889 0.17543737899751582 0.34576812802354445
11 0.4375 0.15625 0.125 0.3125
10 0.4328645804983264 0.09821330323045921 0.05686814441741408 0.10690452800763595
10 0.35447193578632474 0.18741271057450426 0.059938602262936416 0.09756589067472703
10 0.27538842378427225 0.15786211791854915 0.08864538524403187 0.197893154678545
9 0.4442878938282389 0.04729569322886844 0.02198408430895533 0.01900453866963616
9 0.3861941135776178 0.1339149932368226 0.009447722872636889 0.012609088001272717
9 0.2544486890077787 0.05028597525463994 0.022074987899751618 0.03462953866963616
2 0.45234375 0.01328125 0.0359375 0.0265625
2 0.38132935157556525 0.10350078723745888 0.050372704722264315 0.06464430267345414
2 0.2703125 0.01328125 0.071875 0.0265625
10 0.86640625 0.078125 0.2671875 0.15625
11 0.784375 0.2265625 0.43125 0.453125
2 0.6192253030763758 0.9162693426559549 0.012581813231716588 0.014207950668363622
10 0.6162457488216496 0.941305705323046 0.02051248789975162 0.03461135733609098
11 0.6162275681034904 0.938180705323046 0.025345433645025395 0.059665901336727244
2 230.28643798828125 45.548397064208984 28.5015869140625 46.263553619384766
2 153.57904052734375 0.098419189453125 38.885223388671875 42.72504806518555
3 93.54202270507812 152.97549438476562 43.90350341796875 69.86236572265625
6 264.0638732910156 169.84719848632812 16.572021484375 28.25347900390625
2 274.17041015625 0.0 28.313720703125 36.535369873046875
0 284.43243408203125 88.27745056152344 13.556396484375 24.838912963867188
4 155.87167358398438 8.147378921508789 28.966339111328125 18.450912475585938
6 280.62725830078125 152.1962890625 21.633544921875 24.0277099609375