10 0.184375 0.3 0.36875 0.459375
11 0.184375 0.26484375 0.36875 0.5296875
8 0.2703125 0.084375 0.196875 0.16875
11 0.57578125 0.33852318627730416 0.046875 0.08152271077238851
11 0.1015625 0.66171875 0.103125 0.2640625
11 0.04765625 0.6328125 0.0921875 0.20625
11 0.184375 0.76484375 0.36875 0.4703125
11 0.3078125 0.76484375 0.121875 0.4703125
5 0.22578125 0.58671875 0.1578125 0.1140625
10 0.05703125 0.55 0.0484375 0.040625
10 0.1171875 0.58515625 0.05 0.1109375
10 0.14921875 0.94765625 0.2671875 0.1046875
8 0.3453125 0.8796875 0.046875 0.240625
8 0.1609375 0.7951231651018695 0.1390625 0.20705904195808608