10 0.5984375 0.40234375 0.2375 0.2140625
9 0.6066803312380953 0.225 0.06815111067790855 0.0828125
5 0.6047285745942306 0.05703125 0.09324201734563572 0.090625
11 0.70703125 0.2546875 0.5359375 0.509375
11 0.18125 0.7546875 0.3625 0.490625
5 0.9127212459023226 0.76953125 0.00950226933481808 0.0109375
5 0.8994581772358682 0.76796875 0.011064769334818082 0.0109375
9 0.5492763639004137 0.78359375 0.0064499946689998925 0.0171875
5 0.5667184025700498 0.76171875 0.014280676002545433 0.01875
5 0.5533098832352318 0.77265625 0.011137494668999891 0.0171875
10 0.911303649228232 0.82421875 0.014789753341817757 0.0625
10 0.895715011895323 0.82109375 0.02723520934118149 0.0578125
9 0.9040002265675046 0.78046875 0.00793976933481808 0.0109375
9 0.9117854545671864 0.7828125 0.006359088001272539 0.009375
10 0.5533729705601866 0.834375 0.024346566677272287 0.078125
10 0.5636019458943685 0.828125 0.014898841343090474 0.071875
10 0.570778646562732 0.815625 0.01655224801081765 0.0796875
5 0.5618763612349136 0.775 0.007994313335454351 0.015625
11 0.569770129893414 0.83515625 0.04729426535645338 0.1703125
11 0.5602587698918231 0.846875 0.054961314688089936 0.1578125
11 0.5430076352244141 0.85234375 0.05512494668999892 0.171875
11 0.9032911545592321 0.84140625 0.03624767735518084 0.1609375
11 0.8930530885582778 0.8484375 0.05983062802354446 0.1734375
6 327.8563232421875 580.030029296875 341.625244140625 597.635009765625
6 567.7532958984375 576.8190307617188 584.3314208984375 597.9579467773438
5 351.05413818359375 4.48590087890625 438.27850341796875 168.29925537109375