13 0.18359375 0.94765625 0.3671875 0.1046875
9 0.12634082796424365 0.862892448082965 0.14113406010845858 0.08831813231716552
2 0.1046875 0.73203125 0.209375 0.1265625
11 0.2 0.834375 0.4 0.33125
5 0.490625 0.92109375 0.178125 0.1578125
2 0.675 0.75234375 0.140625 0.1671875
5 0.92734375 0.7359375 0.1203125 0.134375
9 0.7061152072563471 0.8727350806947183 0.08165906615858276 0.07078519867214013
9 0.9349123729473916 0.855316818299882 0.0722204336450254 0.05979315651766228
10 0.925 0.909375 0.15 0.18125
10 0.721875 0.94765625 0.221875 0.1046875
11 0.5453125 0.91484375 0.290625 0.1703125
11 0.70703125 0.834375 0.3421875 0.33125
11 0.89296875 0.834375 0.2140625 0.33125
2 0.0 428.30401611328125 133.1341552734375 156.383056640625
2 398.347412109375 433.4947509765625 77.5 149.08056640625
2 397.5355224609375 433.59765625 77.3958740234375 100.95745849609375
3 560.0687255859375 604.521240234375 39.25048828125 35.478759765625
4 417.52862548828125 519.6756591796875 55.0037841796875 37.3486328125
1 19.223983764648438 491.01422119140625 105.18296813964844 47.6546630859375
4 18.052566528320312 490.099365234375 106.02890014648438 48.003173828125