11 0.27734375 0.209375 0.5546875 0.41875
10 0.2703125 0.20859375 0.35625 0.4171875
8 0.80390625 0.25859375 0.3484375 0.3203125
11 0.81484375 0.209375 0.3703125 0.41875
13 0.4271594811622563 0.5202086712683212 0.16359993344863372 0.19095335868872637
2 0.54296875 0.47265625 0.0671875 0.1078125
9 0.5169350534691592 0.5074444945894581 0.022202252926866173 0.05650453866963616
11 0.4484375 0.653125 0.265625 0.46875
2 0.99453125 0.5109375 0.0109375 0.021875
2 0.9626919393023663 0.4876967106142751 0.03773634933607006 0.04106135200509069
2 0.9703125 0.540625 0.059375 0.071875
2 0.9115930476154267 0.5679841946212749 0.018886355386194254 0.023655676002545433
2 0.8904356651018694 0.5572921426241384 0.010992042154477844 0.00950226933481808
13 0.893692475308524 0.5799120299570474 0.012663626463433175 0.028270450668363624
2 0.8748015747427897 0.5559114559595928 0.023573855386194255 0.023710220003181702
2 0.8340720356133742 0.5384154206317743 0.029842036104353653 0.026907945337363515
2 0.7740112343837102 0.555521651973274 0.022011355386194253 0.02369203866963616
2 0.7310924813586481 0.5646153886457738 0.020439765027114552 0.0221113573360908
2 0.6795027102814093 0.5605278726527734 0.03609203610435348 0.026980670671545325
2 0.64609375 0.5703125 0.0328125 0.0375
13 0.6578125 0.7 0.05625 0.146875
13 0.6831140444921687 0.6440852599856826 0.0600022347764936 0.10850339067472685
13 0.7331140444921688 0.6435034573122282 0.056777240826617795 0.09127952800763595
13 0.7752788185944697 0.6391063113065012 0.03184087334017516 0.10192612667090888
13 0.8322600716195317 0.6298489426320926 0.056886325135573304 0.11002952800763595
13 0.8728759812604523 0.627813727959911 0.04585792154477701 0.09427725867281786
13 0.9080413216195318 0.6289671479551384 0.034838608313060605 0.08008748933799978
13 0.99609375 0.584375 0.0078125 0.078125
13 0.9430157644379396 0.597308067950366 0.04762040944452863 0.1286704400063634
13 0.96953125 0.7296875 0.0609375 0.240625
9 0.9984375 0.5359375 0.003125 0.0125
9 0.996875 0.590625 0.00625 0.028125
9 0.9132737222834617 0.5882785132877293 0.007867042154477843 0.009465906667727352
9 0.8757373608471433 0.58246486529282 0.012572722872636888 0.012645450668363622
9 0.8342447524358869 0.5681029206317744 0.018831813231716767 0.014280676002545433
8 0.7710180445903646 0.5782142646403649 0.007930674668035032 0.020403406667727175
9 0.732019177103922 0.589606297979001 0.015706813231716587 0.01424431333545435
9 0.6859345174630016 0.5917051473185916 0.01259090359079611 0.015770450668363623
9 0.6524180355151783 0.6053772959898186 0.01418067466803503 0.020476132001908988
11 0.665625 0.703125 0.071875 0.30625
11 0.6826191408031768 0.6933131006524553 0.059521487506968104 0.2944227093411816
11 0.7356714179305397 0.6801949353119101 0.06399081888905726 0.25697725334181776
11 0.764573122751 0.6790773306413194 0.07346581283893308 0.2742738413430906
11 0.8371975564942213 0.6727631486314561 0.06735216822512732 0.2976386160089087
11 0.8905265686926656 0.5729171426241384 0.017423849336070062 0.040824994668999894
11 0.8762191498783629 0.66527736529282 0.05454309601642038 0.24436816534054523
11 0.9097765384420444 0.658636466621593 0.03870901775758924 0.2082488520050907
11 0.9513600504440971 0.6886234112826387 0.07444757161953178 0.4430238413430905
11 0.99453125 0.571875 0.0109375 0.15
11 0.96640625 0.75078125 0.0671875 0.4984375
2 423.33221435546875 349.45306396484375 23.65008544921875 33.4959716796875
2 525.1906127929688 336.3617248535156 17.764892578125 31.03057861328125
2 605.6656494140625 299.3592529296875 22.8236083984375 30.7703857421875
7 600.613525390625 545.431884765625 27.279541015625 38.9296875
2 460.5572814941406 353.5855407714844 16.155029296875 30.7850341796875
2 552.5677490234375 348.25 16.243896484375 25.60205078125
2 490.24163818359375 347.51641845703125 15.40863037109375 28.729248046875
7 549.7431640625 490.12591552734375 14.46728515625 13.2117919921875
7 562.6151733398438 483.364990234375 16.36328125 13.64227294921875
6 470.5941162109375 491.20257568359375 22.544921875 18.4130859375
3 564.4518432617188 411.33624267578125 15.841796875 16.65362548828125
7 471.61883544921875 490.747314453125 21.97601318359375 19.386474609375
3 490.9417724609375 387.35595703125 11.532958984375 12.06658935546875
6 497.10345458984375 490.07342529296875 15.33233642578125 14.9149169921875
2 403.0007019042969 353.88958740234375 16.93109130859375 28.4837646484375