11 0.10625 0.23984375 0.2125 0.4796875
2 0.60322603571157 0.12145892700572607 0.10038179508134384 0.06620678298109554
2 0.4109375 0.13203125 0.121875 0.0796875
2 0.7636686320225781 0.1716094388113869 0.11761474687674198 0.07411927693097135
10 0.7787356167008758 0.3443475020431035 0.166697662371395 0.18533857806243947
10 0.576809502337691 0.28067484572183277 0.1430965359079618 0.15707722267624522
10 0.4125 0.28828125 0.125 0.1546875
9 0.4169481681269315 0.19615387909571175 0.06113748789975162 0.034729524004105096
9 0.6051566952542945 0.18474926736480574 0.047093168617910665 0.03777271077238851
9 0.7405856560266831 0.2324105834251926 0.04863748789975162 0.034656801131468115
11 0.428125 0.28203125 0.15625 0.3953125
11 0.39296875 0.23984375 0.0859375 0.4796875
11 0.609375 0.28125 0.265625 0.396875
11 0.765625 0.3046875 0.225 0.35
2 227.79254150390625 61.54429626464844 297.34820556640625 144.54539489746094
2 452.77490234375 88.03968048095703 521.4423828125 168.29803466796875
3 277.66351318359375 209.2534637451172 312.15570068359375 254.53916931152344
2 357.2823486328125 58.39495849609375 414.3690185546875 131.82949829101562
4 240.1900177001953 101.8630599975586 295.84783935546875 120.7171859741211
1 363.0140686035156 90.35543823242188 411.1698303222656 109.90631103515625
4 456.2122497558594 126.66183471679688 507.9985046386719 149.02786254882812
4 455.9349365234375 125.82952880859375 497.03155517578125 144.7052001953125
4 363.117431640625 89.24678039550781 412.5767822265625 110.18644714355469