11 0.084375 0.23984375 0.16875 0.4796875
10 0.084375 0.315625 0.16875 0.328125
8 0.084375 0.10390625 0.16875 0.2078125
2 0.31875 0.02890625 0.271875 0.0578125
9 0.3523090293602715 0.0865760360439071 0.11953179734245412 0.0685692813494538
10 0.34609375 0.26328125 0.3546875 0.3640625
11 0.50546875 0.23984375 0.6734375 0.4796875
11 0.084375 0.73984375 0.16875 0.5203125
2 139.25094604492188 0.0 133.76632690429688 74.87832641601562
4 199.97393798828125 9.813175201416016 68.6507568359375 33.350242614746094
4 208.0789794921875 10.340496063232422 60.83050537109375 25.063827514648438
3 381.910888671875 153.54647827148438 53.3272705078125 36.97894287109375