8 0.065625 0.321875 0.13125 0.315625
5 0.05390625 0.13828125 0.1078125 0.0859375
10 0.15 0.5390625 0.3 0.121875
11 0.15 0.33984375 0.3 0.5203125
11 0.15 0.8 0.3 0.4
10 0.18828125 0.90390625 0.2234375 0.1921875
13 0.8128245272915475 0.8620752147794093 0.13821016669318062 0.19610336123992686
9 0.8091642726368651 0.7738212358566481 0.03177725867281787 0.0454943071815924
2 0.8092193639799554 0.701950781036188 0.05234429734245429 0.06748748184962743
11 0.8234375 0.834375 0.1625 0.33125
2 499.18975830078125 430.2958984375 35.7806396484375 84.2196044921875
2 499.29852294921875 430.08795166015625 35.4886474609375 56.495849609375
1 502.9306335449219 462.9314880371094 24.609161376953125 23.74871826171875
3 487.8062744140625 571.1380615234375 28.2105712890625 44.405029296875
2 222.10076904296875 141.88522338867188 11.81304931640625 12.2159423828125
3 492.30657958984375 571.3125 25.39239501953125 38.7138671875