5 0.2359375 0.14765625 0.29375 0.2953125
11 0.29375 0.31484375 0.5875 0.6296875
10 0.22890625 0.45703125 0.4328125 0.3453125
8 0.23945546896381212 0.3927544053946336 0.19941925878059868 0.17105902936027154
11 0.8125 0.121875 0.246875 0.24375
11 0.88515625 0.3203125 0.2296875 0.453125
11 0.4864390323919204 0.9496873000874959 0.025372704722264317 0.06435340133672725
8 0.83515625 0.90859375 0.2921875 0.1828125
5 0.84453125 0.70546875 0.3109375 0.1515625
11 0.84453125 0.81484375 0.3109375 0.3703125
2 432.8053283691406 409.85009765625 637.3206787109375 640.0
5 64.58154296875 0.0 251.8204345703125 256.8078308105469