8 0.1109375 0.2015625 0.221875 0.403125
10 0.23125 0.35859375 0.4625 0.3421875
11 0.234375 0.26484375 0.46875 0.5296875
8 0.60625 0.44296875 0.275 0.1734375
5 0.634375 0.2 0.33125 0.1875
11 0.734375 0.30859375 0.53125 0.4421875
8 0.20703125 0.946875 0.3546875 0.10625
5 0.21484375 0.65625 0.4078125 0.253125
11 0.234375 0.76484375 0.46875 0.4703125
10 0.9 0.82578125 0.2 0.1953125
9 0.8142021440563155 0.7162132689359395 0.023728401336727246 0.025136355386194253
2 0.8566436353834976 0.6706507840612501 0.1412977093411815 0.05863063231716552
11 0.671875 0.63515625 0.3125 0.2109375
11 0.82734375 0.8171875 0.3453125 0.365625
2 511.76190185546875 410.68695068359375 80.6376953125 61.6109619140625
3 401.0328369140625 383.897216796875 34.429931640625 37.92755126953125
3 435.0027160644531 487.76641845703125 33.32757568359375 25.6676025390625
0 401.5601806640625 382.94580078125 34.54034423828125 39.015380859375
3 474.086669921875 396.53570556640625 29.54736328125 29.14447021484375
3 445.2828369140625 224.51254272460938 70.58642578125 71.7183837890625