5 0.12890625 0.03046875 0.2265625 0.0609375
11 0.16953125 0.31484375 0.3390625 0.6296875
10 0.17109375 0.48984375 0.3359375 0.2796875
8 0.17970724336070062 0.2988126663784156 0.24227035499341074 0.28421241529826113
10 0.146875 0.8875 0.215625 0.225
9 0.07673677946505411 0.7663546903825207 0.09419542759490121 0.07710792154477701
5 0.07265625 0.646875 0.1453125 0.034375
11 0.16953125 0.81484375 0.3390625 0.3703125
5 3.1829071044921875 405.16900634765625 108.57754516601562 507.85406494140625
4 13.056488037109375 422.17333984375 105.4002685546875 462.3031005859375
4 23.114837646484375 431.0357666015625 103.98123168945312 471.6837158203125
5 29.144927978515625 0.0 178.101806640625 156.0214080810547