8 0.28125 0.18515625 0.375 0.3703125
2 0.3 0.02421875 0.3375 0.0484375
10 0.234375 0.37265625 0.46875 0.2328125
11 0.234375 0.24453125 0.46875 0.4890625
2 0.48671875 0.27578125 0.0359375 0.0453125
2 0.9045123215213359 0.23046875 0.05028180113146803 0.0484375
2 0.8607486859827166 0.228125 0.03616475897699054 0.0390625
2 0.8168623305965224 0.2046875 0.05029998184962743 0.0515625
2 0.7147912913689108 0.2515625 0.03303066861791084 0.0375
2 0.6880288034691592 0.2171875 0.03616475897699054 0.0390625
2 0.6517918425003789 0.3 0.0361193071815924 0.03125
9 0.478125 0.31640625 0.01875 0.0234375
9 0.8116162943939729 0.24296875 0.014153403590796287 0.015625
9 0.871086743164309 0.259375 0.020439765027114733 0.021875
9 0.9032043515755653 0.27421875 0.023573855386194255 0.0234375
13 0.9511833093228917 0.3296875 0.09311471662612085 0.159375
13 0.8854901316297944 0.31796875 0.06635222872636959 0.125
13 0.8346907009116353 0.31484375 0.088309041958086 0.1390625
13 0.7577560170702181 0.38515625 0.044240879390299345 0.084375
13 0.7129566014773694 0.3390625 0.08374880698520074 0.1609375
13 0.6656048785065366 0.39140625 0.06335449375348397 0.146875
13 0.51171875 0.38984375 0.0859375 0.1609375
11 0.5359375 0.36640625 0.134375 0.2453125
11 0.6734375 0.384375 0.1 0.209375
11 0.71796875 0.33984375 0.1609375 0.2984375
11 0.753125 0.35859375 0.125 0.2609375
11 0.84453125 0.33203125 0.1515625 0.3140625
11 0.9 0.3453125 0.115625 0.2875
11 0.93828125 0.34375 0.1234375 0.290625
2 0.05634298711418467 0.859375 0.05026362041330892 0.0453125
2 0.46171875 0.81328125 0.0140625 0.0484375
2 0.43731118598271657 0.8109375 0.03616475897699054 0.0390625
2 0.3934248305965222 0.7875 0.05029998184962743 0.0515625
2 0.2913537913689108 0.834375 0.03303066861791084 0.0375
2 0.2645913034691592 0.8 0.03616475897699045 0.0390625
2 0.22835434250037895 0.8828125 0.0361193071815924 0.03125
9 0.053454336450254734 0.9 0.023573855386194276 0.0234375
9 0.3881787943939729 0.82578125 0.014153403590796287 0.015625
9 0.447649243164309 0.8421875 0.020439765027114733 0.021875
13 0.4484375 0.9 0.040625 0.125
13 0.4112532009116353 0.89765625 0.088309041958086 0.1390625
13 0.33359375 0.9625 0.0453125 0.075
13 0.2890625 0.9203125 0.084375 0.159375
13 0.24140625 0.95 0.0640625 0.1
13 0.08671875 0.94609375 0.0890625 0.1078125
11 0.10390625 0.91328125 0.1515625 0.1734375
11 0.25 0.93125 0.1 0.1375
11 0.29453125 0.88671875 0.1609375 0.2265625
11 0.3296875 0.90546875 0.125 0.1890625
11 0.40703125 0.87890625 0.1234375 0.2421875
11 0.44375 0.8921875 0.05 0.215625
13 0.6355896046988232 0.84296875 0.017323855386194253 0.0234375
11 0.6347629029034251 0.83515625 0.023710210772388506 0.046875
2 22.723217010498047 538.1610107421875 53.841007232666016 583.6878662109375
2 299.65911865234375 165.52041625976562 325.01116943359375 210.77838134765625
2 269.7872314453125 507.5402526855469 294.1771240234375 538.800537109375
2 426.0150146484375 127.85574340820312 455.27923583984375 169.27694702148438
2 155.05764770507812 500.3824462890625 183.170166015625 542.3856201171875
2 566.6068115234375 133.8876495361328 597.9246826171875 174.41664123535156
2 238.12600708007812 493.075439453125 268.6875305175781 533.0953369140625
2 509.49310302734375 119.63954162597656 539.9601440429688 160.2920684814453
2 540.7474365234375 135.1304931640625 564.1119384765625 164.13165283203125
4 24.923120498657227 560.2852783203125 50.250267028808594 571.1849365234375
2 516.9010009765625 99.04820251464844 532.9232177734375 120.54132080078125
2 244.67318725585938 468.66064453125 261.8570556640625 492.91632080078125
4 300.7733459472656 188.0009765625 322.8350524902344 198.1744384765625
4 158.1834716796875 519.134765625 181.5504150390625 529.468505859375
2 177.4840545654297 520.5146484375 200.46885681152344 546.965576171875
2 447.92144775390625 147.5255889892578 470.96954345703125 175.33961486816406
3 240.40045166015625 586.4261474609375 253.62371826171875 603.34228515625