2 0.3125 0.2125 0.0125 0.05
11 0.10703125 0.0625 0.1109375 0.125
8 0.6984375 0.43046875 0.603125 0.1390625
5 0.65546875 0.1890625 0.659375 0.309375
11 0.659375 0.25 0.68125 0.5
2 0.04453125 0.5484375 0.0890625 0.096875
2 0.12265625 0.5734375 0.0609375 0.0625
2 0.27578125 0.525 0.0859375 0.05
9 0.0609375 0.62265625 0.0484375 0.053125
9 0.14765625 0.6265625 0.021875 0.028125
9 0.3125 0.5640625 0.0125 0.03125
10 0.26953125 0.728125 0.0984375 0.278125
10 0.1625 0.7515625 0.1203125 0.2046875
10 0.08203125 0.8109375 0.1640625 0.34375
11 0.10390625 0.75 0.2078125 0.5
11 0.171875 0.765625 0.221875 0.46875
11 0.2546875 0.75 0.128125 0.5
11 0.4203125 0.75 0.203125 0.5
11 0.37109375 0.75 0.1046875 0.5
11 0.5875 0.75 0.328125 0.5
11 0.77265625 0.75 0.3578125 0.5
11 0.9 0.740625 0.2 0.48125
10 0.93125 0.621875 0.1375 0.24375
10 0.75546875 0.6234375 0.2265625 0.246875
10 0.56953125 0.59375 0.1796875 0.1875
10 0.38984375 0.64453125 0.1421875 0.2890625
10 0.3390625 0.70859375 0.040625 0.4171875
3 364.5283203125 392.78857421875 29.705322265625 44.868896484375
2 62.64926528930664 357.21710205078125 39.110652923583984 53.4246826171875
2 0.045970916748046875 327.331298828125 54.41679763793945 85.0943603515625
2 155.46945190429688 307.9725341796875 48.77008056640625 70.5692138671875
3 221.94058227539062 501.1460876464844 17.6634521484375 32.902130126953125
4 10.582378387451172 365.66204833984375 42.38090515136719 22.9188232421875
4 72.57611083984375 381.95501708984375 26.932907104492188 12.677001953125
4 170.51089477539062 329.3961181640625 32.661651611328125 22.4873046875
7 433.166748046875 611.9127197265625 40.467529296875 27.971435546875
2 0.0 374.02032470703125 14.041606903076172 49.9605712890625