8 0.45234375 0.030591307407678393 0.071875 0.04146134134309047
8 0.0609375 0.07134938335454448 0.0625 0.0554147533418178
8 0.46171875 0.17445039540895105 0.078125 0.06340906667727228
8 0.43203125 0.3491049500715876 0.0671875 0.06640679734245421
8 0.2609375 0.4080515940483614 0.0546875 0.05688634667409058
8 0.2546875 0.15954136871417965 0.06875 0.07111247867599957
8 0.146875 0.15281810669954393 0.0796875 0.08217724801081765
5 0.0125 0.128125 0.025 0.1
5 0.07265625 0.0109375 0.0703125 0.021875
5 0.15390625 0.056024922700498435 0.0828125 0.06346361067790855
5 0.259375 0.07053341271481597 0.0828125 0.06033861067790856
5 0.27265625 0.31053170404995223 0.0890625 0.09634883601209036
5 0.4421875 0.253910628739633 0.08125 0.0681329293443631
5 0.453125 0.08138164807445111 0.096875 0.08081474267981759
10 0.390625 0.10721689473263332 0.059375 0.1522533906747269
10 0.425 0.01171875 0.146875 0.0234375
10 0.2640625 0.028125 0.1375 0.05625
10 0.0578125 0.16975052068745358 0.10625 0.15279883068109026
10 0.03125 0.3703125 0.0625 0.259375
10 0.1296875 0.34453125 0.20625 0.3109375
10 0.28828125 0.24977601738540667 0.10625 0.12936133068109026
11 0.5765625 0.0453125 0.065625 0.090625
11 0.5765625 0.1546875 0.065625 0.309375
11 0.45234375 0.35703125 0.2421875 0.2859375
11 0.46328125 0.26484375 0.2703125 0.4703125
11 0.44609375 0.1265625 0.2234375 0.253125
11 0.43984375 0.0484375 0.2234375 0.096875
11 0.2609375 0.07421875 0.221875 0.1484375
11 0.26171875 0.21196693471513414 0.1953125 0.34133516669318065
11 0.23203125 0.37578125 0.2828125 0.2484375
11 0.0609375 0.28828125 0.121875 0.4234375
11 0.12578125 0.25546875 0.2453125 0.4890625
11 0.0671875 0.12890625 0.134375 0.2578125
11 0.07734375 0.059375 0.1546875 0.11875
8 0.26015625 0.7933827560868597 0.2078125 0.28523061736154426
5 0.32734375 0.565625 0.1796875 0.13125
11 0.24765625 0.75 0.4953125 0.5
10 0.82109375 0.8668208034293137 0.1734375 0.20983062802354446
2 0.79453125 0.7133867207590412 0.1390625 0.06411813868554468
9 0.7421875 0.7510588960852689 0.0375 0.03637385200509069
5 0.6390625 0.53046875 0.059375 0.0609375
11 0.7640625 0.83359375 0.309375 0.3328125
5 65.56136322021484 17.883209228515625 124.46207427978516 119.89616394042969
3 278.22308349609375 101.98928833007812 319.53558349609375 154.44754028320312
5 261.34942626953125 27.627880096435547 319.30255126953125 101.36857604980469
2 465.6748046875 440.9325866699219 551.2908935546875 494.4266662597656
3 0.008386611938476562 224.90487670898438 18.294952392578125 277.1188659667969
4 70.21665954589844 56.01515197753906 120.38174438476562 85.63385009765625
5 15.384071350097656 0.013263702392578125 72.93763732910156 63.3155632019043
5 302.4486389160156 0.575531005859375 388.0585632324219 136.3651123046875
5 258.697509765625 0.0 310.187744140625 29.243473052978516
4 18.65998649597168 8.717754364013672 64.69708251953125 34.86040115356445
2 466.39813232421875 442.7803955078125 514.5452270507812 493.71246337890625
4 467.1693420410156 464.6839599609375 504.9677429199219 480.9952392578125
2 387.5271301269531 330.04058837890625 427.1615905761719 371.28326416015625
4 270.62799072265625 60.05884552001953 319.01177978515625 103.65897369384766
4 139.51220703125 64.77366638183594 185.2772216796875 88.8450927734375