13 0.16875 0.31993875351604134 0.015625 0.028215903590796287
2 0.165625 0.29808193423420065 0.00625 0.009411361436318443
11 0.16796875 0.3347870486955812 0.0234375 0.08138635538619425
11 0.25078125 0.51171875 0.0453125 0.0359375
13 0.62109375 0.2659279643866258 0.0265625 0.039217036104353654
11 0.62265625 0.26513762402754626 0.03125 0.04705680718159222
5 0.2984375 0.65859375 0.1625 0.2328125
11 0.18984375 0.76640625 0.3796875 0.4671875
5 0.53359375 0.9743949702403583 0.009375 0.010992042154477844
11 0.5359375 0.984375 0.021875 0.03125
12 0.5140625 0.9890625 0.015625 0.021875
12 0.58828125 0.9859375 0.0140625 0.028125