8 0.16171875 0.40703125 0.3234375 0.3046875
5 0.146875 0.12578125 0.29375 0.2515625
11 0.259375 0.2796875 0.51875 0.559375
9 0.43359791458468566 0.855075781036188 0.09088063335454458 0.1567681504675381
13 0.27265625 0.90390625 0.3015625 0.1921875
2 0.4015625 0.69921875 0.234375 0.2796875
11 0.28671875 0.7796875 0.4640625 0.440625
13 0.759375 0.7796875 0.48125 0.440625
11 0.759375 0.7796875 0.48125 0.440625
2 179.8114776611328 360.5050048828125 333.30657958984375 601.8487548828125
3 155.96365356445312 163.82461547851562 209.50494384765625 224.6126708984375