13 0.24609375 0.3875 0.2453125 0.3625
11 0.2296875 0.284375 0.278125 0.56875
2 0.2515625 0.06328125 0.190625 0.1265625
9 0.2773635733609078 0.19293082592114014 0.10016472668681722 0.14901019262201592
13 0.0421875 0.87265625 0.084375 0.2546875
13 0.22725612738699752 0.8259286365205781 0.08166926535645339 0.17077610831306062
9 0.00859375 0.73046875 0.0171875 0.0453125
9 0.22206809337204367 0.7157951124182771 0.009665901336727067 0.025054542154477666
2 0.20294537603436202 0.6838729467272325 0.052362478675999566 0.06904998184962743
2 0.009375 0.6640625 0.01875 0.059375
11 0.0796875 0.784375 0.159375 0.43125
11 0.23046875 0.79140625 0.1515625 0.4171875
11 0.91875 0.784375 0.1625 0.43125
5 0.828125 0.58359375 0.11875 0.0296875
5 0.67109375 0.58515625 0.1078125 0.0328125
8 0.53359375 0.59296875 0.1203125 0.0484375
8 0.6752038260661788 0.6465148890546608 0.06980451734563572 0.09102497579950324
8 0.91328125 0.58671875 0.0734375 0.0359375
8 0.8754129114019513 0.6633200730924698 0.09518632535009033 0.12398292154477701
10 0.95078125 0.778125 0.0984375 0.39375
10 0.890625 0.8625 0.21875 0.275
10 0.73515625 0.83125 0.2109375 0.3375
10 0.54765625 0.784375 0.3578125 0.43125
2 106.45022583007812 0.0 216.71588134765625 151.91526794433594
3 470.34814453125 609.3787841796875 515.45703125 639.9945068359375
1 135.13681030273438 46.21992111206055 205.06146240234375 102.33052062988281
4 134.9223175048828 45.83191680908203 207.49327087402344 104.12007904052734