12 0.3239157856133742 0.21484375 0.1765999031980126 0.275
12 0.0328125 0.196875 0.065625 0.29375
10 0.86484375 0.2171875 0.2703125 0.365625
11 0.86484375 0.2 0.2703125 0.4
2 0.7109375 0.4421875 0.0375 0.084375
2 0.6719947373105765 0.4890625 0.058157933645025396 0.059375
2 0.5086362192583996 0.47578125 0.08485678903121965 0.0828125
2 0.4392549601832133 0.5015625 0.06132838544042354 0.0671875
2 0.283250399878363 0.54375 0.05978406615858276 0.0703125
2 0.20136914080317672 0.56953125 0.05188975292686626 0.05625
2 0.11635379136891078 0.59375 0.05188975292686626 0.05625
2 0.05378106849627384 0.58125 0.07078519867214013 0.08125
9 0.6660765354169824 0.54609375 0.020467036104353475 0.0265625
9 0.49104471916020376 0.540625 0.017360216822512698 0.0296875
9 0.44737198721238053 0.55390625 0.032994307181592394 0.03125
9 0.29054072511213214 0.58828125 0.0298602168225127 0.0296875
9 0.21024014675510508 0.6171875 0.031413626463433174 0.028125
9 0.10950434855050313 0.625 0.020457945745273865 0.025
9 0.07742764675510508 0.6171875 0.03303066861791084 0.0375
10 0.14913954117251907 0.7234375 0.06194652985783753 0.1734375
10 0.08846111640628815 0.76796875 0.12952491529826116 0.240625
10 0.22175033937712096 0.715625 0.10721357806243947 0.165625
10 0.3139514749157404 0.71796875 0.11680674668035032 0.203125
10 0.46535489363184707 0.690625 0.1278896924256241 0.228125
10 0.562207167734148 0.68671875 0.13906354176169416 0.26875
10 0.68359375 0.6640625 0.0921875 0.196875
11 0.665625 0.715625 0.128125 0.528125
11 0.559375 0.71171875 0.21875 0.5765625
11 0.46640625 0.73046875 0.2046875 0.5390625
11 0.32578125 0.75 0.1921875 0.5
11 0.22734375 0.76796875 0.1734375 0.4640625
11 0.14140625 0.78046875 0.1609375 0.4390625
11 0.1015625 0.76484375 0.203125 0.4703125
3 279.8536376953125 437.233642578125 27.317626953125 30.92962646484375
2 164.3983154296875 327.7618408203125 35.69677734375 56.2647705078125
2 304.856689453125 284.58099365234375 44.3427734375 75.8502197265625
2 265.68475341796875 306.469482421875 36.18798828125 55.7685546875
2 15.967451095581055 350.48223876953125 46.42605781555176 66.1026611328125
3 359.1484680175781 527.3404541015625 25.46295166015625 33.739501953125
2 110.96543884277344 351.1770935058594 36.41961669921875 50.00653076171875
2 411.931640625 304.7755126953125 35.36468505859375 54.37030029296875
3 221.70352172851562 519.1109619140625 20.37237548828125 22.298828125
4 167.87533569335938 353.9582824707031 28.52520751953125 13.7373046875
4 268.72100830078125 333.1783447265625 29.8717041015625 10.9462890625
2 57.77641677856445 364.6077880859375 32.809627532958984 51.521484375
3 103.78215026855469 512.30078125 21.638320922851562 25.510009765625
4 117.99407958984375 374.172119140625 27.567901611328125 11.3330078125
4 29.14300537109375 367.1048583984375 31.486915588378906 21.4202880859375
4 413.22265625 328.4292297363281 28.706298828125 12.38421630859375
4 28.746938705444336 368.2574462890625 30.957490921020508 27.449462890625
4 307.13604736328125 313.77886962890625 32.9267578125 20.7650146484375
7 437.44061279296875 588.4443359375 28.478759765625 43.0250244140625
7 168.1785125732422 624.3155517578125 31.707244873046875 15.559814453125