9 0.36328125 0.015625 0.0328125 0.03125
13 0.27265625 0.06171875 0.1890625 0.1234375
11 0.284375 0.17421875 0.28125 0.3484375
9 0.9 0.05859375 0.0875 0.1171875
13 0.8046875 0.31640625 0.390625 0.5046875
11 0.8046875 0.284375 0.390625 0.56875
2 0.5734375 0.6390625 0.071875 0.140625
13 0.4703125 0.85546875 0.19375 0.2890625
11 0.46640625 0.784375 0.2859375 0.43125
2 326.48736572265625 369.60906982421875 393.35089111328125 486.23284912109375
4 362.01812744140625 423.18267822265625 389.16290283203125 466.4832763671875