2 0.3609375 0.1125 0.021875 0.034375
2 0.4484375 0.078125 0.025 0.040625
2 0.31328125 0.31796875 0.0203125 0.0328125
2 0.2484375 0.328125 0.01875 0.021875
13 0.25390625 0.32578125 0.0390625 0.0265625
13 0.365625 0.1265625 0.0359375 0.059375
13 0.44296875 0.09453125 0.0578125 0.08125
13 0.4265625 0.00859375 0.046875 0.0171875
11 0.42109375 0.04765625 0.0703125 0.0953125
11 0.428125 0.11796875 0.0890625 0.128125
11 0.3609375 0.14765625 0.0609375 0.103125
11 0.31484375 0.3171875 0.0359375 0.04375
11 0.25390625 0.32578125 0.0421875 0.0265625
8 0.83515625 0.1203125 0.3296875 0.240625
10 0.74453125 0.25859375 0.5109375 0.1609375
11 0.74453125 0.16953125 0.5109375 0.3390625
5 0.0078125 0.75078125 0.0109375 0.0109375
11 0.009375 0.7671875 0.01875 0.046875
12 0.065625 0.7703125 0.0140625 0.0359375
11 0.7203125 0.66953125 0.409375 0.6609375