2 0.345435740728422 0.14765625 0.0787522347764936 0.1078125
2 0.1917476593463328 0.18515625 0.07087610226293624 0.096875
13 0.1328125 0.278125 0.134375 0.103125
13 0.34765625 0.275 0.1421875 0.109375
9 0.17892092730031361 0.26328125 0.03302157825883114 0.0359375
9 0.3287118490414825 0.22734375 0.02990566861791084 0.0375
11 0.321875 0.209375 0.225 0.240625
11 0.1203125 0.22890625 0.221875 0.2015625
13 0.09765625 0.40703125 0.1953125 0.1546875
11 0.1046875 0.66484375 0.209375 0.6703125
2 201.61769104003906 62.23823547363281 247.9573516845703 152.01571655273438