8 0.18125 0.00703125 0.053125 0.0140625
8 0.19448073214421502 0.11600314891541408 0.06439884328594588 0.058185204722264315
8 0.2578125 0.26640625 0.021875 0.0671875
8 0.015625 0.4578125 0.03125 0.059375
8 0.01875 0.209375 0.0375 0.071875
8 0.11118189793345543 0.2000786879466338 0.08173178903121965 0.08328519867214013
5 0.24765625 0.16953125 0.0421875 0.0953125
5 0.18007786455957647 0.04030825732667044 0.07220225292686636 0.05666815651766242
5 0.10080800019639176 0.10326732046019113 0.08475679508134401 0.06611587939029935
5 0.01875 0.1203125 0.0375 0.0625
5 0.01796875 0.36015625 0.0359375 0.0984375
10 0.0296875 0.05390625 0.059375 0.1078125
10 0.20015803952219907 0.2144042874790956 0.11183744554888228 0.15533291549465283
10 0.23203125 0.4265625 0.0734375 0.2875
10 0.13410981694414978 0.4218127873808998 0.22093168617910805 0.3762726502711464
10 0.01328125 0.3 0.0265625 0.13125
10 0.06953125 0.55078125 0.1390625 0.1359375
11 0.05390625 0.10078125 0.1078125 0.2015625
11 0.05 0.26171875 0.1 0.3453125
11 0.0953125 0.45859375 0.190625 0.3203125
11 0.1828125 0.52109375 0.171875 0.1953125
11 0.19921875 0.35625 0.1390625 0.471875
11 0.134375 0.33671875 0.26875 0.5640625
11 0.1921875 0.15390625 0.153125 0.3015625
11 0.1171875 0.028125 0.084375 0.05625
11 0.18125 0.08359375 0.175 0.1671875
5 0.9112076063681529 0.34681278738089977 0.011010222872636888 0.012563632513557365
11 0.9118843172387372 0.36477699220136 0.02528180113146803 0.048582945745273776
12 0.9352990913410384 0.3685468868151657 0.017414758976990186 0.03916249394987581
12 0.8548030702637994 0.37370254030776595 0.015843168617910665 0.03759090359079629
10 0.22587111182910197 0.8301343474893583 0.009484084308955332 0.018804542154477487
10 0.22505804557232328 0.8356076426688981 0.02060339149054773 0.05011817466803485
8 0.5046875 0.79765625 0.4375 0.3578125
11 0.634375 0.809375 0.73125 0.38125
2 45.52696228027344 65.89393615722656 49.854461669921875 81.30101013183594
2 0.10058403015136719 84.82560729980469 23.444561004638672 45.69244384765625
2 25.145891189575195 270.319580078125 63.63699150085449 79.562255859375
1 47.89780807495117 86.062255859375 46.64065933227539 29.92279052734375
1 53.0351676940918 89.23138427734375 37.888004302978516 21.470794677734375