8 0.8625 0.015625 0.071875 0.03125
13 0.8407447373105764 0.14548275516636142 0.17328400565734087 0.24318743949875793
11 0.81328125 0.23984375 0.3734375 0.4796875
9 0.07518843588452065 0.5895811713483854 0.014226126463433176 0.028206813231716588
2 0.09077252926866235 0.5826408249391815 0.026835210772388506 0.047029536104353654
13 0.04564638162979455 0.6144084545258727 0.07417381908544902 0.12698974687674217
11 0.05234375 0.69296875 0.1046875 0.2953125
13 0.52734375 0.70078125 0.1359375 0.3109375
9 0.56015625 0.4953125 0.0421875 0.03125
11 0.61171875 0.73984375 0.3046875 0.5203125
3 380.9383544921875 495.3617248535156 36.92755126953125 57.841033935546875
0 483.1090087890625 133.85458374023438 21.8115234375 33.6171875
2 526.95947265625 0.01349639892578125 49.71337890625 34.0593147277832
3 199.33871459960938 428.9365234375 49.3779296875 42.9351806640625