5 0.3046875 0.125 0.090625 0.09375
11 0.175 0.36640625 0.35 0.5859375
8 0.6760578014003605 0.3186115610904173 0.5700783320337257 0.2517373003459012
5 0.675 0.05234375 0.65 0.1046875
10 0.675 0.5375 0.65 0.24375
11 0.675 0.3296875 0.65 0.659375
2 0.058650483370452824 0.7035910699692118 0.044659066677272284 0.07837953005422929
2 0.2389117900620426 0.8861485190341354 0.02231135200509069 0.037627265027114734
2 0.346875 0.71796875 0.00625 0.0234375
2 0.10321064739813339 0.9072518802740621 0.01598862667090888 0.03134090359079629
10 0.09026575206872414 0.9362353983262389 0.01618862133990877 0.048528403590796285
10 0.24028393340226958 0.9369252238545955 0.038336341343090476 0.07209316861791101
10 0.03367885005567928 0.8404643560735654 0.06440904002227174 0.1644261143631848
11 0.09637939206713328 0.9244802868899203 0.03201361600890866 0.06580680718159257
11 0.23671875 0.93359375 0.0609375 0.1328125
11 0.3453125 0.840625 0.009375 0.2625
9 0.346875 0.7484375 0.00625 0.015625
9 0.23931177940004247 0.9205235190341353 0.009556813335454351 0.015679542154477845
9 0.05144705804422518 0.7559802717646098 0.020603401336727244 0.02511817466803503
11 0.04453125 0.83125 0.0890625 0.3375
2 20.525062561035156 423.0118713378906 55.72858428955078 487.8676452636719
2 143.28085327148438 556.593017578125 163.67727661132812 582.4052734375
3 36.75556182861328 581.8128662109375 60.483985900878906 615.1844482421875
4 27.634132385253906 462.4645080566406 47.59490966796875 482.8535461425781