9 0.259375 0.1814479043763631 0.0875 0.04894656010845857
2 0.2734375 0.08370984114464655 0.1765625 0.10258971057599683
13 0.0359375 0.3390625 0.071875 0.315625
13 0.23828125 0.34172687422393794 0.334375 0.30350783684303817
11 0.05703125 0.2921875 0.1140625 0.553125
11 0.21953125 0.28828125 0.4390625 0.5609375
11 0.37734375 0.284375 0.1234375 0.56875
2 0.99296875 0.09609375 0.0140625 0.0171875
11 0.9796875 0.1734375 0.040625 0.175
13 0.68203125 0.1811625998270494 0.034375 0.06426248789975161
13 0.5609375 0.29358585265571974 0.03125 0.0454943071815924
13 0.51484375 0.3086977682485685 0.0375 0.06896816861791084
13 0.5359375 0.3617000484009937 0.0390625 0.07053975897699054
2 0.5203125 0.2563222019917898 0.01875 0.02198408430895533
2 0.565625 0.2513710815784809 0.0203125 0.02511817466803503
2 0.6890625 0.12877794321119113 0.01875 0.023546584308955332
11 0.6796875 0.21086373536566877 0.05625 0.19563975292686636
11 0.55625 0.33111312373295865 0.0515625 0.18779998184962743
11 0.5328125 0.3929682291191529 0.0765625 0.1895079275949012
11 0.5078125 0.3431136748644267 0.0625 0.2019261143631848
11 0.08671875 0.8369313316766768 0.025 0.05795794574527378
13 0.08671875 0.8408375816766768 0.01875 0.03448408430895533
2 124.4850845336914 27.843978881835938 217.68563842773438 138.61578369140625
4 130.7703857421875 76.35441589355469 204.99514770507812 100.94181823730469
3 32.64191436767578 321.7200927734375 63.10163116455078 362.05908203125
2 0.0 45.89512634277344 15.786270141601562 116.97694396972656
7 569.124267578125 1.1809844970703125 622.390625 193.78440856933594