8 0.48359375 0.315625 0.1671875 0.346875
5 0.5078125 0.02734375 0.215625 0.0546875
11 0.6890625 0.24453125 0.578125 0.4890625
11 0.2 0.54609375 0.4 0.1140625
9 0.7395299554025877 0.67265625 0.09794769867918127 0.0921875
9 0.9274293973981333 0.63984375 0.12020450668363551 0.125
5 0.916209539385725 0.5484375 0.1036886213399086 0.0484375
5 0.7631845367202248 0.55703125 0.11331816000954512 0.0703125
10 0.86953125 0.8328125 0.2609375 0.334375
10 0.6578816080919504 0.83984375 0.2892283213717256 0.2828125
11 0.6171875 0.7453125 0.434375 0.509375
11 0.771875 0.75 0.45625 0.5
5 552.7294921875 324.791015625 84.5224609375 128.702880859375
4 448.4947509765625 373.06396484375 61.8145751953125 48.1182861328125
4 560.930908203125 376.92254638671875 72.298828125 44.92242431640625
3 566.4725341796875 501.45263671875 72.817138671875 67.4410400390625