5 0.95234375 0.22265625 0.0953125 0.2921875
11 0.834375 0.23125 0.33125 0.315625
9 0.3554751039545021 0.4545200366009121 0.08495680267345414 0.05098179201145392
9 0.634375 0.42109375 0.06875 0.0453125
9 0.05620180995386574 0.46268926197486476 0.09747498400699968 0.05268974267981754
2 0.33671875 0.403125 0.1734375 0.028125
13 0.59921875 0.5828125 0.1390625 0.3125
13 0.381836514600594 0.6057552725970942 0.33317831604072534 0.30383626137808883
13 0.12421875 0.64609375 0.2484375 0.3578125
11 0.5734375 0.69453125 0.190625 0.6109375
11 0.4125 0.69453125 0.49375 0.6109375
11 0.16953125 0.69453125 0.3390625 0.6109375
12 0.834375 0.69453125 0.33125 0.6109375
3 332.04620361328125 470.10028076171875 362.14312744140625 528.3381958007812
3 146.41519165039062 507.0594177246094 177.72592163085938 550.8153076171875
4 185.638916015625 255.5843505859375 256.72528076171875 279.29998779296875
4 0.708282470703125 251.09432983398438 71.79290771484375 277.2592468261719
4 194.1192626953125 253.32174682617188 258.66937255859375 274.6872863769531
2 0.0142059326171875 249.64939880371094 75.9241943359375 337.39501953125
2 176.79550170898438 251.01504516601562 264.7283020019531 312.3309020996094