12 0.03284469808240527 0.40546875 0.03177725867281787 0.0453125
13 0.65546875 0.11796875 0.1796875 0.2359375
11 0.6625 0.225 0.359375 0.45
2 0.35234375 0.71015625 0.0734375 0.1734375
11 0.26953125 0.80703125 0.2390625 0.3859375
9 0.37890625 0.86328125 0.0203125 0.0671875
2 0.6592526567472691 0.88125 0.015770450668363623 0.0125
9 0.6563003794159508 0.89609375 0.00948408800127254 0.009375
10 0.6572725334181779 0.9125 0.020712489337999785 0.034375
11 0.662804918085587 0.91796875 0.04474997334499946 0.0859375
3 553.2698974609375 418.9898681640625 39.335205078125 88.0267333984375