11 0.43515625 0.2359375 0.0671875 0.471875
13 0.309375 0.55625 0.109375 0.1125
11 0.31328125 0.69453125 0.1578125 0.3890625
12 0.62578125 0.9594270804983264 0.0296875 0.0439227168225127
9 0.7109375 0.7122662550681655 0.0453125 0.06901362041330898
2 0.7390625 0.5983673815315986 0.1203125 0.12101245764913067
13 0.74296875 0.8578125 0.2203125 0.284375
11 0.74296875 0.76953125 0.2484375 0.4609375
2 436.478271484375 352.991943359375 507.28466796875 464.2757568359375
6 182.2113037109375 508.5450439453125 209.71725463867188 559.89990234375
4 441.49310302734375 413.2930908203125 500.1806640625 441.0301513671875