11 0.053125 0.21171875 0.0875 0.4234375
2 0.2890625 0.19919252068445542 0.015625 0.015715903590796287
9 0.28984375 0.22185331586399518 0.009375 0.014117042154477843
13 0.29453125 0.2546930869412341 0.028125 0.05797612646343318
11 0.29375 0.25312604176169423 0.040625 0.12523634933607006
9 0.1578125 0.9799345023376912 0.025 0.018895445745273777
9 0.228125 0.9897185684962739 0.0203125 0.01886817466803521
2 0.25703125 0.9828125 0.0234375 0.034375
2 0.23046875 0.9553572040348932 0.0296875 0.0314227168225127
2 0.2171875 0.9953125 0.0375 0.009375
2 0.15703125 0.9432112071581512 0.0328125 0.03144089754067174
2 0.15 0.99375 0.034375 0.0125
2 0.1078125 0.98828125 0.034375 0.0234375
2 0.06640625 0.9708089663315335 0.0328125 0.034565897540672096
2 0.0484375 0.99453125 0.0375 0.0109375
2 0.0078125 0.98203125 0.015625 0.0359375
11 0.6859375 0.83984375 0.215625 0.3203125
13 0.628125 0.878125 0.0875 0.24375
9 0.6203125 0.68828125 0.034375 0.0171875
2 137.160400390625 601.4403076171875 157.2271728515625 636.4617919921875
2 30.57536506652832 611.1092529296875 54.067718505859375 639.8804931640625
2 90.52659606933594 594.14208984375 111.06587219238281 634.302001953125
3 464.21197509765625 614.653564453125 501.87603759765625 639.904541015625
7 25.244834899902344 197.60067749023438 65.77674865722656 270.98529052734375
2 302.3455810546875 619.9027099609375 332.771240234375 640.0
4 91.79576110839844 612.74365234375 109.69511413574219 623.91455078125