12 0.49283031109041725 0.40951464405631555 0.03466589149054773 0.05039998933799979
5 0.09921875 0.4921875 0.1046875 0.065625
8 0.225 0.484375 0.11875 0.05
8 0.12003368140553032 0.5689821927514052 0.06927724082661797 0.09142497867599957
10 0.04609375 0.84609375 0.0921875 0.3078125
10 0.11875 0.7953125 0.203125 0.409375
10 0.24140625 0.7296875 0.2359375 0.540625
10 0.159375 0.4765625 0.04375 0.034375
5 35.20806884765625 294.6012268066406 102.83847045898438 391.9043273925781
3 58.38299560546875 543.591064453125 130.0717315673828 623.6640625
3 56.37775802612305 560.0574951171875 101.24375915527344 621.6973876953125
1 49.31483840942383 326.4493408203125 99.33192443847656 354.25152587890625