11 0.41015625 0.06315036342295041 0.0453125 0.09583975867281791
2 0.39765625 0.01953125 0.0828125 0.0390625
13 0.49140625 0.246875 0.1765625 0.4
11 0.46875 0.28125 0.221875 0.5625
10 0.6515625 0.6484375 0.14375 0.203125
11 0.67890625 0.4703125 0.1984375 0.559375
11 0.4390625 0.875 0.28125 0.25
11 0.9578125 0.99296875 0.040625 0.0140625
2 226.29812622070312 0.0 297.5824279785156 70.3410415649414
4 240.4788055419922 8.531620025634766 278.68341064453125 43.87213897705078
1 240.0653533935547 9.858428955078125 276.61737060546875 44.453208923339844