12 0.8140625 0.1515625 0.175 0.303125
10 0.92109375 0.58203125 0.1578125 0.0734375
9 0.9508872090238727 0.5044808833973201 0.06916815651766228 0.07227497579950323
5 0.96328125 0.34921875 0.0734375 0.1015625
11 0.84609375 0.40078125 0.3078125 0.4359375
5 0.09013307884800632 0.740159308163551 0.1714851563212708 0.2025533491396784
11 0.15703125 0.81796875 0.3140625 0.3640625
8 0.53125 0.809375 0.125 0.38125
8 0.783200781036188 0.8345229074014252 0.2514362767345795 0.24832945745273882
8 0.953125 0.871875 0.09375 0.25625
6 526.70947265625 325.76812744140625 108.358154296875 74.7435302734375