11 0.5019857225780493 0.12265625 0.14509537314378348 0.23125
5 0.5381272347764936 0.0234375 0.029842036104353476 0.0265625
10 0.477394267855785 0.05859375 0.0880181504675381 0.0890625
10 0.175 0.865625 0.35 0.26875
11 0.175 0.68984375 0.35 0.6203125
9 0.21015625 0.65625 0.2796875 0.334375
10 0.44921875 0.415625 0.0671875 0.071875
11 0.44609375 0.4171875 0.0734375 0.075
11 0.43125 0.68984375 0.1625 0.6203125
11 0.5875 0.68984375 0.271875 0.6203125
11 0.69140625 0.64453125 0.2359375 0.5296875
11 0.815625 0.6 0.178125 0.440625
10 0.91328125 0.41796875 0.1140625 0.0765625
10 0.80234375 0.403125 0.0828125 0.046875
10 0.65625 0.44140625 0.11875 0.1234375
10 0.55 0.45703125 0.140625 0.1546875
10 0.3984375 0.496875 0.096875 0.234375
11 0.96953125 0.54296875 0.0609375 0.3265625
11 0.91875 0.57265625 0.1625 0.3859375
6 599.731201171875 454.86767578125 624.525390625 487.3095703125
7 528.0587158203125 476.39031982421875 574.3406982421875 531.8179321289062
3 320.844970703125 45.06744384765625 337.408447265625 63.866050720214844
2 570.109619140625 284.8128662109375 594.0869140625 314.361572265625
7 474.3119812011719 525.25390625 503.1253967285156 570.578857421875
3 470.12847900390625 318.8782958984375 487.10003662109375 335.9818115234375
6 528.078125 476.967041015625 574.7701416015625 532.3370971679688
6 450.8636474609375 525.1292114257812 481.1441650390625 564.4358520507812