2 0.0328125 0.00859375 0.01875 0.0171875
10 0.04905949673772394 0.031618338598048544 0.019368165340545217 0.053343176002545435
11 0.04140625 0.02734375 0.0359375 0.0546875
11 0.1 0.09453125 0.125 0.1890625
11 0.27890625 0.09453125 0.1484375 0.1890625
13 0.28046875 0.03828125 0.1265625 0.0765625
10 0.5159100947246792 0.4613336579408209 0.015897720003181702 0.02361931333545435
5 0.5133299873885884 0.44104842994113913 0.007921588001272717 0.009465906667727175
11 0.5166186193904974 0.4550745672740482 0.02699885200509069 0.03780908267027261
5 321.5997314453125 275.3509826660156 19.81610107421875 30.2042236328125
3 30.945568084716797 7.394073486328125 22.725341796875 29.159717559814453