2 0.64921875 0.3030825307416004 0.01875 0.015734084308955332
11 0.64375 0.38046875 0.04375 0.1765625
13 0.9515625 0.4341360462596944 0.028125 0.06422612646343318
2 0.95234375 0.38022525108015454 0.0171875 0.02353749394987581
11 0.9484375 0.41640625 0.040625 0.1046875
5 0.3578125 0.5252610160090733 0.0265625 0.023592036104353474
5 0.4 0.7023593263139236 0.040625 0.06586134933607006
5 0.16875 0.7638609494577071 0.0390625 0.026789758976990364
9 0.171875 0.7919677687395479 0.0203125 0.015743174668035032
10 0.15625 0.8569024223303441 0.0453125 0.10026362041330898
10 0.3609375 0.606492835290914 0.0515625 0.11592498184962743
10 0.41484375 0.7788354679026672 0.078125 0.17076701795398092
11 0.39453125 0.83359375 0.1296875 0.3328125
11 0.35078125 0.6690519226249316 0.096875 0.3146261022629364
11 0.16875 0.87265625 0.146875 0.2546875
12 0.684375 0.734375 0.45 0.53125
10 0.50625 0.9203125 0.09375 0.159375
9 0.49765625 0.7546875 0.0765625 0.153125
11 0.671875 0.734375 0.425 0.53125
2 218.0513916015625 331.081298828125 240.8751220703125 356.5557861328125
2 97.40695190429688 480.8753662109375 122.11994934082031 513.8961181640625
3 231.25286865234375 542.3350830078125 251.5447998046875 568.455810546875
5 97.29378509521484 480.89111328125 121.92816925048828 514.264892578125
3 134.2430419921875 539.0551147460938 150.9923095703125 557.2715454101562
5 168.82241821289062 336.85498046875 192.16336059570312 360.76849365234375
3 94.14524841308594 597.6839599609375 111.93272399902344 617.3929443359375
3 168.72470092773438 336.9197082519531 192.016357421875 360.7943420410156