9 0.6890625 0.01796875 0.153125 0.0359375
13 0.73984375 0.26953125 0.5203125 0.5390625
11 0.659375 0.26953125 0.68125 0.5390625
2 0.2546875 0.60078125 0.128125 0.1234375
13 0.265625 0.884375 0.10625 0.23125
13 0.13359375 0.76953125 0.2671875 0.4609375
9 0.0328125 0.55546875 0.065625 0.0328125
9 0.2875 0.765625 0.0625 0.109375
11 0.1640625 0.76953125 0.309375 0.4609375
11 0.159375 0.76953125 0.31875 0.4609375
13 0.5453125 0.87890625 0.271875 0.2421875
2 0.5042998853834977 0.801345966024817 0.11313744135899881 0.1903533746817267
11 0.58203125 0.840625 0.3796875 0.31875
3 10.002975463867188 463.3721923828125 64.33932495117188 554.8131103515625
2 297.09576416015625 457.73016357421875 351.62725830078125 569.2841186523438
1 151.69256591796875 413.9613037109375 205.69491577148438 474.102783203125
4 557.9788818359375 71.896728515625 640.0 121.52996826171875