12 0.0859375 0.01484375 0.034375 0.0296875
11 0.071875 0.209375 0.14375 0.41875
2 0.68125 0.18887685526736667 0.0046875 0.006304544000636269
13 0.6796875 0.20842628660091211 0.0109375 0.023564769334818082
11 0.678125 0.21625696793445756 0.021875 0.06275453866963616
10 0.74609375 0.65625 0.2921875 0.384375
9 0.7765625 0.465858073281366 0.109375 0.06689769334818116
2 0.75703125 0.434375 0.2109375 0.03125
11 0.8 0.709375 0.4 0.58125
11 0.9125 0.709375 0.175 0.58125
3 598.767822265625 424.3370361328125 40.99072265625 58.2501220703125
0 598.1923217773438 424.3937072753906 41.28125 54.42181396484375
3 0.0 87.67845153808594 17.00112533569336 69.54541015625