8 0.03125 0.040625 0.0625 0.08125
10 0.11640625 0.3125 0.2328125 0.453125
11 0.11875 0.26953125 0.2375 0.5390625
8 0.63984375 0.31875 0.3609375 0.240625
5 0.64296875 0.07734375 0.3671875 0.1546875
11 0.7296875 0.26953125 0.540625 0.5390625
8 0.20546875 0.63671875 0.4109375 0.1953125
10 0.2296875 0.83671875 0.459375 0.3265625
11 0.2296875 0.76953125 0.459375 0.4609375
2 0.7006198073679075 0.759375 0.289156690722452 0.4109375
11 0.6640625 0.7765625 0.409375 0.446875
4 408.52838134765625 564.4984741210938 53.3653564453125 71.392333984375